0.2764619237013106 0.28157823395840403
0.2582961715658138 0.2635811105622768
0.2760749709830387 0.28797248582552476
0.27897346094349684 0.2860549180573222
0.25345297000216244 0.26403788189193717
0.27142050999356926 0.2708460236540445
0.280273877838228 0.28870100569461665
0.26910904460398527 0.272162784145475
0.27626017617662885 0.28350153250929927
0.25634621066322566 0.26380684151927175
0.28716909903342386 0.2894977157036365
0.2881658896843767 0.2949517247030648
0.27364674311096476 0.2813532710223173
0.26302081470287614 0.27033066795522115
0.26646009622870187 0.2722339834199258
0.2895921408213062 0.2944046585095032
0.2811901580172375 0.28758554517049867
0.27859333182420676 0.2819660820715249
0.2670133262818978 0.26612639279216577
0.3025481205109549 0.30830788442550405
0.2854682674392994 0.29395656950674515
0.2816241416431385 0.28734876929490566
0.26566799024124105 0.2720021559284008
0.26661864444399924 0.27322414646739734
0.27848196587033164 0.28486104699037107
0.27071444696128394 0.280469459186638
0.27414203217822897 0.28261587084950074
0.2537829588016709 0.2636744399985379
0.2854464462835475 0.290825528959423
0.2786796089038729 0.2847925556526403
0.2791360455192436 0.2831440157864218
0.2884231980488872 0.2901709992156281
0.2753056813917686 0.2827393534284734
0.2873463478696006 0.2977783158231199
0.25554072593084354 0.2586415573055843
0.26679915820812045 0.27682253730519213
0.26507846907099625 0.26634144780371866
0.2897940518032315 0.29892336599122454
0.27580811748807976 0.28368503005332985
0.2571420610923237 0.2608264148091051
0.28731530534865 0.2933208996227964
0.26892216940097696 0.2757939670484815
0.2707078950860043 0.2767181768879616
0.2661127770843431 0.2752344747778713
0.2705914116915884 0.27540932482120156
0.2804732220798564 0.285965867734933
0.2645989252421951 0.2681325332847036
0.28587787006116405 0.2947950501753766
0.30379576819253173 0.31265369661709325
0.2773106042849268 0.28644030992852787
0.2842163727118559 0.28991259652721757
0.28201132792907346 0.28898299397381766
0.28381336342883196 0.2888315364261532
0.27524725017021234 0.28277268833699953
0.28725172613266997 0.289906326359265
0.2871299131073801 0.29274276248618936
0.29501007342044877 0.30610655645454754
0.2721245201948391 0.27376110154552347
0.2695716748796788 0.27799085560688447
0.28782096208312674 0.29015894780739665
0.2866636868748243 0.28955700656158945
0.2786468188617162 0.279912589164226
0.2839149490971024 0.292319213772998
0.2761508560301782 0.2822695410574983
0.2685047589789912 0.2807111675946456
0.27522720261625533 0.28604299059940175
0.2862643314481754 0.29478630560409763
0.2673379368159971 0.27217451571530993
0.26786177479328477 0.2772856147135266
0.26459793991004066 0.2741839161573118
0.2917390371929161 0.29932734578098785
0.26630079562564124 0.2655418548785335
0.2791158278097524 0.2842997462274245
0.2677575697241747 0.27751626765807463
0.2742978196038917 0.2799632364274964
0.26569133498421704 0.2780324810967509
0.26685554172939896 0.2728794471492079
0.25846570841907196 0.2667452045892378
0.2702339671152285 0.2757371792892844
0.27410858416626105 0.28169773248591645
0.29220018973753265 0.30271169162733863
0.2916092727366135 0.2950511779279082
0.2538534011587229 0.26500773818120477
0.2683202892804633 0.26863949311085183
0.2647747448393789 0.27111401073334923
0.2803044106098856 0.2886063247267264
0.27867532901536335 0.2885593026656052
0.2979054923113914 0.30707605472815847
0.2963056836823037 0.3003698701461048
0.2778473037291378 0.2877946489792209
0.2828357777793808 0.2887792960939126
0.2884583458857944 0.29771431591532843
0.28304830990243407 0.2872049075239972
0.28798147093789445 0.29161740764583505
0.2744077659085073 0.2825769908600509
0.2573255390094487 0.2629651369297993
0.2760012651412843 0.2845689757880197
0.2871732705749309 0.2975713619715842
0.27292165060092316 0.28088357639518696
0.29098942407954176 0.2992527651825393
0.2744179671087443 0.28079250946120377
0.2808967780153967 0.2831513907041808
0.2928417725167411 0.29652277067645577
0.2668554428570762 0.2710991440154212
0.26567582408042095 0.2731763909354685
0.2712813813030673 0.2797826735282708
0.28003707192651794 0.2850677327663871
0.2655876550189278 0.27301302994464816
0.2733120859101138 0.2812686504551088
0.27797268057255753 0.2813756596217217
0.2809625693648086 0.2905872539452263
0.2908832111248777 0.29728510575540296
0.2804058368889175 0.28075208842389676
0.28332258995716847 0.29452335636050736
0.28095087756732423 0.28952323932955865
0.2709679257870576 0.2768028235278415
0.29774940299040564 0.3041694021737973
0.2672296852568162 0.2757765621012764
0.2702491059981631 0.27498399522101347
0.2809655697071779 0.2888137442644649
0.27201066818828173 0.27985609888886004
0.28524982143354516 0.29470544030852236
0.2728656468283611 0.2808964376114706
0.2938115611428588 0.3067523703924329
0.27303005537715674 0.2761027880863747
0.25488922387306007 0.26743385926020286
0.27261037711506214 0.2803065185929877
0.28546351667438763 0.2953536625812413
0.27395499705919696 0.2845614208114775
0.2867999377224399 0.2930138324152029
0.2780973667895201 0.27847817621339116
0.2757125266682129 0.2800607140884683
0.2685827677804151 0.28140126248787123
0.26964302552025915 0.2748607632108897
0.2858093199115396 0.2942587560434994
0.2782228955534809 0.28610068375059283
0.2732779326611491 0.27556243020565646
0.27732797993697794 0.28396905693380564
0.28095838528381645 0.28937390153071957
0.2794641353983614 0.28931773261698507
0.27463319778727235 0.27684000075985954
0.2907548306309763 0.2998070201814744
0.28574262231718195 0.29548460186881315
0.2702263539125784 0.27394536743721315
0.29340232043882886 0.29952878265485494
0.277980615475139 0.28766499036382964
0.27600877094039006 0.28368897484836814
0.26772547393808344 0.27224367820667816
0.2773485379920373 0.2888172710733718
0.2865014081748551 0.2954747482192168
0.266593001765633 0.2747380766926963
0.2656438457174129 0.2770525548345272
0.2576683911568807 0.2620879161285087
0.2703771143374801 0.27501816320825007
0.27547458624193877 0.2886923217470793
0.27994002503017695 0.28752552832554523
0.28474753553059096 0.2947945492497972
0.26746614281986375 0.27915171949221285
0.29663953787607406 0.2990698686017266
0.28042141463444054 0.2880958211336094
0.2749073528691125 0.28220540024404045
0.2624563807014616 0.26887888057833986
0.2769433411141771 0.2834283607266824
0.27869808299465065 0.2871433386214899
0.2749835213439621 0.28237752572082425
0.2645258656101893 0.2746550569214711
0.2762059138673968 0.2819428003742543
0.27753544692101645 0.28179729452037483
0.27581592904501956 0.2828097904948798
0.2667860699122422 0.27872551328943684
0.2825492184250213 0.28777860786808046
0.28438866789766853 0.2905984778237114
0.27002113461769384 0.2749920757004655
0.2782810850256218 0.28175724887696296
0.2762975574293752 0.28035437927185813
0.2842437833055639 0.29127966995738325
0.27656760566905414 0.28039121009341794
0.26543229157873244 0.2716955671618789
0.2884499314014796 0.2965191905134302
0.28386305665956807 0.28815866232126186
0.2874039126544415 0.2929686597256072
0.27900303612964183 0.28440991219203854
0.2669518034298912 0.2748686602699564
0.2647073776360488 0.2757774655749978
0.26451839238318126 0.27163108577620226
0.2554997863224283 0.2611223315672808
0.280663071441137 0.28473513354389207
0.30441545247596946 0.3153369924513102
0.2736015644519966 0.2839398393537822
0.2675060955329871 0.27301025368874915
0.2837553707651944 0.2918257623998741
0.280907062432593 0.2885037011729495
0.2607383854631381 0.2683853342929445
0.27071234040755343 0.2772528303080273
0.27271918050635 0.27419884804700523
0.25365886501319757 0.2608653695625283
0.2662203238156693 0.276523683613534
0.29029789359322417 0.2978309928049429
0.2832353312350316 0.2931913694483095
0.2761050383006444 0.27669916126366256
0.2809000824890924 0.2881982516277041
0.2715805185229026 0.27934391719658364
0.28827872822646955 0.29196962512115754
0.2846749662349513 0.2970287603698895
0.26596377789560965 0.27224635735803293
0.28047569295194913 0.28621935734626003
0.2706140452828083 0.27543858337889104
0.28024752896495875 0.2872913468610103
0.2703702912863021 0.2757803030200075
0.2812997148423517 0.28983231239000745
0.284294650679805 0.29230181927304344
0.2830652522248029 0.2895257875378799
0.2855728268200339 0.29402999700142207
0.29565734025995305 0.2981839062456822
0.265103092616096 0.27504686793328176
0.2863791902206132 0.2949495767201659
0.28070594433757967 0.28836664509851645
0.26505293553219805 0.27548642425119874
0.2746091543099715 0.2854516355734491
0.261212647581633 0.2679873904267974
0.2885486871666758 0.28792415722586434
0.27137154954326576 0.2782837548135889
0.30844061841369297 0.31197907405457015
0.28094903799311294 0.28526223714188587
0.2916071303379361 0.2940007509747013
0.2598573525663792 0.25728831190666884
0.2894679410697712 0.29620797156203815
0.2772420373395365 0.283252242097891
0.27608180318625236 0.28487632177605476
0.28295760931499986 0.2882887267280894
0.2648929315485924 0.2684973060355989
0.28536436580781815 0.2939986397677165
0.2729182865952825 0.27570130513747443
0.27547159757733647 0.280684404042232
0.2925538594594992 0.3033680738158755
0.29037526156097965 0.2983691436140153
0.27844083460423863 0.28682283138836934
0.29195535499091824 0.2971966503694481
0.2812315449552336 0.27788659346841393
0.2898961299733912 0.2932901292507543
0.28179101404625606 0.290527983806574
0.2842928909441511 0.2921176528034497
0.27270268191783853 0.2822722338653635
0.2690821751626033 0.2747194568810528
0.26668575466136357 0.2706012795381538
0.27125561131492115 0.2760445136164034
0.2767156161168772 0.2803453150686341
0.26424457405600743 0.2728080111982667
0.2716417195045132 0.27792880540507564
0.256145368043367 0.26430979709596636
0.27677558277258874 0.27989530459394796
0.28048486487421836 0.2888307178568406
0.260719384271134 0.26515089685124776
0.2755254263966147 0.28180955816187814
0.27140128344308323 0.27848642067148954
0.2773071666827627 0.28583545804924737
0.24851765098547351 0.25493639545621083
0.2770562784725359 0.27904477608666806
0.2786299630610503 0.28753375198290543
0.2930971659879383 0.30340577998592144
0.2871781364548086 0.28974547300765396
0.2742691141295466 0.2777251185240168
0.27674183047729256 0.2824149262847501
0.29895660591014245 0.30691340832540076
0.28617885865158915 0.2969357861208154
0.2826047686970347 0.29293224618317654
0.2806772585515282 0.2892436137297461
0.29039718252072333 0.3019529320035587
0.2649853235799015 0.27093922962390143
0.27680965968719157 0.27728785240282333
0.2731070126681469 0.2773408882534495
0.29786088256204923 0.2998679892044158
0.28218595094087356 0.2900662255952427
0.26738182703255386 0.2735499259409473
0.26432560094549573 0.2650865171559065
0.3019936935446149 0.3108766293152289
0.27177135472544867 0.2782730518200351
0.2716022304657873 0.28379841776866993
0.300623551542847 0.30236258879864064
0.2821763681868018 0.2821623226801511
0.29569435891803575 0.30308909383061206
0.3075580105252783 0.309367637726327
0.27857579565015206 0.28528427088632724
0.2599374456948987 0.27124101950726776
0.28836576214226595 0.2974123508986024
0.2594955193414302 0.2617368727431787
0.2746780358018001 0.2820566897792206
0.2626244408850489 0.2682712908601414
0.2700926467858369 0.27722198512457563
0.27942870093577454 0.28718988353416036
0.2792739732208969 0.28261823370255595
0.27773029772250457 0.28908662882328756
0.28650942241620947 0.29563913056724767
0.27928308100429594 0.2887380215156646
0.2702374092697617 0.2774415930933786
0.2831981811251864 0.2938408971135059
0.2756784921199036 0.28301674725701165
0.2834577663685928 0.293800847267689
0.284662279436897 0.29136428662617
0.28025058354881277 0.28670552968256746
0.2869316668780252 0.2916110482823836
0.2812902893452744 0.2883485459657299
0.26518394883487695 0.27367198202402837
0.26231384553957265 0.2628147924878197
0.2764536395609961 0.279997147624514
0.29416958146161565 0.30250767426796615
0.2665090566914611 0.2709649844110864
0.28478432690120487 0.2934803673586277
0.2831325294200718 0.2925730140278844
0.27694346780701634 0.28345466757522503
0.26475478241815364 0.27093014785337266
0.24632430431633398 0.2548597741807563
0.26061041199717366 0.2653498696141624
0.30102713694396016 0.31110717136684046
0.2849813823359872 0.2832482513142727
0.2643388361076847 0.26387793198171305
0.27460714953929494 0.2885475751687245
0.26085445178590544 0.2627224752390654
0.27599165155078315 0.2848766372812281
0.2640243951959334 0.26635801551682237
0.2753815885169071 0.28441605714794893
0.28774506137016037 0.2937016576693533
0.28640939272581084 0.29134444019839
0.2651530141681831 0.2726637010149702
0.2603100092908253 0.27338324534722286
0.2794229079275218 0.28461737010637506
0.2681803792961968 0.2795567266188049
0.277371806715027 0.28420059072825554
0.2703772269922978 0.2726463470031194
0.2838153433155738 0.2878506586511926
0.2714486347523138 0.2819369896380332
0.2707224868342237 0.2827934841059147
0.2705351417800054 0.2747126695901411
0.2849008356398627 0.29191796103457984
0.2847210315238391 0.29327384629601855
0.25935746121658265 0.2674144943291286
0.28511786681369355 0.29302457057268105
0.28227906997255614 0.2875503026596863
0.2817768162819358 0.2946008920729262
0.2853110199578877 0.2902530743728506
0.2854604044315086 0.2958965835278718
0.2713719672073781 0.2755485338742669
0.2669850869735999 0.2697509902028766
0.2681962972333317 0.2792108963796167
0.2699242237568963 0.27819137461186566
0.29227647737324025 0.2892833853725382
0.2816635045759011 0.2909430201186016
0.2837919553820993 0.2947881685762284
0.27233717658026896 0.27604090408292825
0.2782738228168197 0.28223565276942897
0.27401355796357607 0.2793474824704819
0.29270118616253904 0.29895116741200845
0.2710007941332773 0.2809571841838965
0.26627120738604715 0.27570370031048586
0.26616388629324306 0.2788275140455218
0.27473076141817304 0.2769877650830416
0.2847427090912795 0.2923152472923862
0.2633111984812151 0.27216505947408726
0.25993457238313505 0.26331639207312213
0.27627508258846173 0.2800067476703547
0.26947353554370335 0.27826308882376427
0.27474124699732544 0.2765066880061721
0.2884445096427958 0.29539212933467285
0.26773666408547975 0.2713726781852442
0.28614206177967605 0.2906551754156114
0.27482521508296276 0.28282050044757207
0.2851584902367907 0.284637727045678
0.27245055123352785 0.27652295997497484
0.27997958535090184 0.2855373245089493
0.28769682747143027 0.29600269876184204
0.2755594827189746 0.2818659936192269
0.27684961609073866 0.2787494351091179
0.2882262471827262 0.29680337302601634
0.26975807911651406 0.2786522042615996
0.2717611442082557 0.278336147720125
0.2722615360345124 0.2800230788952148
0.2820330207843741 0.28748746525817526
0.2752665536007981 0.28006256091813114
0.26868206539284045 0.27835086704231404
0.2685280320396258 0.278789493129217
0.26520304291793895 0.2660293561089243
0.28157501762395976 0.2855096391001874
0.2649340740224926 0.27453070538946917
0.282286975121875 0.29262811914260234
0.27792862056929213 0.2840296457068314
0.2776439057044056 0.285599388722831
0.2595554358540498 0.2607440057790195
0.28683375906573605 0.29647384059788046
0.2742332256010017 0.2832779431602162
0.273896778261656 0.2771124171650307
0.28892752884670314 0.2949639193407325
0.2719837033992499 0.2833649890226116
0.2696343194421569 0.27294583502826575
0.27364318440952545 0.2796020399678812
0.2874290924721567 0.29558972270218914
0.28514573996990095 0.2907331228211911
0.27622706323024776 0.28223592874397296
0.2909299684550278 0.2996725119914646
0.26876427178224194 0.2795015721148456
0.2778070464891195 0.2909398337801157
