0.14416215226831144 0.15165622840795198
0.11964926500824456 0.12716891723536267
0.14526333214760823 0.1547999186175287
0.14498677762049259 0.1535828630429557
0.11777826988170323 0.12782542649649137
0.1483171364599114 0.14944017590867978
0.15181215811420232 0.1582377932006407
0.13532285278825884 0.1385515913229868
0.15304816461355028 0.1584378112510076
0.12351351223807554 0.12874112861109624
0.16399928009298903 0.167077228980796
0.1561390592012871 0.1637584971134074
0.13248501309807362 0.14141159106403012
0.15217672718715664 0.15916235743221396
0.12808530283342748 0.13543630453538014
0.15993214929039506 0.16699764940376077
0.16601325317970692 0.17102668461792195
0.14192805146201817 0.14755892985764457
0.14764625303186546 0.14963334853153284
0.19075541324708023 0.1972064552791491
0.15185404878430375 0.15785036327705076
0.16493529215971772 0.1702069306535091
0.12659734534179934 0.1353587174569281
0.1327648778331263 0.139020590070542
0.14223825262323292 0.14836932873680372
0.14260138796123825 0.15321181435755998
0.1429556455466511 0.14958221787407097
0.11934323580538285 0.12855974419529329
0.14539288693878347 0.1539219613132736
0.1498680842619309 0.15753021394627173
0.1367198968486075 0.14076227389323445
0.16348161113908752 0.16793704677832424
0.1373048545004668 0.1447301217941978
0.14922695217315457 0.15987343874300575
0.12312477033949494 0.12834879593848703
0.12690865515707941 0.13566279809383944
0.15188945635153142 0.15285768333175836
0.1585325522705607 0.16929157003632433
0.15942920489904888 0.16733087201659974
0.1317272075940383 0.13780000342068147
0.14977088405851155 0.15538427119739473
0.13290651468690243 0.14085811959632574
0.15647701722895624 0.16315439707589469
0.12473668615361634 0.13046632319359022
0.12800627021844818 0.1333503726864456
0.15769053845170072 0.16433815238248614
0.12692762813930014 0.13165459819689557
0.15871347769483335 0.16798003038803366
0.1865799497651577 0.1947225769076115
0.14197677043521517 0.1513475061888053
0.15586018191356674 0.1633685348555059
0.14336702742823532 0.14912847166583948
0.14652377027514563 0.15597964199740083
0.14188660160065453 0.15117414769924564
0.16106277060358515 0.16622380358920605
0.13399327771886713 0.14205773349731052
0.16369147931312417 0.1743608847466857
0.14539252927698218 0.14911116666483748
0.14107366733190882 0.14834863926489833
0.14670021927645335 0.1527753197803323
0.16262508908921008 0.16538663990659538
0.15402273399494604 0.15882831963624308
0.15196459647062965 0.16227812689782348
0.1473056440850817 0.15159622353423763
0.13125965196182118 0.14235670481913965
0.14739280833312637 0.15458753839953518
0.15425241450340585 0.16409452709570807
0.137762416771777 0.14206636922595398
0.14226455364109192 0.15028116787811682
0.13496037836301228 0.1434571097518826
0.16361136879749177 0.16851822640800335
0.12273356089377145 0.12628559969761755
0.15400947494075917 0.1570410941747483
0.1481677546624109 0.15751125392444362
0.1496151670721687 0.15583647590453067
0.1323818328507319 0.1425989364558099
0.150048908832679 0.15440946955613563
0.1179026499791294 0.12636811748924395
0.13562521094915214 0.14038997348620644
0.14952285992613762 0.15570381906565292
0.16268391552227246 0.1715346454022592
0.17475374972619243 0.18081091062633134
0.11725872082754105 0.1257309858394364
0.1552658436718481 0.1555811782545005
0.12680204935645992 0.13233096894397484
0.14534236644740037 0.15403869043036944
0.14503258670984964 0.15204050434569327
0.16832768863864278 0.17831421742694892
0.18024012412112772 0.18417648638802833
0.14304976506230563 0.15258560508171187
0.1644957635184533 0.17154856459269
0.15501960478816823 0.16458673694449363
0.14937752869192877 0.15311430445585528
0.16514394591239434 0.17057199837123385
0.1598074925083158 0.16643016742237773
0.12535441822241725 0.13115671811090976
0.14207253029129016 0.14985033980541046
0.1657717023192404 0.17479870894255425
0.1451950733515467 0.15400227963526203
0.1716640586580449 0.17820178155201172
0.14818646281720688 0.15595758618226765
0.1566380697273535 0.1621923419742082
0.1814924630685301 0.18704351371312686
0.12607824213708121 0.1306776577249869
0.13911456766853503 0.14459619900053128
0.13042347939330845 0.13961837634842386
0.16682959948459156 0.17206845474261787
0.12188802110198584 0.12879329042737914
0.14922053450016956 0.15535834326957806
0.15660865018305767 0.16064024356309914
0.1443223967242622 0.1555201524780812
0.16586838902457093 0.1716401971753272
0.13633832684205802 0.14047357599196655
0.1716186122572832 0.18079758682243177
0.14151969113846619 0.15069613399615472
0.13074859313358306 0.13586731277535813
0.16745413876985468 0.175772412395585
0.133568139959651 0.14354371542583763
0.1271279851762737 0.13532270445316874
0.14707019423036474 0.15419225071462905
0.13167863496694016 0.1402315690834168
0.170404972315661 0.17782798639343286
0.13838160234842464 0.1470987349434708
0.16675711952042585 0.17672969523703494
0.16828318497366043 0.17379969314864274
0.1216167746219764 0.1326828071913532
0.1383407620136733 0.14761412244111508
0.15733391319706294 0.16719827206789345
0.1399384182913647 0.14959588833790222
0.15484393100076158 0.16274418992996795
0.1466249504765999 0.15042265316503242
0.14326785414913304 0.14953096206959812
0.1362475258251448 0.14637591852126208
0.14746896108989835 0.15213992069001742
0.14305283256259815 0.1513129267788893
0.15358403410527172 0.16204191690895553
0.13517262180038697 0.14043002603635926
0.15753519440871738 0.16456367240328493
0.15440634146570573 0.16215899540879164
0.1584838052646568 0.16597063191031305
0.15104900747675304 0.15431728229222919
0.15816601929976193 0.16800568792482512
0.15950436097005033 0.1686704022949228
0.13813877061676452 0.1449093445016515
0.16921794738518212 0.17574008653366524
0.1519827228017465 0.16117363129127743
0.1272108801714815 0.13791499037356117
0.13464748608911994 0.1411994751161919
0.138507507377869 0.15028714402892296
0.15835619010599142 0.16646774673930612
0.12285073404920206 0.1311109375788347
0.13631092733614458 0.144563547342777
0.1205714177342014 0.12786139998160057
0.1432407359894907 0.14921904423133595
0.14805137816640626 0.1587253399744474
0.14293221352991592 0.15235082151342494
0.1668223540598082 0.17413482094845872
0.12560763270204034 0.13759938497166285
0.17584619262273737 0.1786798192403714
0.1472603231986415 0.156144397875057
0.14199363231184509 0.1501036865344175
0.12964618925942825 0.1336897035694432
0.16338743343448042 0.17078467746048528
0.1458253602510434 0.15441478589513247
0.1398188242346006 0.14856511670537098
0.14154772556487896 0.14865032032767808
0.1521960897572068 0.15796904737169165
0.14312960074231318 0.14936550648908822
0.14089880534747393 0.14936341238882836
0.13308991584003477 0.141211499279077
0.1503093636805613 0.15659706616083963
0.15472593159603776 0.16470686870259235
0.14384835257587544 0.15095407368131236
0.1556849265929894 0.1589387512901453
0.1465157643114119 0.15348743098724632
0.16651808115835318 0.1724161398191199
0.13780581670681702 0.14267893408758175
0.125763348517317 0.13421342440134842
0.16230708281570588 0.17217236256648893
0.17159493798469266 0.1764352036691599
0.15374036101686236 0.1601789104290654
0.15201089468806614 0.16022137481269522
0.1542274138109186 0.1582483899310522
0.12083469963633911 0.13109930150870863
0.13661204595462945 0.14010824078353165
0.1259131014438457 0.13061329573407465
0.1561852479971562 0.16274640128731663
0.19926186403857005 0.20622258188760706
0.14446184637794734 0.15357416469034577
0.12913198203985304 0.1344374115267466
0.15481428904999134 0.16451155179768154
0.16056041285146028 0.16756377430631925
0.12468039566110044 0.1322534784123983
0.13666080868568523 0.14418149640353994
0.15073539826024632 0.15476702397777925
0.11145839304467796 0.12083303732823986
0.14062145355973382 0.14856291291169224
0.15064518728468676 0.15933631951278435
0.1490222228344108 0.15633390248488457
0.1471089073211322 0.14978041847042217
0.17464634644358515 0.181415896543948
0.1459023498941225 0.15441892392482637
0.16026013011503776 0.16343121716178632
0.1587344165293423 0.16818994345913907
0.13475789570411448 0.1407748337214484
0.15406931039368807 0.16017378186848552
0.13249736353924993 0.13789653115583358
0.14822465786662967 0.15373213665797042
0.14615322313091933 0.15113514824431512
0.14251183037078574 0.15020467549085662
0.15422285327376067 0.1631114697841228
0.15202533428948398 0.15867982633575312
0.15241015076541717 0.16160132501082355
0.18166342361179688 0.18635532112416933
0.12757720751971158 0.13570784864125854
0.1545737311973247 0.16125466531298463
0.15899590450861606 0.166388006256587
0.13534965038446778 0.14307553276970697
0.1358237273038924 0.14546532116021157
0.12234780262935563 0.13065208953115892
0.16641608928728008 0.16797367577536956
0.15675776366649138 0.16348479071350838
0.1856332061181807 0.18997921102367396
0.15581971501819977 0.15930037371157163
0.15664374059765 0.1613414783583881
0.13440264847098732 0.13662157107817494
0.16268213399036427 0.17031183268012004
0.1563287256009063 0.16160391286716805
0.1412659042900845 0.1505208315526536
0.14619734833765596 0.15228000236669256
0.13591960759237576 0.1419698378954757
0.1512416622638267 0.1595964106761434
0.13376179786195427 0.14105307129475841
0.15282289760605375 0.15801849272078128
0.1696609096871388 0.17937770571929262
0.1705203623107735 0.17813415777118402
0.14972939687475406 0.159659799394203
0.1720497109526059 0.1761576159424804
0.16475934099943418 0.1636270223778035
0.16294484021935873 0.17048964347619233
0.14157810013365002 0.15116589996086213
0.1579243734208645 0.16703914289223934
0.14024741900887625 0.14944659596636603
0.1364461161186981 0.13996084631691977
0.12911177114503652 0.13244182061780185
0.1271463529005642 0.13323136319089784
0.15023244944718425 0.15598037408924348
0.12022867744304767 0.12950271689086065
0.15530373294305957 0.1604010140696952
0.11790054667280422 0.12689150284175343
0.15594767690362846 0.1585850623734874
0.14478219398039952 0.1547905053270161
0.1154903058315415 0.12166272109397061
0.1515050233179658 0.15896689539324685
0.13104264262003823 0.14037411981729842
0.1523755571874807 0.15807562881327414
0.11351551753327462 0.11806944462459305
0.1545060996032758 0.15681965554235386
0.14564442471370487 0.15549623550051264
0.17282319836898577 0.18098998574346092
0.1655251388715754 0.16980953703238005
0.14880640691087346 0.15538266607765738
0.14007439684426926 0.14784567313339034
0.17487631208503626 0.18198726659076506
0.15992398828789847 0.17038230183191713
0.15877992912665354 0.16809673554994894
0.15853445723082973 0.16650118443509793
0.15311640248548314 0.1637668706266919
0.14433723086163555 0.14957980085583725
0.15708956890929968 0.15952024051469968
0.12574307295389145 0.13324072769621145
0.17097388642289887 0.1746780051196078
0.16290095940791066 0.16983320614704334
0.14449055777783293 0.15180075635076365
0.14662870364691255 0.14886548519413453
0.17884321559193525 0.18813893744709667
0.16510253127533936 0.1697229064066555
0.15126027737547829 0.16162893123550698
0.18619563565567213 0.18721517725547512
0.1551685444902823 0.1570422540478201
0.17876280244747256 0.1860252151446821
0.19163650901151968 0.19707268466027633
0.1653950183191531 0.16827651820864864
0.1310567470402664 0.1405257617267802
0.16617773499495064 0.17572418063388368
0.12985013262053804 0.13433824688431284
0.1487687445339535 0.1561293476221949
0.1281121727646883 0.13304595742380113
0.12575725567220705 0.1332143685247999
0.14935808502811454 0.1536170651009092
0.14568757422875536 0.15295852735049328
0.15638734992944667 0.1655760122321358
0.15010573394328222 0.15936924914110406
0.15769819151957234 0.16471688276478474
0.13888800315021416 0.1468648054335856
0.14645091118802275 0.15432219772312974
0.1448701873804765 0.15418039900574698
0.16546935325152617 0.17348141146743237
0.16717847577527897 0.17141406380603308
0.14880584420442802 0.15634762788469028
0.15570905685876318 0.15960491164212165
0.15254555707264603 0.16085412301213148
0.1278446714732271 0.13662650054051373
0.12289679033415102 0.12833354308913916
0.1419277227720729 0.14617030764719185
0.1799967121892334 0.18775348708304843
0.12347724222240483 0.1305163842548991
0.1638444626521094 0.17027474988845911
0.15625187302481933 0.1641011224942452
0.1399529480805249 0.14867394011495388
0.13020586133489895 0.13607711162419558
0.11266960003641957 0.12056691147555125
0.13137887727956887 0.1360816361192325
0.17448074773188882 0.18395347940031323
0.15394066712601337 0.15775204374263138
0.1383269973085533 0.14020091629120002
0.15045458859101693 0.15962312359003328
0.14445701108075812 0.14932901866454384
0.14403348456584547 0.15225551240043794
0.12915937445202333 0.1340868089173681
0.15482198758743326 0.1646744518310793
0.1594693568646745 0.16891364983374066
0.15557663608323816 0.16058136322068273
0.14581931173506266 0.15319099465024977
0.13283105225881484 0.1408821918100022
0.14075044093102687 0.14829309570329574
0.14133402230868272 0.14905158178523073
0.14604758899090536 0.15278127605601816
0.15384270103083536 0.1562793137369905
0.16892802537654794 0.17182871938554242
0.14070803106850005 0.14997216876418987
0.15346878813663015 0.16020636296613477
0.14614078469784517 0.15166044040379084
0.153960079128499 0.1614465275560138
0.16339800553221684 0.17300013496836744
0.11986319788288437 0.12929729129222095
0.17318628452835283 0.17891762747741677
0.14805285116108174 0.156730127812814
0.14359216812469336 0.15370786625095886
0.16602538129370725 0.1689141206214624
0.161022714249512 0.16857306798885538
0.15304853638013413 0.1595648586319746
0.1414963886702421 0.14767718433682742
0.1399156576457726 0.14978399484960928
0.1366416659349749 0.14315240889688624
0.16648352718370313 0.16839970907159113
0.155247923222515 0.1640563760076105
0.1522910647687606 0.16178008153173187
0.13876671297385507 0.1429843255131565
0.14988365468894985 0.15512544060296635
0.13695545246084387 0.14312570632281027
0.16717371221995458 0.17533078039137506
0.13051324573755807 0.13844219640963995
0.1360879144651651 0.14266874945321892
0.1373170223802615 0.1490716224979791
0.13956438549093036 0.14632093942146396
0.16295230233572794 0.17099891389244928
0.12649592536711265 0.1338119596523827
0.125574477510095 0.13253939654860925
0.14610187301511682 0.1520499980152195
0.13559824189317984 0.14335298583700798
0.14635954237822255 0.15011944694516613
0.17645665695336238 0.18538999510006612
0.14409864715859796 0.14852242385794395
0.15411197559079037 0.15958216673228126
0.14404232887063032 0.15057109222803428
0.15115671285306073 0.1544102766948873
0.14096626089471098 0.14945183128701028
0.14474344957074425 0.1521831697310889
0.16446177505661203 0.17446701752585508
0.15044516374044892 0.1534199834687918
0.13711978180476928 0.1430520586835309
0.1634189338089564 0.17193360636133342
0.14599497848402096 0.15327015412874379
0.140357371831096 0.1453972045607185
0.14623797865325525 0.15407816751939943
0.15269923528085277 0.15812982633724
0.14118185258846475 0.1462243466985105
0.11964454388166 0.12701133540354267
0.14858356904104333 0.15659078685579125
0.13030185213186324 0.13637476691357261
0.14983766083853273 0.1525106152854109
0.1285458568524095 0.13630562693856252
0.17696792576225984 0.18491864433193206
0.14778656301157778 0.15428037309037207
0.1459824847456665 0.15526805251766332
0.13568430824997052 0.14115408737432544
0.16656756702677478 0.17668802264901362
0.13915951985286104 0.14795008947520583
0.14230595799966153 0.15009866342235703
0.14992559862422805 0.1564724200632304
0.15877197638980564 0.16949375906488925
0.14048879663833547 0.14558294337699393
0.14135814391155482 0.14775126065550773
0.17300657872758263 0.17861893688242372
0.16209943009851066 0.1679649709800009
0.13444276249646692 0.14199492896370342
0.1774208568813195 0.1849623646280057
0.13265240733970668 0.14472574054482826
0.1546744249252365 0.16467651322176965
