0.2223008277904156 0.2331444199375011
0.2382423015552905 0.25263859809430356
0.25459638736938 0.2585065387210287
0.2450873955684986 0.2535587359079392
0.22142433206115764 0.22919030123698006
0.2489971989131327 0.2543139785082369
0.2417234843411035 0.2578110097057537
0.2574992057805632 0.26678480647414976
0.24095671052414383 0.25162104165914956
0.253466187817221 0.25733050048906836
0.23810195723593547 0.24354215775586277
0.2388407272819778 0.2480092475340286
0.2435446268777168 0.2571744200953294
0.22935129250128564 0.2428855367788278
0.2280967255236881 0.23649583308034708
0.23885096136777564 0.2525478490987281
0.23616022864930933 0.24689943982765827
0.25219366218896594 0.25527474963090424
0.23886310639234087 0.24615352213754435
0.24959706596245673 0.25934441684346754
0.24158670604420754 0.2538193480646928
0.24656555806248445 0.25944976094409183
0.22876251255712654 0.24053156174032508
0.2523775005884256 0.26593584940830856
0.24628357394834524 0.255212623485894
0.2491917778787487 0.25963995149525615
0.23453432361478685 0.23871055565583588
0.24317224414854985 0.25377703180531513
0.2384002986094595 0.24633337557339463
0.26430724044318277 0.2731361447550405
0.2433798819602217 0.2537585377830447
0.24260929229706257 0.25332961111938307
0.23631982147590877 0.249266262876974
0.25388372186677993 0.2674316641722436
0.23808378873182662 0.24222148327093793
0.2541712938828479 0.2609032441900882
0.2410085246660698 0.2541965350970944
0.246993865661935 0.25015947039173947
0.24968014938494623 0.256232288664507
0.2549835403208098 0.2619360718733672
0.23346095754679413 0.24881885602638823
0.2565625631116841 0.27184052130216296
0.2603604429281441 0.26643772108506864
0.25708827310182747 0.2720994631111578
0.24021601816165117 0.25073191161115577
0.2615407193997812 0.26561858613992023
0.24051969533835676 0.2559182820031786
0.24116452349668946 0.24563529370388462
0.24285841973529476 0.24851468831692194
0.2335170215476869 0.24135236717646363
0.2346283206755017 0.2482159701369182
0.2715030526644061 0.2815520829172289
0.23813888028130922 0.2519661064714702
0.23233200914106406 0.2449894334726636
0.24110946628340252 0.25410377801674017
0.27806451005552674 0.2839333831224075
0.23312750248737474 0.2420189372519741
0.265196580500711 0.2685751095148716
0.2494033610783863 0.25939386506593837
0.25361195957924676 0.26269159731441455
0.24895628774552772 0.26209425780911894
0.2507198801401359 0.2572095655043706
0.2350765662391909 0.24910170299950327
0.24966670622799542 0.2617120458571476
0.25112879003582 0.2614565670003062
0.24813151384581816 0.2559958233841826
0.24745386942047556 0.2590569283128465
0.24199374261547563 0.2537397318809354
0.24109895652559077 0.24743582487018576
0.25641704600957893 0.26121775421150295
0.23861044493508482 0.2447802395359494
0.23979759035750592 0.2566560945818593
0.22798519719446722 0.23401986992830132
0.2455901211827736 0.2552380467445393
0.26322268866408804 0.2686379900701493
0.2367973078108554 0.24635729304634563
0.26859658108298995 0.2724745265757509
0.2389769367147815 0.24933098169527868
0.23741022573811066 0.24820073840540224
0.25684705773372 0.2658619387462906
0.26156913844414614 0.26985813632108485
0.24108802108604066 0.2510961556766901
0.2337819241501785 0.24443366521571783
0.23530500908823657 0.2467402919856456
0.24790509311783732 0.25837765697363996
0.23986754341756053 0.2536845401435813
0.2458427415908082 0.2538442885951337
0.2532823226884492 0.26380248805482276
0.27267289898722435 0.2807498611290397
0.24746311357707498 0.2549331014611874
0.2462535270139802 0.252237324455657
0.23691537910378363 0.24708569437279318
0.2524930189651384 0.26361717459721407
0.23662057716727486 0.2472792651312141
0.25427561965345125 0.26347804249287554
0.24377952946587478 0.2559073681761303
0.23537548024231664 0.24904180745300036
0.2560061526558546 0.26502928930718966
0.24284512919111056 0.2552356477754518
0.26675106574915597 0.2794805879449989
0.22760700162868538 0.23678505611179204
0.26122673924672674 0.2732002219949883
0.2310924606002088 0.24223722657086583
0.27309377836395615 0.2815895584303157
0.24759548949506924 0.25827122233388183
0.23203173746232666 0.24202474854162426
0.23386954159142234 0.2482443138668347
0.24964666047297304 0.2596225335176214
0.2428157515060711 0.2503373675499571
0.2393578701461633 0.24702443439700675
0.2708533460303534 0.278088996982673
0.22419097331452034 0.23273946903632498
0.2594934149242917 0.26607146777290314
0.2581539190668177 0.2630666453432325
0.24428458985027818 0.2560355959554721
0.24540190784995036 0.25453261675261696
0.23405327046667398 0.24081199644580395
0.23302515148484962 0.2436567515389794
0.24078637504530748 0.2491943301533001
0.25222363115475144 0.25993512333965507
0.2574516154306916 0.2675249937257533
0.2631986821263477 0.27256725647426333
0.25787666642308554 0.26781819522748374
0.24699175125943665 0.25703412708215917
0.24420046140567464 0.2548941275281207
0.23842232844450184 0.250961365676978
0.2448375816389082 0.2605303319734024
0.23460711195712322 0.2476607245492621
0.22756818095378364 0.23904915218340989
0.22918370513911665 0.24121289310324348
0.2597856645199373 0.2646812307049649
0.25821064714147124 0.27192826323895736
0.25100451656193795 0.2616443973252045
0.23330861219770507 0.24263055361241315
0.2457577483178597 0.2525761068117977
0.25396584941904715 0.27063562709425276
0.23003591381527752 0.2422580402802134
0.23717646200822476 0.24927032464428703
0.2536576955923996 0.2667178798079287
0.2428206198777797 0.25142116570152206
0.2614585501600772 0.2684266022658667
0.26443176105048927 0.2649406051940373
0.25768185911088465 0.26645036238742514
0.24844765818490705 0.259405836322817
0.22661997168711087 0.23828265996428274
0.23215735090023035 0.2428525330861195
0.2572049794076569 0.26292883392840566
0.2391143446751778 0.2525598348158266
0.24425041224788083 0.25402860665403243
0.24194007655788993 0.24911775409907516
0.2478547812579219 0.25592753818059105
0.23394897475652124 0.24318906201366275
0.27228091388601505 0.28087940111603155
0.24389866512262567 0.25076177921334525
0.2336817116161062 0.24216306213801658
0.23082958862343494 0.2401556422945567
0.23498602252203496 0.2453948203291548
0.2562329301011226 0.2613376589362698
0.24904034581488194 0.25414243135485687
0.23520880161431246 0.25081387719890913
0.2351758104360748 0.24730778929950328
0.2340540730426065 0.2491403075642055
0.23704756782757366 0.245482220455993
0.250177442491182 0.2564503837984849
0.24560029715409093 0.2556040599452859
0.23322522887065755 0.2530346815145114
0.25130980350811044 0.2565651638043836
0.2400153500707517 0.2429954161285882
0.2196069617540689 0.23090562153052782
0.23777914749707751 0.2516168821942053
0.22966429774512956 0.2399166996896788
0.25048483017474904 0.2629781106046542
0.2252711816354288 0.2339353181559087
0.23691569659878056 0.25053713932708055
0.2523620846917531 0.2600527463877974
0.2560702845716919 0.26722665101408766
0.23297893678467532 0.24684980522732802
0.25862990931073687 0.2705294451977872
0.26049210645736753 0.26822695227435545
0.25990454714823796 0.27135274896132067
0.26584619660587566 0.27526610030446425
0.2585552563962703 0.2699226943906447
0.2618034761244237 0.26758057439711147
0.23984579291807134 0.25073159501702297
0.2373953117724294 0.24890700737564786
0.24150539319611428 0.2496433144798114
0.26266209556914566 0.2746293143392403
0.2477697100523711 0.2598592445415923
0.24253865257752713 0.249068296830072
0.230317338406311 0.2412223351917918
0.24159365537669922 0.2546668627023814
0.24526026908223866 0.2555844611099082
0.2576360503678631 0.2632063362247248
0.23751427366742284 0.2472765909817849
0.260752555531408 0.273206280634338
0.23847445329297146 0.24484361671933022
0.2418435215141814 0.24877548114536566
0.23825786520073056 0.24572424168065674
0.2337573307664885 0.2449462376458018
0.25366264775925834 0.25997744783580085
0.2538738929662933 0.2664565454976767
0.24286222883974415 0.24780832916133205
0.24794843040210796 0.25306705199133467
0.2541063984474432 0.26498794957830046
0.2444505367858647 0.2553661277626333
0.2460380755777334 0.2503528928539437
0.24698922344074253 0.2588935301101272
0.2605015897559228 0.2716938382238696
0.24559378259008893 0.2554178969057383
0.23815301032387864 0.24519609357841343
0.2414166239020907 0.24958974581403073
0.24403572903630305 0.2595164020134611
0.2553459811773343 0.2646654581523517
0.236728402204791 0.24633043321048825
0.2224811171811304 0.23419720720061135
0.2444609369798833 0.24854388748376266
0.23686257822312082 0.2497178804319428
0.24133865851487318 0.24948676825333896
0.2441609228919826 0.2563167784930469
0.241770556040863 0.24974996198670335
0.2527890878242487 0.2580353219218074
0.24476538105883827 0.2532197551338318
0.23495327822317044 0.24454583724160045
0.2675256610367053 0.27900039733817295
0.233976766758614 0.24559851872911123
0.2303194258735578 0.24579770586208982
0.23387075123315934 0.24275307888955944
0.23583994748548856 0.2478540374252238
0.24002116256229672 0.25493185626919423
0.24464334840669502 0.2513398946976362
0.27065258999829367 0.2833732266658766
0.2374972127373699 0.24378618256323406
0.24835139542350193 0.25766229335324814
0.2325283927059775 0.24054952313474307
0.2346213080393267 0.24509265396791668
0.24619346965929523 0.25611853297158943
0.24069844894645542 0.24743873037397066
0.23741235840456013 0.2436266545837963
0.23596338353183324 0.24671560903498418
0.24018570962439414 0.2490011220152194
0.2354328566485981 0.24703982000742128
0.25738728494412416 0.26687222680681333
0.2466627851357458 0.25791908522143064
0.23499832828090136 0.24447700683771673
0.2566042605428574 0.271477534298053
0.2361054665594597 0.24798380485037796
0.22714671065032566 0.23984434121810444
0.25530089694163777 0.26005768697163933
0.2524859944961618 0.2633052075896175
0.24487789077566674 0.2538741452247241
0.23857583606127994 0.24668809220645782
0.2545913307188549 0.2638839314585162
0.25829080228550005 0.26552937310719726
0.2311826742261161 0.24652956431395645
0.24539298071272383 0.2576802056352636
0.2490921736553593 0.2608531246313245
0.2445933481147272 0.2554567870979764
0.2567965467034101 0.2650368125588279
0.24013039147187049 0.2485546648570777
0.24886124078966482 0.25943896572172204
0.23106868304122985 0.2444452676166109
0.23810135677452823 0.2464004032795484
0.22696976787110573 0.24025650168532467
0.24178496273425104 0.2514042998342351
0.2449879937736946 0.2551618697808341
0.246247123842226 0.2604354875009635
0.2510580511195975 0.2575229748965025
0.23559122169170055 0.24167399218828745
0.23828583325493455 0.2449923805774129
0.24062317818944837 0.2512144645305245
0.24235621168146843 0.25034299939829624
0.22896883370707552 0.2356053233055967
0.2485695888316393 0.2622258066589986
0.24236737200531167 0.25196851091613937
0.2423797782150213 0.2503164854255599
0.24517384494856023 0.2531493914389368
0.2526689500371656 0.2645801920236867
0.24960832428746854 0.2534414483660216
0.22958174833792835 0.24417148774411432
0.2355969898444773 0.2468635589719308
0.2500993258870962 0.2578817849659867
0.249752962786757 0.2632968480058796
0.2243893951704637 0.23530576996853986
0.23464636440475706 0.2441972936401393
0.2608433313757868 0.2741975580102181
0.2476312164708624 0.25749568181302246
0.22851763096667688 0.24138735468384692
0.2553714279537016 0.2653045428855935
0.24404501045924487 0.25722501934671654
0.23972195760380743 0.24604394768240692
0.23278754104377897 0.2436767344658375
0.2513190293804034 0.26247099450421507
0.24968626206948547 0.25559074113799524
0.2556075197377648 0.26691982238929146
0.24507668561684576 0.25876913882140357
0.24412771071887798 0.250551016470448
0.24548397076977285 0.2513044614463351
0.23736830710407214 0.24891351999416345
0.2440343749957501 0.2559933181856311
0.2302576661687973 0.24122099422463164
0.25885252961422167 0.26879554899237434
0.24486104653221102 0.2553957005776725
0.241006832232846 0.25192300670782064
0.23943110750982155 0.246953809146129
0.2487804098882995 0.2574392035277351
0.24778597101532154 0.2589499507866189
0.25055251912183857 0.26011791167746384
0.25896885540597336 0.26967865565678845
0.24016432880691813 0.2494683722802023
0.2498154582170052 0.2601893650197216
0.24492881129074642 0.25513659055054727
0.2515673099480034 0.26032644148888223
0.24398960382638496 0.2540663902591932
0.2559861573084087 0.26729267823848946
0.24468321593927655 0.2527818931401045
0.24970197409792064 0.26572317832656017
0.2582416169405789 0.2688647323797995
0.24936590880938334 0.25730865918698087
0.25517168979544286 0.26686138355249955
0.2653805548151363 0.270448722795514
0.25176534405582457 0.26650468655500953
0.22993658109974172 0.24446455944078593
0.2683211351659254 0.2781096559418125
0.23985807326527786 0.24967157868224993
0.24073694405637275 0.25163712825644585
0.23894459084341957 0.24455940831920922
0.24388294830709017 0.2537310130488137
0.2325885536813246 0.24132221614712257
0.2423933053563465 0.25128295602953526
0.2596527470096881 0.27295473136585485
0.23757138918012843 0.24865750010878715
0.2392783710447732 0.2519677719494484
0.24487601204129908 0.25962899354728713
0.23801004624975305 0.24807359679518853
0.23844934374021026 0.24924555875626586
0.2469915835196102 0.25659519667599245
0.23625980847322248 0.25185128410581736
0.27390572727584195 0.2875420410274272
0.23246384955011673 0.2388183986659323
0.2692268803962865 0.27495021807228104
0.24559004910456161 0.25882065363265155
0.2491553619796572 0.2545285693890901
0.2541384362180294 0.2634888085910439
0.2602373455966756 0.2676074912279094
0.2544006279468257 0.26338815760658424
0.24453105006108927 0.2577298776208852
0.2412753592951856 0.25458098702551973
0.2553069023986103 0.268626407921481
0.23684658580416595 0.2472652632346673
0.27727366358780936 0.2874416531971652
0.2558683268726838 0.2640945025072834
0.23785131631277306 0.24843345731090585
0.2432769783635898 0.25577155650383415
0.2609019698700456 0.27448068437992434
0.24980923022068063 0.2570225369802275
0.23742408807133422 0.2469690109547332
0.24582967769726316 0.2551317122305417
0.2531210792017553 0.2642472937530689
0.2354587070130154 0.2458492545104867
0.22699938184214535 0.23630856196529731
0.2455901648443035 0.25454146506975733
0.25479548054090245 0.2592691058850717
0.24278948641609413 0.2527394791487851
0.21650120871289227 0.22610750577311056
0.24972162524349575 0.26151549578148625
0.2492380529676604 0.2596868248276876
0.2296091204171561 0.24324438094551548
0.2500499901353227 0.25638285935960603
0.2491191565003095 0.2577219783689017
0.2329843421681485 0.24112549461825045
0.24686683862095984 0.2563126469869855
0.24902778788864902 0.25899926814100677
0.2306376595601858 0.23529699496338297
0.22725397493928365 0.2398908062319056
0.24102064099196413 0.25621347163460084
0.22266299687738947 0.23465560928103676
0.24194971868617898 0.2549374978259825
0.24419804170247744 0.24644470401701885
0.2633976138334372 0.2765905847936848
0.24933466254008682 0.26027713537179026
0.23123870586273956 0.24428775015383644
0.24281180524087204 0.2598928765916994
0.2557365088462715 0.2668900395300746
0.25357994795621025 0.26500101415062305
0.24691101739264618 0.2554270164723056
0.23626620065329157 0.2482783693891534
0.25772765132672176 0.2668701512482519
0.2365859634646453 0.253080706154031
0.24501055543152578 0.25612535397227426
0.2521564212720063 0.2681485255073051
0.24796967431875705 0.25285679000649597
0.24440389587087774 0.2570544436506038
0.2319358785142504 0.2388472282062229
0.24780146771092684 0.2502181726527809
0.24820537603542256 0.2572455224285613
0.2376004404350867 0.24651217396301886
0.2506773259313272 0.2659598187763422
0.24370826504194681 0.2541414964732656
0.24950494426929543 0.2589743278334567
0.25788644471310923 0.26569659001567436
