0.09377171418249614 0.09907465177629168
0.12104495919729395 0.12786789803096835
0.12183689342893014 0.12491637015750459
0.13154585456890433 0.1388894062467948
0.09136565063786392 0.09625035614932022
0.1204324445982756 0.12673030309359037
0.1239209493405542 0.13257000883729872
0.12680796366340086 0.132136127116174
0.10876692394435843 0.11700351725090395
0.13829182884612976 0.13827855643570783
0.12336265410952794 0.12620125085807604
0.10616881586667203 0.11195524307393442
0.1146113379824907 0.122286824187157
0.10414918283278923 0.11124055476920158
0.09579123844549163 0.10206379031901831
0.12273074544243315 0.13302338611688105
0.10853029062071207 0.11614753853968263
0.11736393684580385 0.12072484436302082
0.1007504102956414 0.10758084333006641
0.13480017025627697 0.139565313100916
0.10553057280617449 0.11279568780184036
0.1241240139231589 0.13291161497692958
0.10121228975238863 0.10680330202838832
0.14259828479344833 0.1518078831046392
0.10841581407419436 0.11428399395118755
0.13118981419721856 0.13659290675441987
0.10083838914516598 0.10438167517601833
0.12111451522003157 0.12755051712513532
0.11535378363522994 0.11869038645656761
0.15149382647685863 0.1586611051808386
0.11897813885346556 0.12405702140250209
0.1290693562814429 0.1340622737645934
0.10756563330105127 0.11736766051944263
0.12366132444800937 0.13236508726556015
0.12143439757315971 0.12366758833915725
0.12862306095553397 0.12976277854244675
0.12610918713645114 0.13587566216429542
0.12359026966941258 0.126927373519904
0.11966685877446741 0.1244083141384338
0.1404249412582519 0.15001289735450363
0.12062334576784003 0.12790170244587243
0.13231555283729557 0.14101974260208636
0.14078046542376613 0.14491325633138108
0.13254002468726273 0.14354894672495017
0.10418862038406486 0.11112756145194726
0.1400703534223965 0.14427263025581133
0.13964480316926015 0.1440539051713039
0.13226767476999396 0.13944466571338948
0.11833923796444812 0.12240458269734067
0.10339927582509356 0.10566252839372496
0.11974891618390252 0.1294716968760483
0.14830798883809715 0.1567833388952728
0.10486021579729694 0.1134117878918315
0.10295465339734362 0.10909128108852148
0.13271935656959946 0.14291348984155847
0.15985310938495736 0.16157564427188437
0.10849582026473893 0.11539137911738824
0.15278667638201435 0.15391574807453018
0.12469771466610396 0.1286584854788009
0.12007835926126767 0.12602820420624525
0.1235391888236453 0.13107409395167227
0.12794031255893853 0.1319682388818636
0.10644566960835553 0.11467682409148276
0.12538606899389348 0.1334917965654328
0.12539531440054733 0.13433398796830506
0.12779913983280652 0.132213669298857
0.12166402380576852 0.12432226786522733
0.12499079855091033 0.134376221916897
0.1192785048167639 0.12389864064782635
0.13286732044719085 0.1356107159480299
0.10675806118768812 0.10997549569679602
0.11382475607031069 0.12236563149282804
0.0988630644928431 0.10371583168249399
0.1117277904608761 0.11810903361999399
0.14155712884220045 0.14568881256175623
0.10032879330535531 0.10747044512592317
0.15129457606308416 0.15561959055484503
0.12624619431906584 0.13319494831495773
0.1031388261276266 0.10955319741486523
0.1335470447236173 0.13766817901629871
0.14031648535034746 0.14646459048616595
0.10401682473254904 0.10999092457131329
0.09915473371627251 0.10578556211617744
0.11499846551243173 0.12216515670564922
0.13077001541281602 0.13359145306741405
0.12447881797053399 0.13238872798950393
0.12373519857189509 0.12521506303149396
0.14136963061036967 0.1460061191342644
0.16140837162062024 0.16976364205023053
0.12208012797244693 0.12546654914822886
0.12973321875854493 0.1337987422675494
0.11530444951881295 0.12065725911202767
0.1378765382208295 0.14140825927883421
0.11050550574873397 0.11763594892040852
0.1302376584498804 0.1381351463277651
0.1286222643918842 0.1360458939001541
0.11023403243105781 0.1171486495162364
0.12470505375989047 0.13137933679300937
0.13117161314942238 0.1399698844203147
0.13387478388971136 0.14451015881124557
0.09760265530935494 0.1053732028412116
0.1468475278522374 0.1546754797711363
0.11232762676652362 0.11690464083770041
0.15358003066107567 0.15863816019047616
0.1262561574971795 0.1320064301900078
0.10832662070089394 0.11495687653421546
0.10773409311089528 0.1136282007983755
0.1322705386174717 0.13577323747575984
0.12817401320043081 0.13399340743114108
0.1161810121805783 0.11932782527118045
0.1527170630075541 0.15464614045479907
0.10388495206551221 0.10818175923929217
0.13616437172443926 0.1417540902636707
0.14943923331790426 0.15159136548706562
0.12924581542293578 0.13489278323003615
0.11638293302855678 0.12336980285697464
0.11468537480535687 0.11946983480739873
0.11307221627050933 0.11987568650283267
0.12037924643683236 0.12543772637271824
0.13889901838890273 0.14279529849982636
0.14422540726393931 0.14923514944219657
0.13467581352479108 0.1416597661779435
0.12780280545704625 0.13137109413421805
0.12140589094724609 0.12737282855161974
0.1245596757180329 0.13004815992992913
0.11884917103990683 0.12606873274928537
0.14358741012822304 0.15090730432274546
0.10808725590459334 0.11585026657387706
0.10143410407139705 0.10776097827814049
0.10962717492638752 0.11516166665662901
0.13444953416920183 0.1369130551591677
0.15614665432400598 0.16416594523104547
0.1372921025389012 0.14625983494870454
0.1067217031691492 0.11117611910553378
0.1307602674711019 0.13520072830820778
0.13488867475590244 0.1456238469808593
0.10567184995901427 0.11179752486308189
0.12163572849710366 0.12724155954988767
0.13399909487401823 0.14165160715024183
0.11639259536386792 0.1227826070878683
0.1409438657746587 0.14308474453813091
0.14106421680574036 0.14089751522170546
0.16582521757804197 0.17130317682973073
0.13082329687567976 0.1371048371764661
0.09943476201242203 0.10552800319964284
0.09793268802523021 0.10453023972960303
0.13580626678904573 0.13817176956447197
0.103508026621885 0.111820728164339
0.11644741084664363 0.1243754057055934
0.10918634199784998 0.11476422734479214
0.12379880078997287 0.12762611154263737
0.11540799580379105 0.12113527976031267
0.15035198293437416 0.15686710652434266
0.11859551876647055 0.1232577823414
0.10489564037098151 0.10977587637863483
0.10231165367709548 0.10782362335230722
0.12166612668934547 0.12636953073255935
0.12608142767775496 0.13032096866733964
0.1372251133209673 0.13970024878083767
0.10440691848357048 0.11133131044077657
0.09939788715377558 0.10614679715925736
0.1253564351501076 0.13413387950942693
0.11214553933645242 0.1181707572778809
0.13391817661982605 0.1360422326517812
0.13561599131128535 0.14213263969437614
0.11019523206133822 0.1213882900904944
0.12951325402038952 0.1324941680476757
0.11806778651216543 0.12054965418210144
0.09746626520375185 0.10358035975603727
0.12070425237349128 0.13089187600160376
0.10990597351279285 0.11404252137977659
0.13054814546126878 0.1370946861566269
0.1064315130878269 0.11018159290544205
0.11418413982991049 0.12279758141309842
0.1350500568709762 0.13490599957674423
0.12618595670042265 0.13159511730925838
0.11438121966865748 0.12200777845930319
0.13777621096930864 0.14325174936532079
0.13730705949128563 0.13994856122352803
0.14635335526609403 0.15013446010048673
0.15779122102328424 0.1646238454826657
0.14377942020697676 0.14927236181637815
0.1510751220372223 0.15294929576825714
0.11391293442168574 0.12048306620097761
0.1161139649864752 0.12151367909330094
0.12449585758561209 0.12626193181868994
0.13402598683158734 0.1412665574712744
0.13541715990408804 0.14325774352635304
0.11551423833349724 0.12204186193315136
0.10624679730453865 0.113064693237349
0.11233976058314518 0.12023419333063409
0.12203464967163904 0.12524244086065622
0.14452706648480007 0.14642082080046626
0.11868970217646095 0.12448679226212157
0.1380351490251023 0.14494473049484696
0.11104072823951085 0.11538698441578915
0.12749483593510647 0.1303406027549251
0.11766248358414108 0.12658242809797612
0.10670981670410862 0.11379775925274858
0.1340263772106659 0.1380364828153734
0.13773954382847095 0.14155405937343332
0.12188585374835088 0.12168257993630725
0.12918640149448601 0.12870897007055035
0.13425619061957855 0.14324808730197314
0.12414142782147448 0.13237128538446494
0.12359481275508866 0.12606439974739142
0.1353739098638031 0.14160976138233256
0.14472419780115053 0.15145037436083364
0.1293559915757707 0.13394920602888163
0.11927888529871711 0.12570905676643407
0.12149683204903092 0.1287881367478891
0.1234170295855806 0.1270884073784879
0.13204048060602858 0.13756419921865826
0.11541795370722338 0.1197180764498436
0.09702021311345808 0.10231716499396364
0.10923828933809887 0.11152832186234003
0.11250596007459776 0.11943890847181601
0.11661401371720777 0.12067091926321998
0.11589039272215414 0.12251043599523853
0.11383542666892567 0.11724217192614726
0.12448052343137894 0.12919718136357028
0.11796940204452362 0.12566074885980738
0.10504851614045817 0.11252212531340458
0.13821536775930557 0.1451299420787615
0.11423346260938393 0.12134639541380295
0.11219881474435378 0.11944611310360345
0.11140431600078425 0.11750962478407882
0.10227067645876105 0.10939591617391244
0.10297584899335688 0.11266878629501743
0.11343959632562695 0.11681594092741844
0.16453348574071258 0.16880603255884835
0.11878315875707253 0.12318753746757595
0.11588336450591409 0.12186223236579444
0.11513285076593602 0.12004894959364476
0.11525158127616557 0.11995334333621535
0.1343220770832484 0.14028114898512797
0.11424814801689984 0.11855087284080203
0.11295168809275563 0.11696942396888886
0.10250455394324287 0.10493788559751087
0.11633091180767863 0.12137068127083726
0.1108137519391554 0.11818276445906958
0.1545711907607593 0.16289812923179817
0.1116515315365009 0.11858185010416007
0.10264180044067736 0.10726641908038062
0.1378786237695604 0.14701413794950305
0.1185176842435916 0.12533042710924067
0.09746743674072839 0.10510933894739188
0.1350784891441541 0.13778006536682225
0.1415825509232796 0.14611686778657165
0.12088686351059483 0.12397708124664297
0.11699582347295577 0.12152131227920676
0.13003797111410634 0.13747907725965955
0.155824696249928 0.15762988023512017
0.10151930844743486 0.11001862974623672
0.12402122119626596 0.12872737937309386
0.12760106684254846 0.13508170752613774
0.10809826141629882 0.11403888020889309
0.13075151366761484 0.13442680839865254
0.11138774919854529 0.11801988630077945
0.11753449260821101 0.12359781034409648
0.1274504207170927 0.13525254483549104
0.11115961963048553 0.11822310757374903
0.10672911783420373 0.11594083719492024
0.11947703206097644 0.12494095010544307
0.119454637280788 0.12625858708052193
0.12367716616035385 0.13043748228755653
0.11387892923282575 0.11806501185078369
0.10310918226085387 0.10941979995822367
0.11502432860516393 0.12045238039076718
0.10891640422619764 0.11544258168103147
0.11524598565225275 0.11902354607623221
0.11666458166992325 0.11837209344977957
0.13455720822622627 0.1437691188469883
0.13658485191043454 0.13769429449197473
0.11025159247883254 0.11360478950446225
0.12291281799190207 0.12829440687758611
0.13030082030669277 0.1384092732110837
0.12694137185796056 0.13186480335100934
0.10547583256890661 0.11425157944938766
0.110957547383327 0.1157986954965003
0.1321796765073036 0.13760925897640672
0.11905198164192923 0.12826259815980673
0.09135542895161942 0.09810076550570726
0.11221215005035734 0.12046487814660839
0.1363821874213365 0.14635638536532525
0.12275571101403492 0.12717700048601074
0.10110871708561553 0.10814357366364497
0.11608124126614969 0.12212724156615692
0.11412516995762274 0.1202424687706443
0.10679100842933312 0.11345898340274876
0.12238279776551676 0.12889896247231933
0.1447891034047362 0.1526014219208295
0.1345533623023326 0.13658337693158704
0.1277711422813494 0.13245784838991015
0.13074174206427505 0.13969364472465884
0.11170743543422129 0.11758060325398287
0.12227238507486753 0.1265803050350039
0.1074854827237658 0.11597658895597326
0.1191825008814917 0.12419681976773779
0.09615885549024639 0.10288632536289602
0.14987813459320587 0.15115913081277324
0.13264408476235928 0.13812923455943696
0.11013752420007407 0.1144975911940598
0.10628776481935549 0.11199098601142679
0.12315946234642908 0.12871040429323605
0.12045349680648565 0.12654531343419811
0.13057787767144718 0.13948646435139367
0.15160153386817085 0.15496096824336542
0.13517521297701052 0.13934358207078804
0.13272192599412394 0.13768465874464375
0.12512642281044747 0.13213905934067877
0.14847893901238288 0.1566228352783156
0.13061008401264038 0.13516356727587886
0.13172312999707647 0.1389638820923184
0.12470917531600631 0.13019437147624
0.11587542095018762 0.12297762631070108
0.1366177267928381 0.14709136613361135
0.12677864958732254 0.12818011355049982
0.14575525401699266 0.15304949418490893
0.15344893458309736 0.1573263991281829
0.14297952934552816 0.15373171116509207
0.10798662099478476 0.11840077791076205
0.17158101295907055 0.17767830286680839
0.10240384062123677 0.1099764520527117
0.13162773919027004 0.14005431677269284
0.11191451183895933 0.11484299222887233
0.12524298391415606 0.13224823152163093
0.0961758463227585 0.102255560601971
0.13764049291544964 0.14577831637485117
0.1394709897504918 0.14651149757083634
0.11670599338690928 0.11942428769396285
0.10599041950307811 0.1149311899390234
0.12470441327715263 0.1326025342098263
0.1009940402206898 0.10691454793539114
0.11094275517594063 0.11645546996718115
0.1156700509107761 0.11988477451134998
0.11277427826559616 0.12163300172993116
0.15579560215508623 0.16317351191038862
0.10358240005019788 0.10649155457144682
0.1507818823341772 0.1518202365588528
0.11240518424192626 0.12282189646815922
0.1260428025697614 0.13125558988448238
0.12681249059273 0.13390891136593322
0.12755350403223412 0.13358153156126581
0.12639863203912696 0.13366472583799793
0.14061826651915801 0.1471491475348216
0.11557605835703719 0.12777462536727432
0.1414357499582292 0.14690039949943481
0.10966261060276045 0.1142321596757464
0.15364749061125157 0.15772145708088636
0.14685864999184123 0.15086225324565228
0.09974149115763285 0.10761110564780234
0.12340034752546392 0.13083407249920737
0.13712844805402738 0.14503350432993273
0.13341133908358954 0.13555274401339124
0.12497245866982426 0.13056054795967756
0.11951387978832015 0.12538002646382415
0.13050322709539938 0.14010874683001662
0.10316569172996108 0.11168064095267342
0.10119705275392396 0.10857221009402826
0.12056337427775109 0.12534932169059745
0.1275784246626079 0.1294625189527646
0.12200783638221369 0.12780800745552212
0.09026288971197181 0.09536366113603427
0.12260728145630502 0.13077513614324413
0.12812595892941142 0.13399797597239743
0.11278684872963383 0.11922767855140566
0.13703125675524264 0.13841650775068745
0.13720716705309713 0.14024418553120066
0.09986330614249504 0.10210418371007547
0.13177628553566081 0.13851668767137926
0.12171162546421675 0.12939840058400517
0.09395380106908623 0.09560205338110056
0.09341492804830034 0.1023642629271618
0.1029275392490803 0.11280594246943418
0.10220857373536532 0.10814206369180811
0.11974714501176024 0.12707840608708162
0.12026688253329552 0.11941195320943614
0.14330808898012568 0.1486068978580699
0.13337607399703624 0.14006326072244207
0.10493440536383028 0.11223828727436742
0.11757227671028472 0.12575071598844526
0.1383419391217991 0.14280664310579544
0.1464526115346068 0.15207267513490375
0.1341179817762201 0.13887289839062053
0.10199948493556618 0.10770222039237984
0.1281415705597212 0.13469411207880327
0.10872267690601249 0.11900661401133107
0.13315077509257928 0.1397695238669101
0.13270436038344896 0.14379368061363312
0.11704922891541604 0.1201550124495541
0.14204482767424387 0.14799056732186608
0.11632756855413598 0.12390604881565277
0.11822653506968724 0.11855914369858185
0.13435665187152407 0.14019473826254478
0.10727957467150605 0.11229608135634626
0.12183030166609603 0.13227485078877163
0.112749053995752 0.12109164599492081
0.12650196320145687 0.13224554079614054
0.12798703887043442 0.1304293765309347
