0.23861282536896877 0.28401990938089483
0.22160246100244965 0.268396597635974
0.24227248582420596 0.2894815422417947
0.23359671984816094 0.27738010070928965
0.24055571315336408 0.28256123068219097
0.2323735508975675 0.27762760923449775
0.24365125781759353 0.2823941511784634
0.2321034872021092 0.27986055014225447
0.2305942054481894 0.2714456610349687
0.2408115863769421 0.2844353864070695
0.23733860010459606 0.2853320379730818
0.23658556526055216 0.2793277492906511
0.24188049750975957 0.2848093020614207
0.23690584864611383 0.28045161699932136
0.23677149308371104 0.27694970151095666
0.22840210806245276 0.2704863921669105
0.23538951931555088 0.27986847656253483
0.23125318566359518 0.27366095705534393
0.23577055031574368 0.2787319712136323
0.23264801222926723 0.2766862947328444
0.23236581671170115 0.2784235476893198
0.23956275099643806 0.2864221259863118
0.22677940503486263 0.269788529680359
0.23026068324647772 0.2732475989223036
0.2352986096783597 0.27853525775625987
0.24285063497641604 0.2874619105362707
0.2248564279569789 0.27015378098969817
0.23616065633440866 0.28271881892329515
0.23098149368227616 0.273359244638124
0.24179622359217526 0.28021294180143774
0.23662156653024333 0.28047813020436346
0.23246380418427928 0.2760832447520395
0.2325115768058067 0.2783638553332325
0.2297672391732476 0.26769561756794974
0.23792248648320513 0.2780296209298709
0.23358510471184044 0.27679901073150087
0.2375825368117782 0.2842995310202361
0.22815512916750325 0.2718368907039401
0.23205329676031897 0.2782701799689482
0.22424148208474357 0.2701454980828984
0.22768560821077316 0.2716869323558364
0.2413810307953709 0.28121990762107846
0.23732346890737352 0.27674235568570393
0.2389701869444464 0.2790632077026302
0.22896730912659075 0.27302535199405287
0.23216651763822596 0.27570056227631645
0.23629268698899902 0.2746987362780045
0.2280953613317386 0.2728929319520169
0.23631314351231203 0.27659406950741294
0.23534498126897574 0.27748341844849034
0.22289924256490568 0.2682369283929471
0.2333608171010975 0.279654179024975
0.2362776217312314 0.2808096081244964
0.23809351945544555 0.28237240024968363
0.2334320088032598 0.27522440030890444
0.2379381997940977 0.2791997130114229
0.243325481248657 0.27939516422155103
0.22573936120034255 0.2642620100917694
0.23245803437880694 0.2779037684036752
0.2252363209272338 0.2639471400153021
0.24504059786909205 0.2857208860614671
0.23438919256725785 0.2768268541288812
0.2371277580938012 0.27826299519605385
0.23647632375660804 0.27806228164893115
0.22524792748195202 0.2681091653356181
0.22447862493196943 0.2698803599073908
0.23749219782564332 0.2774909262180548
0.22298555013010987 0.270404572031842
0.23497850942116655 0.27538748631326565
0.22570885920564987 0.2682210554640295
0.23527205497138134 0.2763156444638124
0.23485175722522855 0.27528025051847144
0.24719731244388032 0.2864230559781045
0.237653560864797 0.2823143788280409
0.22393229583516 0.26683041820292086
0.2388508341966349 0.2802950985605424
0.22813376495699392 0.27150273162202826
0.232818515990989 0.2754364755036583
0.2318186642929919 0.2720548003067692
0.24210814140859163 0.28469207097717847
0.2397238176812203 0.28184851421978696
0.22160691282050657 0.26549374269513115
0.23163171980074265 0.270255293859661
0.23108383477455455 0.274588625025347
0.22902224487438264 0.27614120120349567
0.23471547127001957 0.2764276856445153
0.22864584815113728 0.2727845179945233
0.23884832183715385 0.2832960155244718
0.2308283813675197 0.2748469071245431
0.2282584348124846 0.27288212450822835
0.23177427457151026 0.27848912422272537
0.23267687769374293 0.277697911132677
0.23199009002104892 0.2734280005787646
0.2388463432276518 0.27510482180153245
0.2299401106128625 0.27634696795287966
0.224916578997836 0.26724685167581885
0.23271742184450508 0.27969655927893394
0.24023857056656261 0.28644787255396875
0.23797157367832283 0.28177048472331173
0.23155640503843491 0.2745924801319984
0.23466215112872765 0.27560650623444993
0.2366824720890068 0.27672335815775956
0.23702655551501808 0.28120514832475463
0.2361709510164708 0.2815403431794704
0.23654682586449963 0.2805866705932388
0.235209201182207 0.2760283515075736
0.23565938783462903 0.27480186128051953
0.23365829598386395 0.27152323466942235
0.22970440629776975 0.27401489117238165
0.2356937112131287 0.2811647761495631
0.2382796303479177 0.2815465541739796
0.2360641397586547 0.2816729430949539
0.2297297628351387 0.2757228768824582
0.23892864543688083 0.2763628155952841
0.23907880422597363 0.28402482920601263
0.2356064404888398 0.2734210887235627
0.23752090404120235 0.280046236871807
0.2357207945651335 0.27868818454188515
0.2363805409910543 0.28192229192204743
0.22985950140453174 0.27909104900385595
0.2332788902531386 0.28012448349740116
0.2408785771320961 0.2841000920421265
0.2277855230804811 0.27255781788057765
0.22141315232256376 0.26565856079594213
0.23793549490546134 0.2773724531405339
0.2198290536646762 0.26522819141508885
0.23182603933231727 0.27530723256192496
0.23434820021951794 0.2747599535214974
0.23546066176187064 0.27599215325527987
0.23288499898634193 0.27645804140348545
0.24118526742381244 0.2806356352649665
0.2328937088849492 0.27483587086249234
0.2293512185499175 0.27137442930055056
0.23431598513086466 0.27519580482747213
0.23182816672922246 0.27208656761615585
0.22804616495466576 0.27177564189342424
0.23704889126442347 0.2801345484656389
0.223841662340493 0.27138592103808973
0.229533036249387 0.27060213020999824
0.23984381842357236 0.28048573389843745
0.2284326114711217 0.274405201642408
0.22661684719206635 0.27493729829219216
0.23586188269603842 0.278000672731365
0.240516688389027 0.28708535829832404
0.2399987904422116 0.2824233630708465
0.22783251056026327 0.2754373437399902
0.2345724240492321 0.2834357206582322
0.2264122302275732 0.27084007479380656
0.23012962811116044 0.27201900064096673
0.23543541548268745 0.28279509654646395
0.23614934882334399 0.27893476672358003
0.23366735397951108 0.27513475280345673
0.23237072822509452 0.28134414595228124
0.23916860947537727 0.2846324940675968
0.22774396961987067 0.2751423336305843
0.23450344617338995 0.27795122271204165
0.23055893962481463 0.2733129173153729
0.23000961193793426 0.27554783568390717
0.23772794104245237 0.28125836272848664
0.23688229146165807 0.2800947790551952
0.23641319917341194 0.2796832936376848
0.23473213462829978 0.28329391087581157
0.23565849762693564 0.27864189856872507
0.2381362898949837 0.2779360093101409
0.22755990896623587 0.26603571267648846
0.23065656778278104 0.2692721844354156
0.2417570354320523 0.2746393854339632
0.2290143993227396 0.27461627774194064
0.23719135582282327 0.27627435242531156
0.23503396343028193 0.27876915753909415
0.23458811409044258 0.28046954082521075
0.2332970823001574 0.2795342962069418
0.22777635208959493 0.26692735503918485
0.24080598865538003 0.2893502022652531
0.24273681703026428 0.2888918352101621
0.22565609964557223 0.26561512606154014
0.23072650673598283 0.2731886008723984
0.2359950280139228 0.2741241799535915
0.23748115025383956 0.2800385274017797
0.23451755437349947 0.27562460116690707
0.22477689042316817 0.2650258161966584
0.23147150085163534 0.2722200613928111
0.22676838593846427 0.2756489003625812
0.23405850716443669 0.27567683008119803
0.23481177809212164 0.2785076508917021
0.23260404941766905 0.27947474167428354
0.2430746415266815 0.2869531277141028
0.23698285680783573 0.28248851253299345
0.22975280720617658 0.2726401007646977
0.23927424786813814 0.2858550744294944
0.23627820914571285 0.27978891298403435
0.23215710641781392 0.27546206973740583
0.2292181900793851 0.27282575787571806
0.22755181138532937 0.2730441056267298
0.22429091368380127 0.2667835185149519
0.2409675193673377 0.2876905035482001
0.23257673965073464 0.2781055357238322
0.2281538730795105 0.2712583572808445
0.23856168816527057 0.2847547770662524
0.23753779453979199 0.2836930109612688
0.2338977648096565 0.27681995426692196
0.24145563672092224 0.2822748626420701
0.23143441284319394 0.27105469119910935
0.23346251286583142 0.2715799481520802
0.23412329764326845 0.27883681805687344
0.23904872408191757 0.2803795472424074
0.24416530971610004 0.28892193455570203
0.22872961139255135 0.26756713130237786
0.23696058217049795 0.2803066320103314
0.22941429256417012 0.2759852812803918
0.23832624870244892 0.2781343900035302
0.23469323107981635 0.2846442108091344
0.23678540120421626 0.2774312409764913
0.2325603459118135 0.2752017767953835
0.23166911067469664 0.2714903380372372
0.23958564434248233 0.2799644992454807
0.2310175106399806 0.27608960391159676
0.23477063762537836 0.2771765487428088
0.22544983669238364 0.2682877490616164
0.23673932945741685 0.27973983772692895
0.23926035219084543 0.2847027282163587
0.22924253361162855 0.2686229508752518
0.23991749806690393 0.2833691424721801
0.234192511755458 0.2791084058542298
0.23647947098323738 0.2855734910804851
0.23511710631782315 0.2720996530152443
0.22628602774964468 0.2697633906150587
0.23359997637546492 0.2802460100521242
0.23642374223796844 0.28240073381512804
0.24116838436152555 0.28397998969587185
0.2384340136145356 0.2796534580526203
0.23516214873806154 0.2809743925252972
0.22873979883983372 0.27486105321811344
0.22975196585062824 0.27204217007295445
0.22875717196328205 0.275175137332907
0.2309500906600024 0.2752218462213445
0.22485189169470002 0.26380741463055873
0.23298985676552655 0.2795170874709478
0.2334933659508471 0.26941766942004375
0.22908951917570763 0.27555017415700034
0.2375877752562184 0.28376777427660443
0.2298514377753232 0.2687453225753188
0.23400953664870947 0.27965383286411144
0.22864516201030075 0.27126472731977286
0.22174076294626482 0.267112240016766
0.24574928091930953 0.2873062888032145
0.2469697070106126 0.2881744269314484
0.23806449059182755 0.2825667202802184
0.2314176526398918 0.2745022496396822
0.23817981228667268 0.281720942183915
0.22808203459554846 0.26884623187527806
0.23545181670397689 0.2833208995738439
0.226764890850691 0.27195155720090963
0.22721532888738397 0.2763907596229927
0.2328140905897221 0.2727642272314153
0.24297092894596886 0.28558077596755765
0.2340020786562609 0.275051530089891
0.23041017899646485 0.27373765708036624
0.23950707370148724 0.2824612260460891
0.23299038518109227 0.2760625778786188
0.23053635338681316 0.27722725845702123
0.22969095274175044 0.26997793745330206
0.23706460185662326 0.278612852913373
0.23550289534911314 0.27635819784710475
0.22959871629019257 0.2738138657182442
0.23097690298524473 0.2735581805556578
0.23485167944250074 0.2731594472660616
0.23884610951074928 0.2842314750235652
0.23405648623243885 0.2706979023598767
0.2316586463926844 0.2757883550329328
0.22824855643270775 0.26904548514872473
0.2411801886454089 0.28613772402372334
0.2311247255473129 0.27782145885096976
0.2319836735291179 0.27239284389809176
0.23730361501882807 0.2799750532520506
0.2416344459724225 0.2858408529767457
0.23398091644192726 0.2782107592019759
0.23876743534514488 0.2777968355139028
0.23736921402627212 0.28080962351866356
0.23590255717936634 0.2730792592695024
0.23047485668756432 0.27192165553413605
0.2225429924226083 0.2638354395681095
0.2321716218593035 0.26851052092731553
0.2273807969774562 0.2737175808249815
0.22906598391197022 0.270369523675769
0.22834283050113816 0.2739404677727425
0.23029952419775446 0.2678728092868735
0.24456293367733922 0.28777490697430347
0.2249825749235529 0.26893762688762407
0.2407441437267126 0.2824144828858413
0.2386444956340589 0.28139357563807305
0.2373881084371656 0.2836300615021497
0.23528521032897193 0.2725651778613528
0.22705777899694332 0.2651925185165476
0.24248241615797023 0.2835678615763233
0.22493851529782646 0.2682766732006738
0.22814177624312731 0.2710592378612793
0.24383075654358116 0.28619169295269814
0.23268623426477694 0.274829292377872
0.2316941089295491 0.26819500752966613
0.23526753979146842 0.2781401138620882
0.234826850491438 0.27279816970174525
0.2299034693474902 0.27145380715487233
0.23138751965922916 0.2780944766197292
0.23594966681227827 0.2790291394344533
0.23300966050384486 0.2759676145520012
0.23283481254908953 0.28014012125589716
0.23442682770686749 0.285227584964661
0.23022586171075624 0.27475277017375005
0.23439954331608145 0.27693077273289046
0.2329978210967271 0.27637488182194825
0.23371333123513205 0.2788989022987988
0.2311109748757721 0.2714061818927046
0.23111334564414496 0.2772556168291453
0.2269616928449238 0.2746985440793733
0.23468015182968674 0.2801471175810035
0.23157343721600313 0.27612294443831903
0.2307285015365397 0.2782307470936226
0.2337848818171294 0.27940270615538965
0.21679386658127195 0.263493896553015
0.2263635328032535 0.27089695165294514
0.23754544084255325 0.2796399406842665
0.223257867417453 0.27093278986910574
0.22787931430471908 0.2711953840365873
0.23312006626414997 0.2768416374448469
0.22814115553722109 0.2721985775475619
0.24518301927272398 0.29061800336591437
0.2279822953889606 0.27286544105552163
0.24050193877545145 0.28269726504463594
0.23814809475510226 0.27709646031997137
0.23447367195461943 0.2769071661832332
0.23339455117989433 0.27879811179282804
0.2327755037449549 0.27153666557803163
0.2350744636005 0.27541072519378923
0.23182923528332564 0.2747902767838097
0.23061985769100707 0.27183976735895415
0.2313960290373702 0.2701538588498975
0.23761980083893533 0.2794857478678393
0.23906615112903398 0.2820385969077215
0.2339950977990709 0.27564950633028307
0.22862495920806986 0.27597113809425616
0.23260109736067067 0.2735739239341543
0.232886952556898 0.27824905732882665
0.2314725665551448 0.2811181683737502
0.2359831433493848 0.27657536527094273
0.23343662493061992 0.2777985833309912
0.22605957561784487 0.2709942298167276
0.23003933572936616 0.27274603958490307
0.22983391866219394 0.2724905824830852
0.23857165828988378 0.28269758019884017
0.23261080248822663 0.27823685161663536
0.22983796697904155 0.2741588308320607
0.23397721558566884 0.27761316387199814
0.23398838724399745 0.27825062530897815
0.23242920846746576 0.2780470924888045
0.2462360998754625 0.2874996723137514
0.237769170961491 0.2852892331399867
0.239253239767447 0.288517471322381
0.23275547912932948 0.27726051792794126
0.23262128061471185 0.2777155065714526
0.2350919931524935 0.28064726920884764
0.2302235765743645 0.27051600514992624
0.2314908530074601 0.2741025040912513
0.23732962435150837 0.27888435976288256
0.24280298424678784 0.28483023498587695
0.23400598007723034 0.2743600495669707
0.22937293650535523 0.280627551361173
0.22895789634440902 0.27389457303620923
0.22758069072328707 0.2741226135815288
0.23432414464077506 0.27392069022284127
0.23827545472210912 0.28477987425214096
0.23831212723518932 0.27666488228339087
0.2313559976708967 0.2692575785939121
0.23696082560424717 0.2792714925711575
0.23717176659029693 0.2808923843487948
0.22760486814594053 0.27084947083880806
0.2339626808060446 0.27747989095501996
0.22847684697841894 0.26771535342417235
0.22857400602385922 0.2733227016153005
0.22734176752802027 0.27397543579657124
0.2332672757244418 0.27305647951057727
0.2318584674174208 0.2735203243120638
0.23468045351701045 0.2840840398998761
0.23367325056541563 0.2757230952379801
0.22927901744048237 0.27557622955985706
0.23003462215931075 0.2787653176852342
0.24058515373096334 0.28004176425303284
0.2400803739767543 0.28321664739895935
0.2361025397501244 0.27799319932734
0.22972774615804192 0.2732509112183091
0.24212740355466233 0.29287916193328817
0.23113233119686108 0.27371689699932056
0.24139011742593763 0.28217766568227154
0.24297169688304587 0.29177861563505936
0.23172469845288637 0.2777959289802225
0.23191117033134612 0.2755114359472405
0.23130843603769952 0.2752240591504329
0.2318200634931601 0.2805122376280117
0.244302519632404 0.28301079860375616
0.2398185641804432 0.2877693541472617
