0.1315873573930439 0.17186067101455182
0.1000910366956282 0.13156230857926413
0.1395672218073845 0.17582038623094837
0.13473667040501114 0.16833405939797244
0.12508134930434736 0.15859595379653102
0.11765293880303114 0.1533414770128638
0.1388597525388185 0.16749489533299178
0.12124760838003454 0.15648138732030406
0.11597618363486269 0.14519548225727205
0.1326026267757289 0.1675063759644466
0.12269796228430684 0.16032081414666124
0.12360809402810966 0.15667165955034754
0.146670699590064 0.18383936620364186
0.12314313471150384 0.1566001728614561
0.12083533057300996 0.15181339336885774
0.11391463125358099 0.14253781855987596
0.13492158798486453 0.16885224976162289
0.11091616763636677 0.14138148241991946
0.12855701578963302 0.15941581128180551
0.12863630721576 0.16069364348203138
0.10662871973226412 0.14339662420565027
0.1342934176126927 0.16690279196569016
0.11898107932344812 0.15490847977739802
0.12062967080703343 0.15228412970332528
0.12444491225147959 0.1575668803844378
0.13553570008716959 0.17175678788635496
0.10269932426433862 0.13542522495091366
0.13157822272480213 0.16881550907089657
0.11392845726014574 0.14660713778655293
0.1401786228553339 0.17184139216427155
0.13629389338678496 0.16973581595691545
0.12232782359494286 0.1585575125970383
0.12536406550437368 0.15963135697691505
0.1141752655814677 0.1417445517274046
0.13358050298225 0.16545385005269073
0.12112885683260192 0.15404208182890822
0.1352142030657452 0.17045358266093877
0.11414911855857501 0.14636234793942798
0.1183681252305586 0.15257549022264677
0.11598831538774043 0.1495842635149983
0.1121649727994759 0.14134257334846795
0.13450513784137832 0.16709655447291874
0.13540588732123401 0.16515352394170496
0.13207986448106673 0.16363623195023969
0.10838206256074127 0.13914700607919006
0.11904108153810303 0.1489586511901341
0.1268522874324138 0.15679368255252868
0.10736012039825826 0.1393772546048463
0.12096733494683765 0.15340887996988245
0.12153758166651396 0.15258791583038103
0.1143592128063402 0.14558951870760156
0.11578429050719585 0.15014748625254934
0.12456781993724103 0.15962654524592057
0.13678563486492035 0.17205311364361164
0.12197581694908895 0.15092960708014225
0.13211417990304114 0.1669512409196815
0.14198368200009195 0.17209103325239591
0.09766367453100079 0.12178419558188157
0.11970361838441992 0.15322633345817463
0.11209374968715322 0.14189333378501567
0.1404404639065472 0.17667623520927464
0.1136010924496185 0.14582282736736296
0.12200020800426145 0.15389806437787423
0.12329921232012826 0.15312207062628425
0.10863181921404635 0.13973184575091735
0.10399108784845104 0.13666436239659593
0.1273217504561744 0.1622385986330118
0.10405214718099486 0.13859162673600492
0.12694111338693972 0.15747305227422595
0.10929960031957642 0.14047561022751998
0.12030803414660028 0.14901075264534272
0.1239049001042167 0.15413886926223921
0.13637848741929068 0.16884207582509253
0.13787933380896683 0.17146295858184482
0.11079589565936597 0.13988288394740575
0.13298430267395 0.1666418968290501
0.11322124530547857 0.14938595558385873
0.11654723240205768 0.15003427482783835
0.11050919053387845 0.14021484078086222
0.145570485338577 0.18049861598290887
0.14025036059590065 0.17339218953433563
0.10251732126442795 0.13655954950238508
0.1113781987480853 0.13773393307133322
0.11588804190281282 0.15138866793615458
0.11253157911744034 0.1499795605894477
0.12577022126017504 0.15968842804518465
0.11736346409084666 0.14989310570929384
0.1267080813919065 0.1616805206247532
0.11335693328397348 0.14610764709224125
0.1129013443648983 0.14730192401630726
0.11667432358190415 0.1518185378362244
0.12866489705427145 0.1629504133090325
0.11693211884086031 0.15036510535261263
0.1280847686968467 0.1564952735569112
0.11830390648323055 0.15364551020939576
0.10393263413320988 0.13434006809749768
0.12410520553476945 0.15969733674521264
0.13453172010551756 0.1715682672749531
0.1268403547388714 0.16209288302549346
0.11629580181231716 0.147465515210038
0.12302575965725365 0.15041214782981582
0.1324327371147527 0.16259592528221117
0.12301001784740431 0.15968039874182044
0.11684879643505988 0.1539728807599688
0.13107481940480453 0.16359373544713926
0.13308662047293007 0.1664343241271487
0.1284701097384113 0.15819355674010835
0.11697157039414971 0.14601599857632278
0.10545358088324137 0.13799810925919065
0.137283619378122 0.17319240137035904
0.1316191633547874 0.1662039482416
0.132437308070846 0.16840574139890926
0.11661649347020231 0.152024855245428
0.12423613853913179 0.15584903241917036
0.12937021427935316 0.16281066175677641
0.11288496761264599 0.1402043562161822
0.12267469801105471 0.15400683788595765
0.12858899003735894 0.16242111683978158
0.12402283522302547 0.15814869679254656
0.12043838720358832 0.15526185475770748
0.1330496829239485 0.16781329323196423
0.1367047749525204 0.17060385610783158
0.11734543651114467 0.14863889672683825
0.10122886860647148 0.1332892214053714
0.12657891011811073 0.15829601610002508
0.09859137503389001 0.12846174316253356
0.1297607362367603 0.16506177952711323
0.127028708299254 0.15748796307901566
0.12667451538011693 0.15842679122408518
0.12162033775258085 0.15335324626089714
0.12906492680641846 0.16283761342504674
0.12418513847430551 0.1552051903431252
0.11340037008848575 0.14544869240850863
0.11996719117103559 0.150201779164102
0.11851439182397647 0.14590100944726073
0.10748072948747694 0.1367154349674822
0.12834696839933632 0.1596854230105104
0.1069619233418756 0.14145951813901494
0.1130971521013572 0.14477307242249116
0.12552715933105585 0.15637228475514064
0.11379939428811554 0.14704218861864315
0.11793145793030495 0.14947555653721945
0.12303889005683488 0.15324440036241577
0.14069395157247827 0.1780999570856634
0.12848995240435634 0.16176314987626947
0.12675791572483155 0.16428266849879497
0.13095013694165888 0.16899149439237343
0.11093436572701779 0.14370219423031658
0.1117800237884573 0.14323421251980475
0.12977832530866484 0.16959620278055434
0.12882321754512918 0.1595060862415041
0.11554813638414828 0.14427128629485422
0.12572196571336597 0.16369112707388897
0.1353906252381755 0.17082864046774265
0.11019122153995807 0.14642407443585112
0.1262407396888483 0.15996355460154144
0.12162522543156198 0.15448204502112986
0.12127754373059706 0.1578729306508689
0.12342197201567634 0.1540508668758191
0.13713785579373428 0.1755228731183262
0.12495707870348895 0.15989342705740933
0.1432968408153859 0.18285793717972865
0.12069009132934705 0.15488965811816532
0.12268787973503265 0.15347557054781402
0.11659324601246752 0.145402935807487
0.11051393252793867 0.13926173171358122
0.1361792025567774 0.16115375906182464
0.12105020219098256 0.15599038307543645
0.13039049651984058 0.16236225886528197
0.11754348300560345 0.15089854994360324
0.12239624764529727 0.15513229939752712
0.11726974287516104 0.1550637184308948
0.10923225943692703 0.13762228848225044
0.13119317299067132 0.17013197307407005
0.13408272242672004 0.1747133190707752
0.10831083554622269 0.13936665891415945
0.13021638425553164 0.16303570269478185
0.12133394716885175 0.15055374233007773
0.13557375322391818 0.16973671980289162
0.11733689107910458 0.14544599584410098
0.11226907054573514 0.14190595879042156
0.12004292210146247 0.15022848124301147
0.10734390251627506 0.14063185679639303
0.13341523663113894 0.1674392180848446
0.12716642469925687 0.16272492049103535
0.1106430782586902 0.1476079817580602
0.12996172725055422 0.16393564990742135
0.12937315220207468 0.16470816857188308
0.1144729125942928 0.14735734771893602
0.12676833969569695 0.16144245823999856
0.1306867754848978 0.1664706845006219
0.12120031971892083 0.15205267522550964
0.11630467057239638 0.1487782599741853
0.1143603077649645 0.14360544856282614
0.10983431504271117 0.13862945972466273
0.14428715900553524 0.18302233765425083
0.12566110096637903 0.16003986621614263
0.12069032204936635 0.15245001417432782
0.1377193031835263 0.172562392081144
0.12470863092461516 0.16040986936895163
0.1230196359008071 0.15716138442891572
0.14062577343053254 0.17200593977234255
0.1134660935939121 0.1433022807273656
0.11953998579676042 0.1501669701433409
0.1258359897066473 0.1625757824892749
0.1273374473124444 0.15980788442797064
0.13531223534959208 0.16863568043406166
0.11142039210205748 0.13954349399404817
0.12422120290857142 0.15866445981509963
0.1288930792782244 0.16512357907245095
0.1357339495587471 0.1692524198609736
0.1324851268055936 0.1732653587148319
0.12229163542579227 0.1554850154329947
0.11765837049646938 0.1504128627015887
0.12453597156554519 0.15749413812393223
0.13680992214926263 0.16868228953235667
0.11949047126339132 0.15121144422003008
0.1223265043205433 0.15528583907214072
0.11056973769723372 0.14352832151533032
0.1257638802416047 0.15907902295583673
0.1434998438739234 0.1789988080723515
0.11579930684561965 0.14340743456931127
0.1387088628401429 0.1730920154440276
0.12062660576862766 0.15241419830005365
0.13010432439774514 0.16879844501326055
0.12418303512117548 0.1496471225003126
0.10952867741635341 0.13872641827768728
0.11686220517308289 0.15435392583071184
0.1290506673072838 0.1652470191829552
0.14207378136374874 0.17888120560524434
0.12903689655214004 0.15754026649002
0.12614267338975657 0.16290064806478058
0.11756806107943325 0.15248320480683447
0.11595520077494567 0.14757014473516633
0.116659042948396 0.15200576524342665
0.11782961830744411 0.14794361352846527
0.10522426118757743 0.13400420056633075
0.12633138798254595 0.1631818748262468
0.12818712856359998 0.15473689786791925
0.11927022675004224 0.15458016301630356
0.11975564998530674 0.15272500760074906
0.12467360148314488 0.15599022363950085
0.11768857766611288 0.152678359419052
0.10920850747274062 0.1418906462611007
0.10241277005828273 0.13416621156130387
0.13750730125324986 0.17013037239090542
0.1519469645234281 0.1876625053066809
0.13341968409886146 0.1685854458350836
0.12324846039268567 0.1560214847914351
0.13234151835409202 0.1674837102031165
0.11348336579131948 0.1435805929875641
0.12664238991742413 0.16459053700133422
0.11668226262427024 0.15328404763001255
0.10866687483631592 0.14474194002012672
0.12513882434685253 0.15546026809735652
0.14104448421895174 0.176141680206277
0.12776077952082604 0.162459030322959
0.1121232429505416 0.14623422698568198
0.13431289055825216 0.16670427332180202
0.12278216034431574 0.1584656124810859
0.1282129489301483 0.16624786581174134
0.11533870974630997 0.14257476221015217
0.1329345475298884 0.16601133916595665
0.12720393266283533 0.15802867564795212
0.10771967542278425 0.13659627700616003
0.12514471475422284 0.1538988476437636
0.12247371749070972 0.15029468467457865
0.13629858941371015 0.1703125384527311
0.11550197579237083 0.1430404539858713
0.1225086824997648 0.1544765560092796
0.10710665259237293 0.1357549811545761
0.1459811455100577 0.17989081516318786
0.11892375005173099 0.15242479149927757
0.1250200938570628 0.15286133857954323
0.1316327187173773 0.16386191053650107
0.1313821778396256 0.16408655949882334
0.12675128906918998 0.15845580905620146
0.13587741152864988 0.16426878170667064
0.12491184262962421 0.1578866615384356
0.12429818337238928 0.1506510765364256
0.12456003676344919 0.15235104313036027
0.10302155411754471 0.13046297530069906
0.1108391982391707 0.1357316234203271
0.11518963834908838 0.1478369383018689
0.10987014129786503 0.13847615087737092
0.1208157744114694 0.1536840993049717
0.11504878307019893 0.1452126419384118
0.13874400790055713 0.17339850913983743
0.1221310280060093 0.1574404780207128
0.1446000084538724 0.17905058432831603
0.13223567753400817 0.17041066389648177
0.12613275691789932 0.16154803216574326
0.12187856851566718 0.14933297040397694
0.11384604330756021 0.14131885597245544
0.14802023945540999 0.17945707171325959
0.11276637297814966 0.14362005899815913
0.10900511037494062 0.13859997040079716
0.1411660674705079 0.17790299964296913
0.11888183302603657 0.15045544318825813
0.11201116103715227 0.13937508846466118
0.11827255706589422 0.15408949005080452
0.12191997562645199 0.15002065240786225
0.11276723156775557 0.1448114751118848
0.12023286952164607 0.15553566221423185
0.11969834159501726 0.15237967707223174
0.11766403400484989 0.15157665296718095
0.1294672510650781 0.16233140892002018
0.1347868033172998 0.17478852096679576
0.12598596190751013 0.16398266841061104
0.1272980335143495 0.16037755034027
0.11904596079846184 0.15301852634012078
0.12569311120432458 0.15932787844389176
0.10788520164735109 0.13916876267292005
0.10280241830639258 0.13674448296787126
0.1169245470157482 0.15336311162202235
0.12738254592550058 0.1639826500980116
0.11765240021175989 0.1480866693912401
0.11826182380677111 0.15507470592483424
0.12602181361543355 0.16095155514459655
0.10373258997891358 0.13625129570650688
0.10273095300318205 0.13555007120919926
0.13526553411837258 0.16902493147038883
0.10829832855583607 0.14057996312249701
0.1158343970770859 0.1469439887350159
0.13631914726140607 0.17080354628201738
0.11151978799224435 0.14778270634006804
0.13608037665018163 0.17196825854505007
0.11515886195294105 0.15000153800051544
0.12669238399392188 0.1574926832785044
0.12348095743245921 0.15226810709487337
0.12172105059652619 0.1520868180069478
0.11740123977473906 0.1520511466106683
0.11381225768524285 0.1446826412259381
0.12099350613877329 0.14906640207883778
0.11087390337490463 0.14073305351232385
0.1096666682170189 0.13893223111185773
0.12762288022767893 0.15470727991194774
0.13089534313420847 0.1631251198147533
0.12610610539848985 0.1570934396727934
0.13326289190934973 0.16777524954823556
0.11569218946363749 0.14893728639413628
0.13365409705150316 0.16914582277593043
0.11969682564850308 0.1537588544376171
0.11761157481476822 0.15429452759361717
0.11505094714655088 0.14314420868010275
0.125430032629538 0.16013029218363606
0.11395018357219892 0.14651922948051227
0.11137770868496034 0.145356251646522
0.11005428082773065 0.14037831860407296
0.12996600476692502 0.16617274553782396
0.11454957831974044 0.14625111524325282
0.1111640100734208 0.14134589436038708
0.12059994732691341 0.15501244276335874
0.12158520361062108 0.15745140674257632
0.12570131151469327 0.15912657931954005
0.1462535342586624 0.17676560965859203
0.13258848837506576 0.17170741302136228
0.13043095034557028 0.16816767371202604
0.12850460085220455 0.16021326920710854
0.1192008927269414 0.15163124509978632
0.12329465733277654 0.158586692261277
0.11110979657941081 0.14066933674725413
0.11867620414865289 0.1513246180605643
0.1309431641864403 0.16112240967537203
0.1355925686524122 0.17018032697207128
0.12383781618972513 0.1542536768249549
0.11553330771255901 0.15268004102688287
0.11562981722575526 0.14688196527052325
0.11311679225826914 0.14881878379076377
0.12294197632657682 0.15038932248588013
0.1255294305983809 0.16164431897675438
0.12850262697786513 0.15598416429012044
0.10444191221747633 0.1323912363693295
0.13276948658155163 0.16522698541371797
0.11974753493992946 0.15329656797438423
0.11247033506596178 0.14277106743623422
0.1161404314308967 0.14953873057714004
0.11403043879704268 0.1394990453639043
0.11360110098709982 0.14582623106572853
0.10757873447020945 0.1424629169852831
0.12509445422123994 0.1517595117520688
0.12524868140412238 0.15584154454181126
0.12053717747431243 0.158690125173938
0.12838290923770787 0.16062261600690075
0.11828584643742593 0.15298340166708022
0.11247121991849827 0.15067161470924614
0.13032911834754968 0.16111333319617516
0.13688194322398628 0.17214262331650385
0.12167212962467264 0.15471624914240864
0.11891273776290157 0.1506756194291479
0.147165011016996 0.188304682988727
0.11476121726631582 0.14849369884196043
0.13048174672744683 0.1641182395803676
0.1382532700058399 0.17663504245129427
0.1257657876112849 0.16417642630332163
0.1272709192357844 0.16051011915728908
0.11898849266679479 0.15040445900571356
0.1172200127436794 0.15473624733190058
0.13798775301557542 0.16898216263465216
0.14131752588772398 0.1754021820781185
