0.28431544692771127 0.2983394038322781
0.2794786703992317 0.28531327071199486
0.28217295538031995 0.2962624139805196
0.2760672608615562 0.2873471049620215
0.26489497779497984 0.2808908982354721
0.2961686466489485 0.30508550475124085
0.27258179211342415 0.28222659038229636
0.2658941113788655 0.2759029705129593
0.2785761865648564 0.2842440644793068
0.28004682790200713 0.29121619896863343
0.2716311971261856 0.28792646303639824
0.25666271386764233 0.2744492244136051
0.2568932867248951 0.27312671717205594
0.2751966503724056 0.28095694988059017
0.2601690997412704 0.27290501282276625
0.26883794206244066 0.2817853039579647
0.2704772698286947 0.28279357616980894
0.25855427688872273 0.27113049287916663
0.2561668238520988 0.26945526367622813
0.2544486064273488 0.26934331902417546
0.2579830251796056 0.27213016595615336
0.28199241083919974 0.2928174508146821
0.2667693686051942 0.27996047510039634
0.2832528603505353 0.2920369503171785
0.25314716994762765 0.2657528608831351
0.2737491745208299 0.2834648173598312
0.2802899771249036 0.2894092126973964
0.269136425880534 0.276368786948382
0.27201833211891047 0.27846643445697555
0.25640591998753104 0.2603704385942938
0.2547531025335834 0.2588438021354716
0.2693145239867076 0.2797348475526572
0.27397824403479776 0.28446787055483497
0.255172128805738 0.2689479543039356
0.2769943293283154 0.28375661905941946
0.28260617071402 0.2914832913769762
0.24821386652365224 0.2581598409784297
0.2777939383848149 0.29218282936484813
0.27927767220497857 0.2894746373522567
0.2722458361133234 0.27628083225923583
0.2786509424150874 0.2882585179678986
0.27139735866974024 0.28180820927697947
0.2637221214587803 0.27093139731888094
0.2752028733376011 0.28537599286886417
0.2785659127997419 0.2826551946421494
0.25771251709240234 0.27059518751810524
0.2714472572486043 0.28822210359144457
0.2705527023529844 0.27877535728183234
0.26792664024772783 0.27734832450340297
0.2760989128917128 0.28748389572742183
0.2714435165102819 0.2862306731841838
0.2791084813300993 0.2856870758428879
0.26311491603946985 0.27243727009271274
0.27617373508776694 0.28379257597344604
0.2914500890013205 0.3073848397611218
0.2792108047617708 0.29208166972923466
0.26637859527987046 0.2734215053425907
0.26313531227014725 0.27415160189221893
0.271381081827361 0.28076973147113626
0.27424019974828917 0.28094397305994623
0.2712564984693706 0.2796304763754093
0.2721529110875798 0.27994921883656404
0.2826899494052262 0.288258913709692
0.26048675057139825 0.2681259044010985
0.29152945383271717 0.29781940944226387
0.26983474889817943 0.280638086565056
0.28018991052438735 0.2877807036336766
0.266000081097722 0.2748767800511839
0.27211549606671803 0.2856768107343222
0.27594700547524564 0.28196039720073623
0.2934562609669977 0.3070068295546603
0.2609074730940606 0.26664076607327364
0.26115810844996185 0.2689077062880331
0.2769154405527673 0.28624936410504676
0.26663297705737504 0.28268419737146777
0.26857412774110634 0.27651522877726964
0.2553682933894451 0.2684700631133672
0.28455777127961124 0.2912557206022703
0.2708528626484749 0.28542892962723476
0.2782019806155998 0.2832315120020202
0.2696232228386655 0.28111346936458104
0.26445008305105266 0.2737827160375826
0.259538389891332 0.26680136876583854
0.3041708410581885 0.3153799188911849
0.26659905098262704 0.27713415234092853
0.2675313628290902 0.2741607175330314
0.2872046386054201 0.29506429518648286
0.26515846845727536 0.27612609705064445
0.27670975891341554 0.2862648701048946
0.26838933325706227 0.2758831152702536
0.2666730988463447 0.27537647150418193
0.25401491015698013 0.2644858229188799
0.2550410839499899 0.2583034332327369
0.2754437698228802 0.27864314918868
0.27423973475854224 0.28120273732798007
0.27026106796757937 0.27470200599126043
0.2885467186229906 0.29879611729999184
0.27728495345422305 0.2833877411244807
0.28353953980495505 0.2924513035922266
0.27356342813386564 0.2911075016119515
0.2748049040734894 0.2907421554256375
0.26883499736973127 0.28151998849076854
0.29431383782720477 0.30653893680676453
0.26003278897797716 0.2628947208209402
0.2532319077998298 0.2660763847502778
0.25808302879029044 0.27218829552869417
0.2747730586484435 0.283759672989828
0.267870659061348 0.2746904835180315
0.27757756272080825 0.2909334589364078
0.2755775998366302 0.28018003300214583
0.2593867959678306 0.27514720135404425
0.2612852639140205 0.2695167397938545
0.2798465918630124 0.2872823357341335
0.27037725943093566 0.2810571610442179
0.29025599593748547 0.29740065813029054
0.27898328893901797 0.28825061987740347
0.28040298049728474 0.2931548799105635
0.27431430071793134 0.28832193819444507
0.28296350173663165 0.293313528152697
0.2545972278219238 0.2648792421904667
0.2912557573188018 0.30299599505545904
0.28628265462618907 0.2955435652190144
0.26584792489322717 0.27680814183746233
0.27543012754783386 0.2820202786934733
0.28414931506277125 0.29370804762605635
0.2843595065040735 0.29509948956552606
0.25079812946028945 0.26101924709958646
0.2629875229093609 0.27190787453930154
0.26995361034448334 0.2834466398951696
0.26814342344045006 0.281379201273177
0.27561172736371947 0.28157046175508493
0.2756072334785023 0.2860849482100237
0.2556719340180766 0.2647645444700003
0.2621308456221984 0.27466252466382685
0.26453456694871913 0.27771167003966535
0.2883499542320757 0.29899080446084125
0.2708960927043617 0.2829773492082013
0.278644985674065 0.29142266189468635
0.2791587488411265 0.2877127410413446
0.2697967488436012 0.2784290095892668
0.27550881616729705 0.28548456206419276
0.28563732700485533 0.30147267745181516
0.26573405753417345 0.269014461728833
0.2796407437751306 0.29392124298058003
0.2712994648997456 0.28014543193552016
0.2797629147437803 0.2923524568712806
0.25565053582933833 0.26474688291451676
0.2408484208391413 0.25646594032748654
0.2829693678587436 0.2920079830166943
0.2603437318907935 0.2691420015112574
0.27629728582652097 0.29082187178972474
0.2684193270021574 0.28449345649515295
0.2728320762623382 0.2844792067740299
0.2700337664531672 0.28052362422284277
0.2739414725686205 0.2732105609560602
0.27606949632332617 0.2841245773876619
0.2720949981023969 0.2786917627029042
0.2720846121169857 0.2847574898550013
0.26205823833491687 0.2749340995734036
0.26566252590937944 0.2755594431879576
0.2732351911070959 0.28035875165748253
0.2737831370234547 0.2841737569558108
0.24728448941605513 0.25753733304674
0.2623343756158679 0.2720843447745824
0.26057838459847676 0.26988837975256585
0.26632960891255025 0.2763335389862544
0.2685955947744243 0.28226487665664496
0.27647347782545495 0.2870750731949319
0.27516949003191915 0.283524722394467
0.2783726220346468 0.2895840372458591
0.27264324945649254 0.28557730358948763
0.2547862865276174 0.26856920788707095
0.2736085183539419 0.28404649565936146
0.2862266939812017 0.2957859125016223
0.2764579943636877 0.2868197220014241
0.26299862024084647 0.27435876642483553
0.27468320644811456 0.29089465390185826
0.2735473227989309 0.27990455037751144
0.283048461653795 0.29585344515935874
0.2548110019458698 0.2627529748599343
0.2765158871466704 0.2910866209141517
0.2648699738167129 0.2744717338554072
0.27216279993475967 0.28062083028375573
0.27768546597683635 0.29010557202329
0.2686680785983622 0.28274301126386975
0.27508689518865426 0.2824884092679502
0.2689055992297381 0.28139352886227154
0.29536041048938955 0.30378847327373576
0.27382141961318934 0.28720898199383904
0.2677848191010796 0.2823595802968812
0.29371188458582137 0.30307227600301356
0.28949288392351075 0.30266264111512253
0.2657049809237235 0.2783581731411029
0.26644948068886165 0.27085530962724585
0.27999572959747504 0.2836356479795468
0.272365796800208 0.2833881714951091
0.2946121161498833 0.30611399156917507
0.2779269481595201 0.28962813668071347
0.2714503052823494 0.28278226247771604
0.2801472440618319 0.288712771886192
0.2920438309646812 0.30017194329095626
0.27519332845916433 0.28497575275362075
0.2669878617459615 0.28573864712861563
0.2683313180611299 0.2804215201716925
0.27417864585056495 0.28108897636872066
0.2510224344527457 0.264403056742377
0.27551878871115426 0.28388022761739445
0.29067429533184297 0.2986507807514565
0.27488061835901756 0.28593941971900966
0.2934491576166967 0.30920775589756994
0.27879260409911294 0.28944737068306003
0.27749402129279355 0.28772574594506267
0.26128026748412714 0.2656393550877447
0.28368995982271905 0.29634396483166014
0.28930969381688887 0.2982241711187877
0.2797439774226052 0.290278318738685
0.2701060336735418 0.27776867801227917
0.26378727531232177 0.2688100180246895
0.28179163299410465 0.2936763994397148
0.27044960564408954 0.27779424986372003
0.26268543659859295 0.2775627696611871
0.27149623277576534 0.2823423238839901
0.28266627703902214 0.29293335692784794
0.2779947308288868 0.28644987819438317
0.2761914583874322 0.28630390390327193
0.2661065804349454 0.2749340571324236
0.27187044812074956 0.2846402536312716
0.2513916829057725 0.2589009925035766
0.2822174233723178 0.28980646416125655
0.26919343139293395 0.2824818564252944
0.2745250578601754 0.28548329914010356
0.28152983155718747 0.2875658240865255
0.26408979823772194 0.26459841223680297
0.29903238189685355 0.3121898734361846
0.2995517419114025 0.30645936330998197
0.28507935479742774 0.29439024488732085
0.27696598176404463 0.28322975929570826
0.26014667344390985 0.27207092952491596
0.2698936618009825 0.2776023688358685
0.2558242679887742 0.27421960998481637
0.2782130706844362 0.2875204452131263
0.27057638591375555 0.2792104242610177
0.2799143670275702 0.2902011139167286
0.2592468084961755 0.2721910958774012
0.2776180983283928 0.2874008516915213
0.27169969858840887 0.2811201345165837
0.2708198175437468 0.28069412359501295
0.30693955215445334 0.31524084818013665
0.2921405408969357 0.30367777681275376
0.2680086178938361 0.27637608962399807
0.2654857511226368 0.2791577101689392
0.26306663572108746 0.2760805991569701
0.2817322395971125 0.28700731791215894
0.2633807741749998 0.27478755730383
0.2648001846624896 0.28139415635620746
0.26467720975740006 0.2732583826612733
0.25977616361619427 0.2736470605171796
0.2641555111532923 0.2765522444586356
0.26557042179114987 0.27432446554076084
0.26645941939875734 0.2764343796359913
0.26058885806771676 0.26724205942174006
0.2724581152929409 0.28887874435694433
0.26801817100807024 0.27362967913980635
0.2836767699839838 0.29377156729622333
0.28229910739229347 0.2935066598640675
0.265174315366413 0.27263393545125186
0.25641142992042354 0.26280081296036045
0.27331101940640934 0.2886977864306298
0.27149374107114066 0.2843297268570285
0.2714499388425859 0.28040647304682675
0.2640673794422807 0.27079186134632793
0.2807750836693363 0.2875398204439658
0.24953377169972824 0.26261924877545334
0.27804545546893683 0.2873863253643971
0.26108799999068616 0.2732661309423279
0.2755371781936979 0.28613951421535627
0.273652948969344 0.2816993591682439
0.27393404180066244 0.28774762584701263
0.26467694326755997 0.27529478624537684
0.24982491912444138 0.26144628589138097
0.2687323759237706 0.28447922686306365
0.259859447269772 0.2716905717707349
0.27727440129131764 0.2932028647520128
0.2825579271032569 0.2929999656011901
0.27098333368930494 0.27978005581701976
0.28584436213054304 0.2982057003569366
0.2674752831594054 0.27953006198963476
0.2749895728417258 0.28352746602339784
0.27524310465975443 0.28699819143331246
0.2721773878781713 0.285131765202997
0.2540360783459154 0.26036140487412723
0.26684524310617075 0.27680162808900105
0.26230489162312876 0.27814789110025423
0.2722706135986569 0.28132139638726933
0.2801371040062163 0.2949073881121704
0.2497443103449676 0.26075190165002465
0.2529253857703217 0.2681124806408692
0.26923539784044903 0.27442277591220576
0.28715615805413924 0.29759942755833585
0.2829114337763376 0.292728635152022
0.253435170035687 0.2628388277703995
0.2718742196162904 0.28447525766962295
0.267516825437246 0.27330263370100966
0.2686682642773084 0.2782331043617046
0.27049849916077323 0.2829797604768622
0.2785770194923588 0.28879840176869787
0.2572754228636052 0.2706138822721527
0.29048705249000994 0.2984903893068508
0.2554558830208798 0.26698510639327955
0.26312841160782313 0.2765870007841936
0.26175779155529855 0.26941883234923136
0.2609188555097809 0.27255657228852165
0.2628971029277025 0.2699902208444573
0.28204707002257495 0.2901285513370817
0.26617562714751447 0.2727971976926786
0.2738384464556202 0.28423015705624594
0.26783211696501263 0.2790042107281311
0.27203364582577 0.2798409476540617
0.2670882642428608 0.27600913262727134
0.27291333113206184 0.27904845823254903
0.2792708027547467 0.2839694837680714
0.26989126312272993 0.2836673658186758
0.26363325964593115 0.27326977526949775
0.2679198527311754 0.27978745066315236
0.27394143732460713 0.2854124791295643
0.287096472084916 0.2920660190324666
0.24844049919025957 0.26309642277611694
0.28042488888852596 0.28950489605139973
0.27858576724471373 0.2908135271753076
0.2631942388535981 0.27329807139451556
0.26931977543755514 0.2735080140403757
0.26389800235165994 0.2688332012139736
0.2714787504728669 0.28530668404305964
0.27673102696230906 0.2869544953917823
0.2684135674488993 0.28043185348280897
0.2658136197067964 0.27920614092588575
0.2783971387693568 0.29079641614878804
0.27682744788739855 0.28277013468385864
0.25943907161126817 0.2760707997894878
0.2665791326865956 0.27050933021101425
0.27523552890646363 0.28215231458092277
0.254163672501782 0.2627694600203851
0.272202215156578 0.2771639292083407
0.27141902067448603 0.28333496841724154
0.27167874649053575 0.28293315016936305
0.28931486619296976 0.2939489379701749
0.2739316919655227 0.2827914420361616
0.26117337070512897 0.27250247395069954
0.27013614975509426 0.2801355326295862
0.2873720526939468 0.29660685750066906
0.26858086756704047 0.27383658966119356
0.2622890731376308 0.2749864613073025
0.27776957401032226 0.2891412372130498
0.28008688091244793 0.2914492915832743
0.263918092826621 0.2742033732883268
0.289886123621957 0.2980432600776854
0.2635646248422902 0.2709549015201097
0.2757742616075962 0.29476046148187984
0.26482919485993134 0.2696301889807086
0.2649931515013468 0.2783625490063795
0.28402142260971996 0.28823905559161467
0.2710481387367324 0.2843893835317247
0.25247779302014245 0.2617771605624349
0.2580791020630857 0.2717549985066835
0.2640690049336347 0.27224592023344646
0.27541110722991646 0.28993764943313477
0.2667798869612951 0.27490868889778347
0.2768616590863745 0.28018622946827404
0.2815793416759497 0.29235421101845804
0.2874552508562655 0.300497255478416
0.28705062061231473 0.29654036130191264
0.2680773208835644 0.27373618706491604
0.28151673549213596 0.29628246723654766
0.2701508133834556 0.27914486638911223
0.27550304377182205 0.2809717953310406
0.2770484560732654 0.28603480114524094
0.28421343343828853 0.293560357379643
0.2691797701645597 0.28077808584603986
0.28668404610096554 0.29696256153648065
0.28512917062674165 0.29449071267267257
0.26854314851542 0.2794446052680012
0.25820758855309395 0.2711707872506713
0.28000183880118196 0.28509468867093635
0.28986485051645156 0.3046103442604289
0.2832690375289473 0.29778997326090645
0.2849544256809595 0.29442704990840124
0.2752572115227631 0.28586529694662377
0.26028811189703704 0.2758965968485788
0.2864257823348674 0.2950867505101973
0.2583021884684756 0.2682081161825354
0.28372405450413535 0.29361633176863844
0.2816023251732135 0.2909585454247035
0.2638739465129239 0.27420516970145414
0.2568757053801997 0.2661717087480388
0.25993210400188704 0.2734051573770992
0.2728612763711767 0.28865901332849125
0.26397747489664464 0.2719801721716303
0.26492081145777713 0.27740241572566393
0.27727995274658684 0.28726559653594214
0.26958501549793223 0.2793331505569286
