0.1635141191036937 0.17388098303511126
0.1594287761721556 0.1613673448195914
0.16476602692964992 0.1769428635674169
0.16619439115172785 0.17535978558141663
0.15326621354701422 0.1640314333927026
0.1762213654417729 0.1799274724508128
0.14889867770688925 0.1570144323605275
0.12898086396057962 0.13629491263833743
0.15043504640194438 0.15720538176556076
0.15326355258271723 0.16354085743398966
0.15412342752056454 0.16757112430939483
0.12259973616594035 0.13597620699859958
0.12484677756957248 0.13347189798033218
0.14914969886495594 0.15608771144186898
0.12652996850358614 0.13723796161153823
0.1470365240182176 0.15605414656878924
0.14318318225193882 0.15012175940419845
0.12256489661157602 0.13188848083955212
0.12743949910492544 0.14056771657629766
0.11921799971391032 0.12929379316533154
0.13038368695924496 0.13891258035942095
0.17496719569948035 0.18348752427073298
0.15022870381571785 0.15797529017568318
0.15689187062729681 0.1623320302337404
0.12591120826254773 0.1375640587455959
0.14677982802146966 0.15486399031216994
0.1486720187842016 0.15212108327829102
0.14425235714553222 0.1505758335741309
0.14449643539429527 0.1495551850707603
0.1097338673361768 0.11620322311931906
0.12721318001407117 0.13169203815100694
0.14493397550068435 0.1522199596892488
0.14750503965629355 0.15629792874312443
0.12245239533711869 0.1322507647831084
0.14792872814508531 0.15216613604449006
0.17663359370223536 0.18420818472129774
0.11242641049726039 0.12223820787214773
0.1619527125369014 0.17399263050356978
0.15892429620159912 0.16439875304602766
0.12962523979290883 0.13551699478573753
0.14778684407582518 0.15645528286120722
0.1374845707470026 0.14910461159118807
0.12707030713638623 0.133685573782536
0.16035574470122743 0.1714108589372807
0.1657610591675812 0.16988963711818478
0.13059903547859678 0.13730620211837893
0.14302466193319413 0.15253142252171356
0.15737169130916892 0.16478762333288474
0.13626807054515055 0.14268487804091848
0.15537743774458393 0.16189467477307493
0.15693759826716003 0.1682203623371811
0.1693614968624318 0.1735361169375541
0.13888457263669485 0.14817427946137438
0.1439786847781347 0.15170574804437753
0.18662952669694097 0.19923731081774243
0.15274867133389364 0.16222075953729745
0.1382262386978895 0.14461676625308856
0.1269906019353182 0.13536259170425002
0.1535878400750084 0.16499871870741378
0.14736194096628838 0.1520934934967105
0.146992060507805 0.15579405295099857
0.14433650555234812 0.14888090063734682
0.15447807011783168 0.1564960616691244
0.13807580968478775 0.14172598636091854
0.16702297864474208 0.17228562091408406
0.15000535627506395 0.15703053272452086
0.16863949854536364 0.17410019103765761
0.14276836695223102 0.14887544501583896
0.15252859509056987 0.1618765045740679
0.14573701710466508 0.14990682046405954
0.17256189026058305 0.18320654258433064
0.11941394041325684 0.1229118451660672
0.12221891093828759 0.1324471438488651
0.1554492919535385 0.16071473922081636
0.14977721379730174 0.15960964129117747
0.1396920093726414 0.1458749612265378
0.1300772665883873 0.13717858696958496
0.15740992821329702 0.16386131793541633
0.16407490549741988 0.17469999519929308
0.15892683402802912 0.16116140973762472
0.14460802938765258 0.15631037473192064
0.13235050493906078 0.13704302305234214
0.1373445147202258 0.1419272047923036
0.1975757675489246 0.20558491968723414
0.1453755559245806 0.15176997855203544
0.14530381744990023 0.1534234864531521
0.16886918472099624 0.17773231552279503
0.12341076923261284 0.13058349505888914
0.13534895447444606 0.14394812012278724
0.1448800084368066 0.15141938296635618
0.15030682247601798 0.1527408606215293
0.1279665722212853 0.13751097200672147
0.13134732478629674 0.13413299676821344
0.1390723086063914 0.14559822036375214
0.1574579760517335 0.16595737429313004
0.13695134180180943 0.14356782956124461
0.15735405426470508 0.1686152642145118
0.15940689583270817 0.16665701649045914
0.17693131254793423 0.18392972004382382
0.16306432121176073 0.17417944584430742
0.13224589482937052 0.14467264490431622
0.1464336469979558 0.1581273695339821
0.16705382579832398 0.1763157258751104
0.1300362205564638 0.13233651078117303
0.11354508932402296 0.1232368923505633
0.14004850452291479 0.15058091028213832
0.15009456071062746 0.15872438598922556
0.15903881894619185 0.16492562776226039
0.154113853887132 0.1652466984544999
0.1536442707059465 0.15866463631045988
0.12935401923926476 0.1409655501951905
0.12799684553931107 0.13562337604052582
0.1633772331757256 0.16793134200513196
0.13375919313695084 0.14255128835366568
0.16470598144814433 0.17456381975763985
0.157342025228201 0.16508556685700185
0.16760598169388852 0.17702707183945096
0.15146803933095584 0.16227320479802992
0.1570865880931591 0.1634508213905828
0.12604753120588624 0.13477530232716578
0.1812164138942732 0.1911414754024627
0.15618379237252333 0.16064889919995423
0.13795455073355808 0.14742093892973707
0.1512011867720485 0.1551279798364289
0.1901384016559138 0.19434690831806936
0.17248708065857254 0.17632613104886202
0.11699079707156973 0.12696530073456766
0.1344430394829624 0.14196986167670175
0.13918236723547064 0.15076909641790762
0.15330164335631744 0.1599741555076783
0.143435772769077 0.14991933366037027
0.14562281112404246 0.15511698008991773
0.13266821783047422 0.13968930222535844
0.14214988891314312 0.14822659077232433
0.1275611091656156 0.14108315440652086
0.19161445823494613 0.19985083504810128
0.1473121684072288 0.15845868251805356
0.17288099938785875 0.18481442440028076
0.15281913361674287 0.16264681231584657
0.13328015414713032 0.14337907703538116
0.14526304885818184 0.1529577264856017
0.17468243990513962 0.1839334516529829
0.13419671905530708 0.13633711368197515
0.1557571093010429 0.1686686865736157
0.15496104150518403 0.1596328139866184
0.16379728667459229 0.16826821496404923
0.11908292529726303 0.12989054285171897
0.10861542922054471 0.11973813021379691
0.15971439922512268 0.16830617544757379
0.13418248856595202 0.1367858761323252
0.14067101157540915 0.1515936499919086
0.1454903887358455 0.1566675847170767
0.15674809646346324 0.1640676476640649
0.14361006613431396 0.15155591664524268
0.1379529479348692 0.13699534560132207
0.16349951092545004 0.1655988592047918
0.13641929274729675 0.1410325372395048
0.13677206085521154 0.1471892583897108
0.13780108947189418 0.14878130850668755
0.14010638246371102 0.14851116196450467
0.14553847727792088 0.15214143520071235
0.1613161944864617 0.17056540312657448
0.10895875102683897 0.11818341570446803
0.12678661484859824 0.13693249897535698
0.129183499270344 0.1362282738234916
0.13205986824073163 0.1382718389625133
0.15090576894450983 0.16222719135197122
0.15271941383290127 0.161878345355179
0.1525510472868259 0.1606790224157838
0.14613236249591 0.15719052889207394
0.14241984524770782 0.15567788141211583
0.13773910771018583 0.1455409282035975
0.14475595823368914 0.15016070539977594
0.1744569074207018 0.18064232880557052
0.1574278306569468 0.15893503739849235
0.12141087822401249 0.130789929924521
0.15988124497481523 0.17252204180438932
0.1606051904618415 0.16667447683874587
0.1706440240330964 0.18037828196395334
0.12130153985144286 0.12862585655541794
0.13813392108459727 0.149808052609153
0.13355499925189443 0.1390829028257001
0.13956776515463926 0.15020443675853123
0.15844967711462143 0.16626271208637716
0.13669541541789298 0.1484469898573875
0.13739505911222602 0.14574916596853787
0.15473224959217025 0.163262717917
0.1863092916530849 0.19475355085977614
0.16042332975792928 0.1667327476903241
0.14029196443716005 0.15386839701635474
0.1911985869399989 0.19963320000286836
0.15913138820647268 0.17169615942852576
0.15522753573260326 0.16061818563739355
0.14184935413238717 0.14709448793929392
0.15157436969325308 0.15255349660429643
0.13202620601563558 0.14007482680986724
0.1925424522408228 0.2014708456960902
0.15756851282063325 0.16352706448109308
0.1452466900932858 0.15456399490109715
0.15878899384582923 0.16569519352098874
0.1604394707220137 0.16516749269401154
0.1507986003072243 0.1594891452447038
0.13790125802563713 0.15250559550490048
0.14957580973681678 0.1568361153586805
0.15384320937979915 0.1575189932065935
0.12673292137159525 0.13417534014931776
0.16227203901656018 0.167380844734883
0.1767901569902957 0.18278814986783765
0.16817459972623405 0.17624976440800666
0.1786160626850808 0.18923786957652594
0.14594956825460811 0.1553230470604867
0.15967867949791723 0.16654500351347717
0.13362690897638835 0.13686684517174472
0.16483239569204738 0.1776293035481852
0.17311397234374515 0.1779871745314816
0.15907775892473788 0.16655895761577452
0.138506654324324 0.14384496398084173
0.1354290869655974 0.1383190062728388
0.17152045737262994 0.18005360958711572
0.13789768492849133 0.142935508735258
0.13409352488261628 0.1444557711610048
0.14854088685908184 0.15826820076761938
0.1425039738128773 0.15376625695203952
0.15786013864843168 0.16156057814005423
0.1505725241508171 0.15739886554363014
0.1415288714375072 0.14784691264559333
0.14391923311636973 0.1533669094451678
0.12951402616622001 0.1388327391660917
0.16406293930455598 0.1707449784217707
0.14298415175521478 0.15650000655408855
0.13938055750294523 0.1474560923279897
0.1535627132027506 0.160375899208152
0.1329019261973039 0.13709245100999481
0.1930093170722331 0.2034143706738719
0.16743024141287577 0.17387894825616634
0.17234070267225599 0.183178847051455
0.15060280500360965 0.15353599524944805
0.12551813847371118 0.13688978705027122
0.1376036178634459 0.1454959923521704
0.1306910167734609 0.14238268225474537
0.16224649448638195 0.16907229717467387
0.14430396515273458 0.14970573299779513
0.16558272475938063 0.17281403780302396
0.12182437824630936 0.1321897148176823
0.1504030376120364 0.15881186187660487
0.14019226164860105 0.14876406739240985
0.14227201245915105 0.15235662906673525
0.1895412252101441 0.19595108646512313
0.15463844286528092 0.16463979240145235
0.16867821046180176 0.17574880099398116
0.13724491583340948 0.14774780628375692
0.13262471627176733 0.1462426268802155
0.17123252593170163 0.17123372706719173
0.12706612073255788 0.13810189738764947
0.14293880740941098 0.15264577987908517
0.15075023340400012 0.15630606600730612
0.1462286308319829 0.15827784748382917
0.13536031168245788 0.1450813961703588
0.13793202405301788 0.1457172667195356
0.14039830413036145 0.14667946056927125
0.14134963679014828 0.14663779462784648
0.16113087939755555 0.16961220887793432
0.13816608530017555 0.1420296699167073
0.1583006457075378 0.1631971346050055
0.153449852349273 0.16215084350323927
0.13684852545526272 0.14417986401373256
0.11878749394909606 0.12497429525217431
0.1481091258984056 0.15921149859926018
0.14835286140284767 0.15871157806854233
0.14059551379653387 0.14708394593678956
0.13630706380202726 0.1419979436745996
0.18494625540639212 0.1873816865681862
0.12818539649603744 0.13549270699964613
0.1667604109586217 0.17356647284851204
0.13781467885490623 0.1473833762659
0.17789770771125712 0.18369283737328634
0.14895765315707307 0.15458768945470677
0.16649927849793525 0.17554518798782281
0.13440191759376677 0.14236108957489252
0.12253138476228108 0.13274059674498057
0.1324560311422612 0.14581968181173302
0.13834557078070053 0.14713545958200816
0.15801845154443867 0.17002337736381337
0.17998838262269798 0.1909599815735117
0.15843884167693367 0.16759276784089971
0.15749469711977332 0.16626288436976117
0.14551007989689485 0.1543160505862254
0.15366252722019363 0.15861223147288805
0.1488366235010635 0.15832211614263184
0.1478648685359079 0.15615936675688227
0.11472424241892544 0.12024099107153266
0.12082646059520472 0.13236238468042127
0.13192334609931447 0.141925389157416
0.13891707111153492 0.14600565610691266
0.17006622271905947 0.1767853421043975
0.11004376018489007 0.12062942900083487
0.1424142380147299 0.1536957353680824
0.14945247128695857 0.15292966146327525
0.16882280630730723 0.18078945984740966
0.1710287624929996 0.17551032915035808
0.12049307244558873 0.13027528233328284
0.1462077394345256 0.156406193066599
0.1435896672219172 0.1474503123815045
0.1389561097611469 0.1470044046593001
0.1440732268226704 0.15553584052475966
0.1568403177092525 0.1646608945123304
0.1262619490478363 0.13568193515795837
0.16831603098047088 0.1740489910216921
0.13260487135498678 0.14323987112672437
0.13977727792697173 0.15106959605310197
0.13988242711640625 0.14489023740346124
0.1363426460299232 0.14659731648620292
0.13869466539924702 0.14168511752383622
0.17212833837162284 0.18054117072408887
0.14003091794268904 0.14435458901048726
0.14778415380033558 0.15427230990593604
0.14872828955427952 0.1598198196674011
0.1463778325915479 0.15698996934659556
0.14079506385266458 0.14391817099841495
0.1471932851882126 0.15000581739208646
0.15130465247980182 0.15565427050755418
0.1512940403997278 0.15851721006664798
0.12928981559893313 0.13783737194764348
0.1361856011143598 0.14522595058857582
0.14323515126251526 0.151917990217423
0.1556856800883739 0.1593282560927047
0.11104787127207051 0.1211569897294019
0.16708713445554846 0.1699028841048834
0.16401680436646915 0.17349989437839763
0.12299562120835393 0.1346753039088546
0.1360306750470484 0.14323248087647117
0.13234644120900954 0.13699058710630518
0.15065913208655465 0.16159103191406501
0.14171418655007484 0.14976049341806513
0.15323092773287342 0.15980255096406798
0.13062292092656735 0.1426276681194473
0.1472919190588184 0.16109470509720364
0.16678783076322154 0.1703100454957571
0.14509196036026215 0.15873834114038873
0.1397943792233528 0.14488379078398728
0.14006075021034572 0.14678888798475423
0.11998750373548495 0.1280267682177249
0.13933233737622686 0.1470782638863272
0.1528693109287511 0.16165052866409793
0.14828794402909806 0.15508502436820035
0.18659364178633966 0.18845012554066998
0.1493603260637866 0.1565846705995613
0.1620953753388643 0.16784978595470731
0.12931825278475062 0.1402650627307022
0.18309541697429602 0.19232400273853376
0.14430001454217742 0.14999835757609511
0.13973987772380886 0.1477891865058298
0.16370684110857767 0.17317041555130383
0.1463103950236059 0.15478643564307465
0.13474080249940906 0.1436846917681318
0.187258215390156 0.19000093330700182
0.12771237328134866 0.13309242771495972
0.15892795720900882 0.16977660963355504
0.14404887563458801 0.14635696532355966
0.14163217099701422 0.1519083506750306
0.1550805317111411 0.16064510809715113
0.14103091477212948 0.1522897047430534
0.12446912237763176 0.13193057260991664
0.13129673916741383 0.14308352533935312
0.13481593329528693 0.14004294479547238
0.17306133000345145 0.18134080320831128
0.143701076066789 0.1465181740302052
0.15825316553837937 0.16240640050937297
0.15738214803424855 0.16595925832868363
0.16550071123697738 0.17493655464890479
0.17008673290480544 0.1781005722196742
0.13839996569031557 0.14350820245901133
0.16533083842753954 0.1776235474114696
0.13306496619609554 0.14442645150533767
0.14985203144252343 0.15383824385616093
0.1655231752323952 0.17232158666247532
0.1613076392839588 0.17138664940527898
0.15040099732990225 0.15967787829699615
0.1771979183011092 0.18291790526119203
0.1732963358118799 0.18129302355524
0.14145762013477634 0.1504746799638792
0.12843073904647978 0.13854804378912247
0.14980296245319438 0.15688736045390148
0.16234370876876578 0.17444849374586216
0.17354895482336966 0.1846455669787406
0.1539179178061081 0.16279829047421307
0.13912915633657602 0.14621239966332555
0.12442684414612075 0.1347155073934004
0.16037013985834037 0.16685509194069262
0.1253784658400291 0.13439933126266762
0.14765322435587397 0.15749644920071326
0.1543925968809252 0.16372392503412345
0.13357907780681105 0.14327388763561638
0.12132664089742373 0.13164266721983936
0.12106502348216074 0.1345303848651565
0.15098068466705397 0.16150051584172614
0.1271175340448768 0.13234751202772185
0.13093887555614028 0.1406861805417582
0.1466100416798514 0.15440828053405767
0.14735609711000752 0.1524133727588656
