0.28667392097099126 0.2965065475726389
0.28880918227246044 0.2990242781859771
0.2879519945710986 0.29596501004448333
0.28228558389459574 0.29119383357966605
0.282331402969167 0.2900698934899274
0.29150491425193936 0.299588284166489
0.2853922033376243 0.29156002765270095
0.2812947031845933 0.2913960299016421
0.28618287450614405 0.29585058474602977
0.2716830855872903 0.2821306546506338
0.2821480182826205 0.29108665321971755
0.2844719671404903 0.2924140523890441
0.2937274445804955 0.3032581194796891
0.2838185521774805 0.2913446806094122
0.27427245180316195 0.2833906220702089
0.29008946346236997 0.29577980743940524
0.2886971768824199 0.298061138073608
0.27981487160950125 0.28773163644848465
0.2830907093386624 0.29269588404306857
0.28294087891684316 0.2917122953218246
0.28135592284125155 0.2912575577693399
0.2880945698205656 0.2955224677475294
0.28266587709022495 0.2918860431879277
0.2788401685454721 0.2884896438798896
0.27880492117384 0.28731805863443793
0.2860389244714865 0.2913845063668785
0.282014462247616 0.2911274636677054
0.28309802021694197 0.2920474195195775
0.27779164509445126 0.2858914232999476
0.2749212662772495 0.28389608553325524
0.2731481257806328 0.2831900330021985
0.27861364440618763 0.2879929996717743
0.2797888545047203 0.2881722067938783
0.2794928049203812 0.288564570924745
0.282408560963964 0.2907464949636537
0.27380759623886164 0.2837176880339662
0.29269148425129443 0.3009419889841408
0.28163639171741833 0.28911718274510106
0.28694079652022725 0.29589464161721934
0.2767303817736137 0.2848644088615217
0.272374511777453 0.2801250309609878
0.28544024084227243 0.2951852339290324
0.2753132176149951 0.28175646801903914
0.29112192187726704 0.2991330880455696
0.27168240558490675 0.2831985739513413
0.2805874671587593 0.2891257268822025
0.2769856961118264 0.2874483468450532
0.2749403133607805 0.2857289560454204
0.2676603427729241 0.2774072396253235
0.2847134339668589 0.29380042032354264
0.2881182506999682 0.29813444489750035
0.2779202015061431 0.2868929192055773
0.28205221649251694 0.2911236764295073
0.28369331228576 0.290989431688444
0.2797015830562373 0.2880922603771081
0.28517162712961514 0.2943334722776774
0.2783586218116447 0.29018125933703454
0.2839014003442998 0.2922931357364888
0.2808383355602157 0.289996373867796
0.2749144854213478 0.28463593051995456
0.2781508919829194 0.2859146796265422
0.2788849803759012 0.28909742855157666
0.2742950479941226 0.2831510312472639
0.27918109655411133 0.2882407037104896
0.2769682609164778 0.2843895235498577
0.27286030298603386 0.2804720396810764
0.2809903229526641 0.28788060446628677
0.2810696579575827 0.2893474143635568
0.27722963952097956 0.2882176280920481
0.2856760829008231 0.294516597379831
0.2814878973793343 0.2918758141882433
0.2836325898548006 0.29337984074666285
0.2842086242589514 0.2937465844576253
0.2853613504052204 0.29338446380151495
0.28107539474546916 0.2883110199887555
0.28368830329200223 0.2923305544357315
0.27579169833478334 0.2858086904606606
0.2876397575882054 0.2962303138461744
0.2879292253721592 0.29527114134749893
0.2739803980963201 0.2828940627613817
0.2747463477193381 0.28512550288797917
0.2713011410381191 0.2775051494973551
0.28824930122597625 0.2958374779535459
0.27841927921063353 0.28728912622834113
0.27419247906051797 0.2823158406080126
0.2779789648338036 0.2874486441351333
0.2744723144552797 0.28712832635359614
0.2755383319503265 0.2846335112075333
0.2825493994271212 0.2904439817613367
0.28581137709904453 0.29314210751762926
0.29138867856790945 0.2995299137218805
0.2841151267756498 0.2931948552113631
0.2772717481768209 0.2851334276517104
0.2824994114946221 0.29023874644585934
0.28161510707036197 0.2885078731622796
0.2780844644928916 0.2872665430837386
0.2750795611128065 0.28272185653395193
0.2765888816948405 0.2855178300964797
0.27731898079712786 0.28664838382953867
0.28007127226152256 0.2895978841272188
0.27065860822270393 0.279817893266803
0.27996069204634155 0.28728170481188403
0.283838689554953 0.2921988968222314
0.2786506591699851 0.28841181112679715
0.2822253547070823 0.29070716348464076
0.2804223450830212 0.28713878542789173
0.2878878456301359 0.2951527941660065
0.2745429499301889 0.28230521175692247
0.2755497091357025 0.28290127368329426
0.27557432090319567 0.2868219943349263
0.27640887526472435 0.28661315737178594
0.2863631822897451 0.29448391672017926
0.284906518017082 0.2896431140987619
0.2815370098393554 0.2932851407953067
0.2886095883574941 0.2974427607211703
0.27240056094316517 0.28297109350821803
0.28317559520163127 0.29278332107998273
0.28659837490172607 0.29315734605652055
0.2832264175705399 0.29264212273986157
0.28351504787469933 0.2896325516837751
0.2883657341498552 0.2966242487184888
0.2815926749852154 0.2903887971487594
0.27596776469480183 0.28274875688602824
0.2772633826431824 0.28759226490265494
0.290262315474987 0.29622839181681737
0.29254260880815663 0.3001777687483996
0.2795546148521596 0.2896266303545259
0.283751473195289 0.2938043575900147
0.2816609368381901 0.29107414177991564
0.2934010821063367 0.30160025258727996
0.2805678183888015 0.28980201480365103
0.2853283440915125 0.29231215271615846
0.2808620101432965 0.2880912529620248
0.28707445021839473 0.29554524628558876
0.2873892252955229 0.29272117999329544
0.28381877457942584 0.29262221896304413
0.2881494967497622 0.29614983682502993
0.27506149043010397 0.2846472938491926
0.27661576188533676 0.2827557756568086
0.27088274567779264 0.2783713425455755
0.28611981849841706 0.2947123881989939
0.2756265740481159 0.28329061668740996
0.28827622750859344 0.295637060096121
0.2858426372261512 0.2930940633678314
0.27811728199125874 0.2847362709787929
0.29179430618502233 0.3019425693342001
0.2853016672654681 0.294458873234301
0.2857527577690331 0.29128763562453847
0.2812550111481707 0.29191934323279145
0.2776413568254015 0.2869029064209919
0.2808095944363172 0.28609824240713694
0.2831554662230544 0.2931026617238206
0.2749049992692666 0.28206494679799343
0.28184539444540097 0.2911958986452009
0.28781123061011676 0.29628654036310276
0.27139370426271847 0.28229513901694914
0.27892342137993964 0.287879917761805
0.2835171390087404 0.29022408885913303
0.27992889551276756 0.2877039019158933
0.2793993213472498 0.2871446385272954
0.28445625437831223 0.2928453700476721
0.29331013514862964 0.2985143405781078
0.27760524810735865 0.28659917786831085
0.2889662864372084 0.29919377142970516
0.2766540052831193 0.2853754478353099
0.27670540411841577 0.2875989140029483
0.2824079943048406 0.2906575258307147
0.2850816789750208 0.2923078381740896
0.2782773332130366 0.2895299525713673
0.2844214233038461 0.2955656577127214
0.28529095830567097 0.2928232935855276
0.28641558457804633 0.29367523509811444
0.27672232726610413 0.2839945539019781
0.2870481050792549 0.2960441370337368
0.2862745986021901 0.2946040380020108
0.2845577436735811 0.291299411775119
0.2847416235954725 0.29642952404293216
0.2774535425213982 0.2874018623405872
0.27742263545757256 0.28682757028997613
0.2803675954432386 0.28734313709947157
0.27652600988919873 0.28442794693211854
0.27746365286579006 0.2858749723908676
0.2754096587332724 0.2846704461457018
0.2839312786025457 0.2935908197103651
0.27955522174371544 0.2898356361835969
0.28654908427074155 0.29300817061240203
0.28489458965308745 0.29488884767627493
0.2750121934644523 0.2847131262758318
0.27597541335655024 0.2845332123685382
0.2687070772758003 0.2784309963272824
0.26847201402056636 0.2761580147332427
0.2775056927887705 0.2843975840017575
0.2817251407556002 0.2902176761350575
0.2720097773339019 0.28287457869690086
0.27523011550804216 0.2836069688413616
0.2868630844305003 0.2968555938833154
0.2832544310359366 0.29038626686557706
0.279738020562846 0.28902766803040514
0.2845529603800078 0.2930467444810891
0.2721522880804894 0.28126569386990824
0.278108948273982 0.2861757617196882
0.2839028956390972 0.2917250019761721
0.2864686434098923 0.29505762360759763
0.2826567209109762 0.2888550660657221
0.270547496093775 0.27969044832599615
0.274775589775251 0.28477378878003196
0.28235096246655533 0.28852417151795284
0.2806800855662658 0.2906336135050955
0.27828517686131726 0.2849779367583944
0.2815312034549178 0.29024718363540214
0.29093768886442334 0.3001251217458368
0.27976013818500106 0.28779270904039134
0.29034954304590566 0.2992365261245837
0.2766004159067985 0.2849063552014575
0.27914389803811585 0.2856134138999643
0.2735623084019186 0.2829325702327008
0.27978804476079433 0.2895124980522808
0.28161281380085035 0.2914562204858279
0.27846065063859377 0.28503236153229305
0.2740502099192913 0.2817955190218719
0.2836153037898358 0.29353006933682124
0.28399268353275237 0.29230241519725686
0.2779272636790478 0.28788547799875297
0.27362067080912056 0.28328440745452654
0.26879899714044025 0.27883583284450464
0.2696201601177222 0.2774038952096158
0.268644366225442 0.2782349549074341
0.2830785869867603 0.2909184476892317
0.2774742940121024 0.2828624777460616
0.28056972340227443 0.2885197593497488
0.2819510764371713 0.28838276435086374
0.2840203632178178 0.2918159318088221
0.2688437095802913 0.2772330887767495
0.28348464510789045 0.29293035386552296
0.26725486003715243 0.2788030041310965
0.28846341163846756 0.3002427094128921
0.2899099707259193 0.2979976173863361
0.2779258771355259 0.28705297173144756
0.28751214566146277 0.2957950880224837
0.2732519681390024 0.2854985454803623
0.27637908712154 0.2840725742139286
0.28315685515707056 0.2923126263336626
0.27565160288552387 0.2841784288681859
0.2772486344167486 0.28691611155200036
0.2871019634931811 0.2941581022236225
0.28761276581150463 0.29463894450569444
0.2927272418865265 0.3025715892972989
0.2880885661088781 0.29802231584666294
0.2831057564216241 0.2919011370357166
0.2834568078586039 0.2902792982945761
0.2838180356018007 0.2910115941526922
0.269414947475749 0.2763513580340594
0.27794049927609976 0.28751438833033666
0.28647086882360406 0.29423004920389884
0.2700256545034994 0.27760752161082236
0.30259014362997316 0.31125268392469474
0.2812563273405405 0.2882659182083942
0.27394735139845505 0.283819691638187
0.29672399922967085 0.3055653362762244
0.2763704095308896 0.28334333176267024
0.27941249292692183 0.28936651370939903
0.2812341006199602 0.2921172390586353
0.2742449382679588 0.2830539249903231
0.2826985876563382 0.2914066396693469
0.2874143474995151 0.29579836789050346
0.28875776200709874 0.2979426424248583
0.2762962989251989 0.28541708182743225
0.27844871630448975 0.2868508573252122
0.2759993223772696 0.2834851807234145
0.2758238174238379 0.2858738468577837
0.2708107606707296 0.28028665179149675
0.27317192781185196 0.28091995423577415
0.2771807817159425 0.28602182472695586
0.2878974624541319 0.29510803167198163
0.2845093727516043 0.29367061679876383
0.2748749720536949 0.28354331626240725
0.28597053207369855 0.2945534292037499
0.2708362479641408 0.27946780005601457
0.27686562711922974 0.28499664349196174
0.28851455481350824 0.2960437059392493
0.2755533259900318 0.2853033537630823
0.27908765012363773 0.28541094092784286
0.2925285061741495 0.29865753707789255
0.2811833668383409 0.2883233592472229
0.2718677440336065 0.2808523583097892
0.2814309048158156 0.29134744031715415
0.28577414561771747 0.29061516885827565
0.28393286021982994 0.2933410354813202
0.27798289926846353 0.28608820138954005
0.27828103707390756 0.2889275650793979
0.28302711009473386 0.28936667039425557
0.2808109986668507 0.2913265346886307
0.28125073632453196 0.2903731763633766
0.2774851509833809 0.28318661350727686
0.28822473888576144 0.297923212783853
0.2705823255464591 0.2800147843288075
0.2841473240181298 0.29180200388506483
0.2775940637571736 0.28465754954260997
0.28268937982844744 0.29098040311331863
0.28823336388747206 0.292631249064934
0.280285304420811 0.29060275628416826
0.2930669000066067 0.30136107996460276
0.282335192617371 0.29220957356281285
0.28994264552584137 0.2990614791498816
0.27872392764633014 0.2893877126519763
0.2906993588691185 0.2977263539691001
0.2849083734508527 0.29285436297520384
0.28189483933147436 0.2907837009024398
0.2827642458438843 0.29069268187972463
0.2775590021709853 0.2856974152249822
0.27673080958479557 0.28630502414462583
0.2803496108087304 0.2900868109958609
0.2820841185758336 0.29247320874827865
0.2866198480538203 0.29587534082298783
0.2750828815356806 0.28406302946886464
0.27966844301900995 0.2858251685294226
0.2838460031303072 0.29286989087772836
0.2710348674890862 0.28100335482417094
0.29236058893076367 0.2974178319951288
0.28057345680623313 0.29003179919787503
0.27028059427569223 0.2770809460290102
0.28920886834965653 0.2985392193410708
0.281189539511842 0.29060665625312915
0.27065504623037195 0.278473763687321
0.28423200983806385 0.2938698245892717
0.2724447468856326 0.28026390473120355
0.28927400017778926 0.297906338352977
0.2816117612356399 0.28781482729084457
0.28274868361233285 0.2888755117810752
0.2823562871731493 0.2917111247796777
0.2869208092204859 0.2968313219335989
0.27881622337136913 0.2891424991300196
0.26956437183688703 0.2789422219122037
0.2890979958132199 0.2989609599936469
0.29167656492918687 0.29957075974845554
0.29437357547115284 0.30454929311558776
0.27645741918705447 0.28599080378493935
0.2936046239997209 0.3004753912153771
0.28409985403680993 0.2890117313819531
0.27921989861500196 0.28686433258781074
0.28339528503149836 0.2890639304936679
0.2740255692617068 0.28087595430549017
0.2813266679693042 0.29232572906814275
0.28478954488659064 0.295417916658313
0.2771035294736836 0.2882317831363868
0.2798646894059025 0.28996061251640054
0.2855312559835125 0.2947613533798071
0.27640710971523524 0.2832545215352456
0.2748450644930086 0.2842694294106342
0.275063417267144 0.28355437180252435
0.2691824754285835 0.2800731296756666
0.26949913338572185 0.2790631093531182
0.2738460590064494 0.2813216889041036
0.2775715297244098 0.286103925895852
0.28969374503535267 0.29760037086888674
0.2727356271551162 0.2839884432541505
0.28651059881170926 0.2941288020731888
0.272678526563204 0.28173761845202994
0.2775086558736405 0.28687463205526387
0.2778720989422529 0.28690905569871356
0.28817817064584955 0.29284831301465
0.2769582978041943 0.2851584808235608
0.27841105380925507 0.28952574245219276
0.2718337331866892 0.2824309694139832
0.2882190864438549 0.2945635801329579
0.2855498681918459 0.29330850091817556
0.28485181677203414 0.29323182748044985
0.2757192308423361 0.2844143230356121
0.27803874012908014 0.286250872415059
0.2777343496479955 0.2883376229721317
0.2833038268060815 0.2899195752758755
0.288603544545834 0.29786457115706566
0.2702436754883684 0.2830222167545075
0.28399288470449124 0.293764549800332
0.2812079434585392 0.29139023879641685
0.28577581260337404 0.29416492965801394
0.28510285268448887 0.294748834140134
0.275076633084477 0.28586116759654184
0.2699552142372099 0.2779875719039838
0.27397871851103195 0.27993960651067573
0.2823173724829918 0.2922004371529259
0.28119049758352854 0.29027852804723836
0.28131485329237166 0.29079261825359487
0.28222996116411164 0.29260445679425734
0.2810823990132834 0.2896934508702595
0.2901644304832978 0.30054767478974864
0.27362840554524626 0.28483821272289533
0.2885760408903456 0.2965952090295847
0.2850734447786176 0.2950943500640726
0.28451006916837807 0.29297673294785487
0.271400308341313 0.27985916677518885
0.27994743328994787 0.29108293740764285
0.28589996533730533 0.2949867351420194
0.28119429256742234 0.29125724500059513
0.28679945200981943 0.29540692857534356
0.27725452108469467 0.28597637580825114
0.27150354456407627 0.27915898888659113
0.27274820707218145 0.28288434086689357
0.2819774040933459 0.29182238817626394
0.272234642701026 0.28211401952974957
