0.16110004747666493 0.16769238263987746
0.17873754345421813 0.18553599934232523
0.1593499085578099 0.16397210366509576
0.16803426417131156 0.1737363981392422
0.15345770258026914 0.15804591987792585
0.1699182700572576 0.17711500303796382
0.17730575743861177 0.18157885029147794
0.1687077144621957 0.1749513370741296
0.16427972526399823 0.16987838077717055
0.14448786575471592 0.151426391283675
0.16335686405773664 0.16794843371797166
0.15920802958750868 0.16314495527868347
0.19517934984078056 0.20036236554291412
0.17754046408802732 0.18218199038577484
0.1403711787002461 0.14573226368616476
0.17042641007965098 0.17510188957629857
0.1809851792496297 0.18731291132249908
0.1590248120747554 0.16556127280401606
0.15957793012129537 0.16630729912622927
0.16655614725264103 0.1733845399980166
0.16217712090340097 0.16737809322178934
0.18627478490927973 0.19231956355020832
0.1617779986289002 0.16795855596964193
0.15429255325856703 0.16052451661736677
0.14269423168500225 0.14729279216249763
0.1649457920556362 0.16673815205347195
0.15067505962908254 0.15524648587314324
0.1602709319822263 0.166260154972937
0.15735309161904762 0.16081345949942452
0.1584357146757059 0.16469254886657922
0.13813241706001028 0.14469409390383078
0.15620853883430863 0.16083661164381294
0.14735595787955652 0.15211895125722094
0.16896862775611246 0.17448054270612995
0.16474925681515112 0.16964572862889435
0.14311639548906713 0.14832297724168925
0.18218199211487984 0.18746937298924182
0.16489601193675443 0.16754722090418453
0.16999302521251042 0.1752701611758003
0.14580280875305757 0.1503148280343125
0.14116571670724776 0.14495228904335888
0.16900623974583276 0.17596954539508178
0.1512272219761189 0.1556550815706221
0.16728903822451707 0.17232812363094507
0.141738671750064 0.14792437352950774
0.16169963143473937 0.16661547373528124
0.15342486703911393 0.16017427706264317
0.14587367876734647 0.15295236196587075
0.1372247431444567 0.144758154249773
0.17190470731504798 0.1784171881732646
0.1673800893931324 0.17487202913609642
0.15126382711847264 0.15747799849598704
0.15541371234536924 0.1603435128655118
0.16689469363562193 0.17100637126496035
0.14306051477721407 0.14826879309788973
0.16290894307986434 0.16951853074246317
0.1498196082187832 0.15704596288074663
0.16615028968551102 0.17286727349207062
0.15945208767776908 0.16614175482423554
0.14390033171293778 0.1496500988314096
0.16246550560173603 0.16777553073372786
0.15910357767945502 0.16489222130217152
0.1587092153196493 0.16555008340278643
0.16354676007720115 0.16872627197147697
0.1391075591886171 0.1424265040758233
0.13952886199377482 0.1438690940141249
0.15064447155549918 0.15461456308323054
0.14648251733147388 0.15083890063119698
0.1650136849059388 0.17243134958864914
0.1634272035932036 0.16944166045341402
0.15992270477916765 0.16715189473722164
0.15820776990774826 0.16345168221062495
0.16592849707014978 0.17214230400980643
0.15274201656303185 0.15771820948551854
0.15947873566621604 0.16490420801810773
0.16264342407782714 0.16713032535482145
0.14407696778708337 0.15173013749064818
0.16727037623732302 0.1730360350815386
0.17083507602441014 0.17745190246594955
0.14558646839619185 0.15222858801207592
0.1597122480034346 0.16448946962779848
0.13211954971030754 0.13535253900650887
0.1626044506392024 0.16665734377708794
0.16093392038970228 0.16711769669720214
0.1576451125947382 0.16215748210928987
0.1522519453538052 0.15771100644973127
0.1484217627026015 0.15741482021059777
0.14483892409788648 0.15034429017833503
0.159560468803589 0.16501373636893668
0.16694895941696322 0.1719816944626269
0.1709864899081613 0.1762588187017981
0.1689273338322611 0.17507812420857205
0.1442939244114458 0.1473156750029913
0.16407209208933393 0.1696795590063782
0.1450793964901687 0.14800910518449442
0.15343046430969645 0.16014585958390407
0.1479890139773354 0.15304155952984105
0.1440627277249752 0.14975064668213178
0.15703190756394098 0.1625427895513033
0.15899583679046383 0.16649054488273796
0.15430220475625622 0.1615773519025386
0.1482250483736755 0.15271941835514682
0.17153710883165096 0.1756066963558455
0.14846404329266052 0.15469997275697506
0.16715786105108837 0.173178786455841
0.16100293307404887 0.1672427351807531
0.16902945991058815 0.1732022667906972
0.1371084775224256 0.14167638311979178
0.15007045474051076 0.1536635142354848
0.15319933570875469 0.16053908953884205
0.16184363218017264 0.1680594406622701
0.1758516636648065 0.17960056020601778
0.1704642465754231 0.17406779787327745
0.15455455277071725 0.16148213209174006
0.17763836919613563 0.1842880471060889
0.14899146159180773 0.15589435202225752
0.17647873851771054 0.18423651550683104
0.16862050079720742 0.17174506291856684
0.1615706934772397 0.1682816255498868
0.15573381379893808 0.15690586222105524
0.16984449250359981 0.17522905141031375
0.15752770528649418 0.16372333233736044
0.1491484655942159 0.15194882636128504
0.1636573734870289 0.1706583222411363
0.18107228094587666 0.18732738175921487
0.18958865835330352 0.19318904875658818
0.15971515722450574 0.1667391773946784
0.15470970651528596 0.159808849699993
0.15303346622082303 0.15849972387539266
0.1645433152072842 0.16956524638875212
0.1584063859760797 0.16354618211747501
0.15653846964358717 0.15881721085276804
0.16138054940659932 0.16547446366132615
0.1642934367480529 0.1711784869636797
0.16218636726056218 0.16453853953909903
0.17038957225302245 0.17609548404924166
0.16941663999415277 0.17390983172342872
0.15710771229739207 0.16248718786625488
0.15590574692713233 0.16010341585202398
0.14680974797320082 0.15174335834877767
0.17165533099359523 0.17770534252056824
0.15071937468832697 0.15483632739158878
0.1661446892803675 0.17067943690644752
0.1772985673823362 0.18104251493959128
0.16081892870830813 0.16439302983667725
0.1738146161898673 0.18096075633864717
0.15826508217138058 0.16448070704374826
0.17550027043002606 0.17983223817060962
0.15129576035931522 0.15911010320554608
0.14788863848139483 0.15383242175585593
0.1533371331738799 0.15532545079555557
0.14793968621164202 0.15459457338667126
0.15206964421501976 0.15718217524764871
0.16614444686397087 0.17184782160739698
0.19533276915103062 0.2012563273811288
0.14474124775722863 0.15123769675736673
0.15898811425953516 0.16418718709411542
0.16674402146655826 0.1700630834250769
0.15389858490896613 0.15813716953688342
0.15876898970041026 0.1633786835817901
0.16057430970084424 0.1654230371988062
0.1869175901157087 0.18932581327941442
0.1607710937188092 0.16611215610226535
0.16626241546407744 0.1737775369076446
0.16069269971580624 0.16550018009487472
0.16776994285349162 0.1735496924031287
0.1512253821323166 0.15568350817977344
0.15168283998680357 0.1576055628234655
0.17017438979929728 0.1778905057973833
0.16895059800724596 0.17531770246357348
0.17627112828233674 0.1807117858878786
0.16631100521163314 0.17192120922286314
0.15116547378441303 0.15524645295309916
0.16308734361583038 0.1683430535690911
0.163712683985526 0.16786174183636926
0.1579919784722819 0.1610601955055665
0.15206661173752664 0.15903910553246756
0.1428032674903627 0.14753625670462364
0.15306094789555957 0.1588864215658271
0.17050125603764443 0.1751229868360377
0.15300826365048115 0.1584648720870482
0.14482877769125105 0.15009322690465393
0.1336906924520882 0.13950681260744635
0.16307817469839236 0.17000793107252993
0.15523840927007873 0.1638999414234616
0.1586995730034885 0.1621265423814219
0.16485837706376744 0.17220018067116122
0.13968238544391448 0.14488089378464036
0.1453701012491705 0.15116574146816827
0.12813452101489992 0.13373387835182013
0.135536849675615 0.14072271623470098
0.1451770065786062 0.14843516000387685
0.1612786390364546 0.1665795395416965
0.1351554584280108 0.14203977406873627
0.15761482418797823 0.16193063337449648
0.17214543083401343 0.1793348450511299
0.1633083248554075 0.16664225025120805
0.1498194846741178 0.15521851320981175
0.14713946163114144 0.15052857877674972
0.14152980772868956 0.14606799422427952
0.16666986602086617 0.1727447414102569
0.1622875753546297 0.1669351079786432
0.17173363904871952 0.17801728832509467
0.16673370665576268 0.17095366879223522
0.14336254165215717 0.14834899539070293
0.1444504709072529 0.15087748762147293
0.16519956420893409 0.17043485813144474
0.1542071754382574 0.16023239439301093
0.1552514487797666 0.15908232259219707
0.1732008192133399 0.1791634235884804
0.16501207098468282 0.16999206830250913
0.15777120846673573 0.16324395719891385
0.19510180340320024 0.20060571905511296
0.14257129963569234 0.14719700553677043
0.15416742406409037 0.15666854597633112
0.14529732707079246 0.15197860915764172
0.16872970241992655 0.17575142508300157
0.16728783572958333 0.17344809585790733
0.15288929594759565 0.15653247159933772
0.14734818089392038 0.15314882045816483
0.1666086972313445 0.1721572091211064
0.1652741254857907 0.17047874443784236
0.1453645446485057 0.150746862297485
0.14936300522834264 0.15662476342643772
0.13113670731687813 0.13564704075133469
0.14055921636090313 0.1450378922871129
0.1546607715362332 0.1610179443534872
0.16478354852966764 0.16869363209804616
0.1478262608948501 0.15149900179391546
0.15694956307709712 0.16244594373481316
0.16422464813305537 0.1673646947478856
0.17182536722495656 0.17757335696285007
0.13920692663713846 0.14553421530889227
0.1669569244569066 0.1728876196229479
0.14327894444236092 0.15042050179407926
0.18348408270870714 0.1907347470470829
0.17173858072637135 0.17718968427688556
0.15049102084713673 0.15420923031455078
0.1635183705205364 0.17046944071108158
0.13660201751509213 0.14332905054876824
0.15438335111915757 0.1591007542442225
0.16179558513929831 0.16615962280289148
0.159374024553978 0.16353329508028708
0.14615497141295034 0.15226513156482568
0.17768856422953003 0.1826532312501671
0.16744329948926884 0.17160236350987118
0.17057371056102869 0.17721219860120763
0.16457229345420704 0.17135189228378905
0.16515668718958662 0.171281993663733
0.1577537530069936 0.16283750301794186
0.1589698058482047 0.16170748079451497
0.14228522450532585 0.14684304396203746
0.16000693459341414 0.1679995789479644
0.17615989322201955 0.17890158706154927
0.1348515632887851 0.13995073764366975
0.19626866797608006 0.20240944396533608
0.1508942510747867 0.1554374112048183
0.15572990232378625 0.16320786071225243
0.20690872361822749 0.21375995608785212
0.16886491328193473 0.1758784671187873
0.15718611287139028 0.16263399089070174
0.1729027791264225 0.18078393742840007
0.14343500109471075 0.1478121690771804
0.15211372480362212 0.1571806033018048
0.1796436060786175 0.18542370033937852
0.15312411254077737 0.1587687134377593
0.1331603173141051 0.1387684403948217
0.1595569419544557 0.1654695608617437
0.15886463962634553 0.16388537835443617
0.15893864134968905 0.16528865961878586
0.14934653706888923 0.15479160403882847
0.15818427441832822 0.16456610914287387
0.1528849716767309 0.15776026598913181
0.18390325751775474 0.1899780055222844
0.1621128759905403 0.167742580681118
0.15723935136940992 0.16433100582249607
0.15942822615578975 0.1661943428910771
0.13587429373730672 0.14081912745770678
0.15328322754356882 0.15714667315186062
0.17543263043853224 0.18138100007955463
0.16306849898875375 0.1694357423391303
0.15296475505572593 0.15604795751829068
0.16288153486472662 0.16620683528161218
0.15093476573291328 0.1558164352096531
0.13575515467318086 0.1405393277446776
0.1557372714545061 0.16157743195167193
0.1625845951861937 0.1649677931526154
0.17140375558408144 0.17551446607194848
0.15124936916004333 0.1555846790037899
0.14620381150348358 0.15302509298048889
0.16355073794855904 0.16790612125796558
0.1573032931495656 0.16197609660910864
0.15960250299952305 0.16573651673495912
0.15709900408640995 0.16079377133537695
0.1697760113994188 0.17618870587719146
0.14472274317586792 0.15086451104018408
0.17030153224314723 0.17448073473558312
0.15363301291581904 0.15939905091328715
0.1650142403312677 0.1717679063501007
0.16471292939611773 0.16543171577386342
0.1575735114096753 0.16432711581618892
0.17761506483749961 0.18268456860437263
0.1620754628875047 0.1685593244110761
0.18736934247750098 0.19334468527194856
0.16021098039643997 0.16679734944969263
0.19425638863014524 0.1976034207932718
0.1676069088618964 0.17249946832777693
0.15189397820837305 0.15602177239691306
0.15959756687394605 0.1639615650965967
0.14445665875511038 0.14857506049277308
0.14367117434701823 0.14954942254377043
0.14204554526447902 0.14845704613097999
0.15874325584167842 0.16673726086250204
0.1684840984023861 0.17594348480204486
0.1496662030824962 0.1560495215780098
0.16832678691617906 0.17146155870075103
0.16722534094191596 0.17305266331226746
0.13472641022016796 0.14020292779269722
0.18784811786183378 0.19280328362759727
0.1496694967756653 0.15457598295523803
0.13974278409165014 0.14384648198747735
0.17795864175842868 0.18506145912594568
0.15681279818908886 0.16308704797796178
0.13429968637913267 0.13892749057297246
0.17345678165549913 0.17832245190111104
0.15683569446563492 0.16154748162325444
0.18291644079532826 0.1887934978054351
0.16001257405094094 0.16481694136545275
0.1630601199072386 0.16660764494382554
0.16482526482549772 0.17038168955068467
0.17234268270633218 0.17876938572849455
0.16667375532195414 0.173231259000106
0.13656832942110966 0.1424060474894694
0.19669212602755207 0.20441348018992356
0.16840583311049417 0.1721358076193153
0.17509762357807152 0.18198382104389849
0.15333258570701377 0.16029195220258396
0.17846063967392362 0.18029735995345464
0.17326744076016032 0.17626937756322453
0.1471072166780257 0.15124381783176621
0.16781931267831102 0.17226233773983185
0.14441931173826408 0.1495692166721553
0.154716094602087 0.16109213643339304
0.1632932808404975 0.16896602922154816
0.14788291058827108 0.1562009047312765
0.16563380668326003 0.1736716821181944
0.1757355141426833 0.1807234975634022
0.16097954829377942 0.16414643565561127
0.13864928618488837 0.1446865073959177
0.1682708356906827 0.17394210504590715
0.14455065743872328 0.15129766599547415
0.1368930324491518 0.14220986721898388
0.138252434834548 0.1418837039789962
0.1651841125310095 0.1703115506167811
0.17767951536728754 0.18255703159867845
0.14654658899461243 0.1522322284984484
0.1741410165707956 0.1789861281020881
0.1587056527686707 0.16403255487219748
0.15398349366435637 0.15815080990212704
0.15037521951435673 0.1558115198998999
0.16497019280893122 0.1670057334257095
0.15151641894267548 0.15729032857072547
0.15620194616400562 0.16442577241650327
0.14178726853573684 0.1475020976325566
0.16497946147017803 0.1689226418583534
0.17344005246774605 0.17798791286477175
0.1534432784347488 0.15674309105629222
0.14015970227262364 0.1437735014734337
0.14816006715000507 0.15265602591659455
0.1447945131948713 0.15206515256320946
0.1719242991841526 0.17689583329544792
0.1622810165630257 0.16661510331324927
0.1394979344844504 0.14768898753327728
0.15957403433948894 0.16554280165458285
0.16238415088943348 0.16992913824579278
0.16148692667724904 0.16608241234466875
0.17534977860547185 0.18093923238007276
0.13469940966973437 0.14221630890378192
0.14560692532335368 0.15006373901097578
0.1436427982589313 0.1457846876519671
0.1606252133609141 0.16590313574839843
0.16237087688998228 0.16627689297902493
0.15995797693506658 0.16611782447740459
0.16983393340095324 0.17610425940033073
0.14701819016467452 0.15105327491405543
0.16685434086086995 0.17203431220644774
0.1470312677867123 0.15323256248118744
0.1579656424144748 0.1632022868690222
0.16357356555234376 0.16815083952321058
0.1593727607009628 0.16442660114655044
0.14188686364832673 0.14651591223908683
0.1507879627853714 0.15805662837950696
0.17709791102189038 0.1817814574948448
0.14503951608781931 0.15027873629748303
0.16479740090390554 0.1714776984688165
0.15599702765276266 0.16157734381919536
0.13087450425469552 0.13541558198786022
0.1495913022986145 0.15663343997073056
0.14840129712795344 0.15460595136329064
0.14936225503646086 0.15550961007630953
