0.2522749672637633 0.28458628056589547
0.2497881211401019 0.2819515835403754
0.25368810393244706 0.28608887908144737
0.24345465292721818 0.2809966755797171
0.24951649564043646 0.2836991148763655
0.24358070814951482 0.2804746490084059
0.26503613589647806 0.29981773025040587
0.2594879507001373 0.2933185861823569
0.2580235453774864 0.2979210664457027
0.2558171462255614 0.29401199409915824
0.2530305408627409 0.2856560758161818
0.2540588500461822 0.2873917021717622
0.2497304686557775 0.2811531550482304
0.2595910386305887 0.2921424362996013
0.2556761513217083 0.28922208928388443
0.25826638529396617 0.2963540628978116
0.2523978560988885 0.2865661433955223
0.255944515888154 0.2900545117340056
0.2568389286117532 0.2892208222589595
0.24146734090098762 0.27800882187533754
0.2566634337083188 0.2950316974524884
0.25527500663599323 0.28976265974754145
0.2608842583487447 0.29774371870485766
0.2523553362200377 0.2907044637090484
0.2564805609974083 0.291389557310849
0.2554352633741598 0.29320575732424314
0.26559978141568413 0.3015369037820452
0.2583250892416568 0.28976288272829903
0.2543994476958694 0.2895121006833457
0.24431542786636384 0.28205088668711753
0.25385233391589135 0.28889676693084926
0.2623625790324139 0.2984023049772979
0.2603086334474059 0.2962176776924115
0.2513340617592794 0.2817227342798599
0.24961084093554173 0.2824876600301384
0.2495462276337375 0.28463938888115525
0.24758055703383175 0.28504183270401806
0.25210312178654326 0.2892344447677018
0.2543088028803285 0.2921818800651812
0.2579998179815997 0.29425230656024454
0.25307362408312034 0.29301545343211083
0.2495438792484725 0.285708300227722
0.2560989084820317 0.2902544094440748
0.2595657501971174 0.2949611210499766
0.25343699350621574 0.2906260422632595
0.24645637891077674 0.28667446035242866
0.2549623817835721 0.29553311812004995
0.2528510623232878 0.29276069362382146
0.25369568836975537 0.28541696716372933
0.25589891868327175 0.2885270005757637
0.2595858328271988 0.2961420648429712
0.2499093791781704 0.2837055712340097
0.25378938079022745 0.2959986800508291
0.2487701007825024 0.2825591702771629
0.2574534807237125 0.2980083075773735
0.2544448182522063 0.29284174598932566
0.25788511051230983 0.2956970570964136
0.25365414059649416 0.28831005184166075
0.25092574942652063 0.2827481366155908
0.2508330560613041 0.2795621101382372
0.24464527765533006 0.27624400521790027
0.2641805215235262 0.29808721211951283
0.2559022644269417 0.2871493190618285
0.2541388326873221 0.2934487495414483
0.25854128375966323 0.29483701042781385
0.26015233959293294 0.2938486180460983
0.2564922653080803 0.29304278532559375
0.26019677297374205 0.2930747872453085
0.25564621924178155 0.2908587317757178
0.24897341719337884 0.28814651528814017
0.2521965974574783 0.2933784990763277
0.2550345545981597 0.2884786945551081
0.2552595189081676 0.2861859293636932
0.25413630001056847 0.29086170181021404
0.24349461322538232 0.2807199135992784
0.24952885308065983 0.2866208620012178
0.2596873224601121 0.294529406317817
0.24500589478645576 0.28322907400325814
0.25472103286563713 0.28798441345012593
0.24690418403244335 0.2855718438287687
0.25772741802642646 0.29226996823867935
0.2628474192781077 0.29741886220016855
0.24970617338814613 0.281778902016431
0.25062533735586573 0.28834329110057055
0.251846399047011 0.291310481509548
0.24632032753376712 0.28608216148440846
0.25603378198623516 0.2918135028807185
0.25466177216994673 0.28923269116443145
0.2448229974939121 0.2793076596097584
0.26810357043453725 0.3046079271680011
0.25326603503066375 0.2903123000790154
0.25866663871815987 0.2882908164293023
0.26254025302428874 0.300193630838512
0.2549021219161357 0.2906635164278238
0.24473067774174836 0.2838010979166688
0.25339187814165903 0.2905421807778002
0.26326175728996365 0.2946897532544628
0.24680628581504951 0.28409784583070546
0.2663867465754687 0.30106183911696943
0.25019575405354183 0.2844633684050098
0.25364190204964976 0.2917816663323506
0.24991394812831563 0.2887165008877634
0.2511874440608149 0.28499590813897524
0.2672809389413082 0.29740841960353476
0.2555784081474767 0.2919912651155354
0.25533492195826324 0.2928870140265207
0.2679295008552264 0.30660114679068295
0.26580960269366033 0.3008598267974526
0.24743299923178175 0.28308166483841257
0.25401183828676016 0.29061773420632947
0.24760668287378232 0.28253388130752116
0.25052240995909997 0.2859017777493544
0.254382155822635 0.28718735635422404
0.25738091816260517 0.2953962929488382
0.2506985893224727 0.28610802891474335
0.26415060171442306 0.30073308093665946
0.24332784977950217 0.2787956408506517
0.2568734247014126 0.2929064397101556
0.2508065606276821 0.2823252886910792
0.25763825114700883 0.2939739497542967
0.24816182124029118 0.28597373713796825
0.2594110210637535 0.29615078171068193
0.25582675331657473 0.29388023377281786
0.259349506809446 0.2960454377712247
0.2496605243738703 0.28950652136785965
0.2586092815764994 0.2923531809133574
0.2499332772252946 0.2844011059642184
0.25982482179411215 0.2952939119791987
0.2528759942236136 0.29248192706028314
0.2610261299963349 0.2978688038891566
0.25680038400661326 0.29513693946884517
0.25602816004261325 0.2926358535371447
0.2513056803092313 0.2893792575191194
0.2540858004197663 0.2920390991700062
0.2606241371808286 0.2951928975359179
0.25434558013141423 0.2924715674865758
0.2458704166261578 0.27999431901577787
0.2583706028042228 0.2943252989737312
0.2491414115143361 0.287958215022601
0.2570510860559762 0.29162903675875107
0.24541146585574722 0.2812954003403952
0.2510085326300301 0.2891951683607351
0.2564074875880194 0.28877460744337724
0.2508690837009544 0.285949456784007
0.2631770996116005 0.29896756022018606
0.24852427693669576 0.28597487577327324
0.24257761252312335 0.2772007589449257
0.24657068161953044 0.2828991068234873
0.24418221471426282 0.27728406501759306
0.250488295527519 0.2857949865026206
0.2526410074615678 0.2840811386981365
0.2549286029536009 0.2904804820839758
0.2572841650657693 0.28889587506966724
0.25705461275489216 0.29244559748837395
0.247580983682062 0.2836594351044347
0.2592843016128042 0.2918287387340621
0.2478977021675347 0.28625045424471557
0.24912430923098963 0.284051859842737
0.25364535948964634 0.2946066073914352
0.25997752730230933 0.29771035969227116
0.2503977306595354 0.2874132318221388
0.25082080837694926 0.28950006470573814
0.25748278029137706 0.2936984698125793
0.2518488781739911 0.2900795793340467
0.25870950169427115 0.2946107755989817
0.25078426226975775 0.2886054781063678
0.2540905111097102 0.2894363235249392
0.25725088716513506 0.29354053035159516
0.26685656340466346 0.2980837984517856
0.2562429511553514 0.29462066044456553
0.2590683120385699 0.2953968877115261
0.2569341155436441 0.28930245669229254
0.2572401349365094 0.29217051263572896
0.2599305820428561 0.29391213366608965
0.25137736540165423 0.28748854316544914
0.2527285395640646 0.2903924471768297
0.26450954222690715 0.29710624868155544
0.2513792487530631 0.2870168921889893
0.2556871258376967 0.289624402146019
0.25285279576432507 0.2880187414676257
0.2581541143848267 0.2928478835832303
0.2486646244617658 0.281177762464426
0.25493920468386116 0.29109375879913735
0.24685012369498077 0.2805308753649241
0.25641516994819125 0.2893580064683242
0.2498368110404189 0.2891218015631205
0.255909384582336 0.2926171598430203
0.25214094240904783 0.29049159265904034
0.25576898211086224 0.2914638307773002
0.25574653278906184 0.2883682835378805
0.25991409074194055 0.2942213547188423
0.25273633976088056 0.29250244627814165
0.2561347146719676 0.29307221767950237
0.2683454176088946 0.2993638512503335
0.25858759799542613 0.29396841271712354
0.2589737778154331 0.29223025989099377
0.2535085293413988 0.28526943862664933
0.24988423510518235 0.2811554859452399
0.24730433662904946 0.28417732580762717
0.26263390445991824 0.2993505874197784
0.26480318439750944 0.29600333628762204
0.2505160063756255 0.28788160501729754
0.24686923605573322 0.28368680956390124
0.26020997249545447 0.2987967280294007
0.26070726908765196 0.29818453967827663
0.2562534728926 0.29255726483231687
0.2500812979783131 0.28490884993116444
0.2555620896411411 0.29034765503861837
0.25254104466148586 0.2900549666271174
0.25135456109800786 0.28378182246841244
0.2598774445713721 0.2983178414664324
0.2632742840439079 0.3010594537009532
0.2576600092760595 0.29077800332793713
0.2520639515120856 0.2886652422207177
0.2549910812666015 0.2912534070062505
0.2541027763773865 0.2912511182007388
0.2593162253580624 0.2911482288070295
0.253735121083897 0.29172193916356554
0.25854240497299746 0.29812333152535464
0.25035077899424085 0.2815875041479324
0.24343795104948807 0.28056671981673187
0.2507302542993808 0.28790972547052346
0.2543887029149046 0.28958658482249433
0.2504244878815566 0.28664340228928775
0.25294688045839026 0.28610539253577727
0.26381984457077096 0.3021489777096373
0.25816862674846214 0.2920588211392484
0.2573029868853631 0.29456827210402875
0.259746439386833 0.29566262253914616
0.2518125894890526 0.29347236002040855
0.27005466617983 0.30282358654149044
0.24396797958138705 0.28300427012663737
0.2533607604910373 0.29102231408605156
0.2540959066900284 0.29098728551331937
0.2604522670657066 0.2973208680801983
0.24893225517929465 0.28798701813671695
0.25219938121040275 0.28720268969741947
0.2512894978789383 0.28731151747151645
0.2552615407388869 0.29587064353921494
0.259359569159392 0.29591141290711015
0.259378421877171 0.2928663159691662
0.25887975906574634 0.29391463942607576
0.25063608239403923 0.28666936144520677
0.2505344700269948 0.2888498284036885
0.24164008567970122 0.2751843771807589
0.2482279707477471 0.2839872622451047
0.2517335312485989 0.28828229342805267
0.24851447027811058 0.2853427534274849
0.2640379696782378 0.3003287605895104
0.25486214685443864 0.292347073068428
0.26158660945859713 0.2967564317948523
0.2577694040214596 0.29342048115217284
0.25766669563131916 0.2914864303609217
0.25086559844738027 0.2897550483892668
0.2513294728199965 0.2872288298040177
0.26501378344607196 0.3013995292728956
0.2457215538539774 0.280605052960865
0.24522406706978028 0.28223315893595163
0.25854481660859 0.2939773061574944
0.25552903757142675 0.28953380814212676
0.25554899982053153 0.2916996760057468
0.25836379427750283 0.29442711408202926
0.24461232061689167 0.28251817761954734
0.2505504538578936 0.29046039569255416
0.24433079137089503 0.28062545360359553
0.25521096194765364 0.2870891089841616
0.24633057301435354 0.2799515869859491
0.26065317244214725 0.29400995811929204
0.25834606191536796 0.29555333075652496
0.2574940291229061 0.29725277032802044
0.25636640086909207 0.29220652484503495
0.25128964850941543 0.28566485450161705
0.259217110063488 0.29522686751262506
0.2588705725153934 0.2956954029441471
0.25225041549899313 0.2916871029138646
0.2493277400257323 0.28639489080655944
0.25899929609884936 0.2972283868655092
0.2575918641847238 0.29100044381792606
0.25495229568782135 0.2930798696864397
0.2526736312347743 0.28706837573544924
0.25492381390928814 0.2912141222820566
0.25481572052622675 0.2924848719651091
0.2521691589467961 0.28448894556037857
0.2605367033327431 0.29607000280866047
0.25432928784227704 0.2902634982590783
0.25703205309740407 0.29070228070686466
0.25079491358303374 0.28523129740788405
0.25105460307137617 0.2842333286310359
0.26542282945444523 0.2978735866122643
0.25706170495880254 0.2947295208850256
0.24440096867420322 0.285521102020102
0.2530802122259489 0.28896509244482776
0.2583180251208881 0.28907232962551077
0.24870469503419784 0.28438561135029894
0.25590821362960303 0.2922618380368539
0.2515192914887251 0.28747754307021206
0.24266364479200433 0.2804712507318385
0.24990407275152066 0.28756009835194496
0.2659094507503591 0.3014454922227782
0.25338175769833815 0.28377821440956497
0.2529879875712831 0.29105627091607816
0.24552329487179603 0.280255868039817
0.2646233653329268 0.2991563550605327
0.25351732841095237 0.28517449799373684
0.2591509209627574 0.29097487250957477
0.2532528232356636 0.2882378424453298
0.2641193358609436 0.30311008288818375
0.25544363321430125 0.29028723699157766
0.2545354847979384 0.2936717207534637
0.2501137956809277 0.28699833816238113
0.2531176122631088 0.2873001322393068
0.25723266068596107 0.2895015489596918
0.2532481692828837 0.28643088050851606
0.2631691339074292 0.29343496083197296
0.2542013128008433 0.2894450123181837
0.25024607063263343 0.28817168550597017
0.24707772141395992 0.2824395236864817
0.2639479510441989 0.2992263647607783
0.25449370074847566 0.2924819755610095
0.24592504259980275 0.2827347995535337
0.25273641165568245 0.28973037051755535
0.24777334272963675 0.28203408567339777
0.2625515626003041 0.2950175556094528
0.2632783432157729 0.2994529004844037
0.25924135016637906 0.29589362124514046
0.2617822331877943 0.29220455213249047
0.2598842794568012 0.2926420604955615
0.24186797012959682 0.28130773463723746
0.2516878533643758 0.28665009570098643
0.2555874563030722 0.2955616151044318
0.24398933128239975 0.283668037591455
0.24965012402293746 0.2836457430389858
0.2541048481776058 0.2920799693438607
0.2633256515176465 0.3004159738071706
0.25894325460790385 0.29203517303681514
0.2474754045261301 0.28728844533196574
0.2508550156373709 0.28432189545977915
0.2568505968899437 0.2866514672977551
0.2532630432446259 0.28731188083501086
0.24401541219330977 0.2821773618314522
0.2522275094181085 0.28882505242052486
0.2648167913174488 0.3027272672367862
0.25808352178538835 0.29442649566173307
0.24942151016661118 0.2856590743185259
0.2538718773250993 0.2940135525522788
0.24840058480705746 0.280517973750678
0.2595987648054763 0.29847449549983507
0.259156060880984 0.29415472154171496
0.24965706711567523 0.28488281159733303
0.26051919777029764 0.29245639951561475
0.2571530339143512 0.2910517689920763
0.24111225300574546 0.282926251567447
0.2584384984317421 0.29389065121556013
0.2524768402820111 0.28914229111599454
0.25714892549860724 0.29091783973237434
0.25899981936668065 0.29790134697404574
0.26249583886646 0.30113553320202524
0.2524736484622402 0.28682469985176107
0.23970059509043704 0.2758246106657368
0.2625076694616233 0.2949132249722954
0.25433451684483094 0.2956964185261815
0.24640606274831348 0.2828848111332506
0.25275353586419774 0.2825884255196788
0.2526883413016901 0.29205405596675466
0.24937943149521252 0.2828086039112757
0.254082431951959 0.291286848946287
0.2481565175468305 0.28225301112914525
0.24659217928398386 0.2887356974345855
0.254223797554541 0.2914219641230623
0.2613464416799181 0.29306771495045014
0.25258807772597597 0.29075168299107934
0.25193442711150055 0.2901727915171299
0.25056473905857896 0.28420885907716026
0.26424724016299067 0.2974858412599167
0.2496564680465343 0.281859032351906
0.25194218593310075 0.28599083399459946
0.25594193688388606 0.2928623975557176
0.257892436282036 0.2922646422213873
0.2590078196046146 0.29539923461047585
0.2503486591151923 0.2886786513476386
0.258297467145522 0.2991530667868923
0.25995795050058945 0.29355894784544695
0.2478933056760539 0.28299991281832054
0.2580834523508765 0.2850665682124672
0.2601249964369308 0.29788875856294006
0.24604560451070331 0.2828199420559029
0.25279129689341023 0.2892092976505081
0.2661863687168013 0.29743478726890105
0.2585346714276538 0.2897333527540992
0.2634698822248504 0.29483911354703357
0.2532578390878371 0.28691738252306204
0.2537612868431142 0.292267752510652
0.25031010747699445 0.28809517508056126
0.2657070015736614 0.2969088988077537
0.2528063314888645 0.29062946091624425
0.24903162132405515 0.28341781823012513
0.24872762879332277 0.2811994780980438
0.2616060430181993 0.2980905778932524
0.246930795015294 0.2875416941685806
0.26350752356424356 0.2997956700761896
