0.1400561161370241 0.15998432773051352
0.13566723619612958 0.1575597131356495
0.13135504688956154 0.1524455858577613
0.1292869081086131 0.15676248175319973
0.13041057544627993 0.15494500475579367
0.12225236898578545 0.14657314394225182
0.16141407286391918 0.18826676255144584
0.14866546201535857 0.1694764600830782
0.13818671516390474 0.1654034961113032
0.13774893634043373 0.16648611326575455
0.1395500862460928 0.1623335156574131
0.1329495602145825 0.15774976889974437
0.11791963932863037 0.1388607825245776
0.14525214437237838 0.16964992320317074
0.1519346220503472 0.17727094112798317
0.13915057825598015 0.16663844100599043
0.12971389624837562 0.15122015214595597
0.13607813268163313 0.15636894041407487
0.1481245620670431 0.17115248048550816
0.11905531708625085 0.14529828909152784
0.14056509304863568 0.16691097123634493
0.13722547614643518 0.1614441023287889
0.1453316539417862 0.17173198978192555
0.13875325429485316 0.1654106407136772
0.14236876443446622 0.16718627457997864
0.13798635623647937 0.1659715632626138
0.15960754401022154 0.1868977381027526
0.1338672644947019 0.15765282014165552
0.1423322591180979 0.16714839264407824
0.12023012889535119 0.14535722765263542
0.13424610259183625 0.16000237433600056
0.1640019493928699 0.19035818011099762
0.1494667786452718 0.17323909868604054
0.12842189151914998 0.151604417733826
0.12257175736669036 0.14341630717752368
0.12818350612210114 0.15111538219491552
0.12413072000312236 0.1493747681787128
0.13613397318713194 0.16493626745407958
0.14091672068467956 0.16813529365564592
0.13675163457413514 0.16402307617338618
0.14392147420604715 0.1725844946910742
0.12827872712475957 0.15211356279161814
0.14624140960338147 0.172040449656473
0.15056685386160126 0.17376115676574186
0.14102004583539998 0.16651817735446453
0.12738026128703628 0.15692062438889914
0.13583469858912892 0.16425824331434802
0.129005843866449 0.15725313051145448
0.1360726599395541 0.15924604617638716
0.14022872816325527 0.16089046280450126
0.1523628164988127 0.17883639792987235
0.13085321107823045 0.1536297956523891
0.13407339915420377 0.1624781850438494
0.13158674208989735 0.15417380831091795
0.15745253632477857 0.18782083044418624
0.13930731125142934 0.16720541502276542
0.14406193998572187 0.17030369949774637
0.14077225390796883 0.16365629041495625
0.12174394946237271 0.14100383240117187
0.12821638420673873 0.14523419988723826
0.13287475262341103 0.1551004023372731
0.16021890090901625 0.18621102345557822
0.1392254805868556 0.16163686183043915
0.13427438192557103 0.16164240155628512
0.14216772029754207 0.16465915838843714
0.15130708259050618 0.17526477821824682
0.14626017101026537 0.17524325769501067
0.1531012221123595 0.17787600592890254
0.14455053647678245 0.17297265815150284
0.14055484347968256 0.16798951181074573
0.1439771929477842 0.16859692334929494
0.13005863056026473 0.15339193463555753
0.1305719663853208 0.14770616075533738
0.13774575739366338 0.16231122127474187
0.12208260015204837 0.14983090560339848
0.12880409923882236 0.15150596683669112
0.1547853497625159 0.17954127672493675
0.129256166094843 0.15798856521854546
0.14042984170090062 0.1665354368827934
0.12698853896223625 0.15162213664956595
0.1473358525048817 0.17151268868582834
0.15575971100872368 0.17827127014918068
0.13120105037800409 0.15412887303962827
0.13212115360148616 0.15759920799984872
0.1321675026520472 0.16053391758314445
0.129993886808524 0.16083168687787172
0.13808211949321952 0.16088413383327285
0.14196414720430467 0.16670022189781564
0.12483423330897113 0.14914499771419717
0.1695842374588391 0.19847200749045255
0.13829389531385242 0.16248759560962575
0.15855285209056585 0.17983380237680813
0.14416398194261548 0.16993438237318595
0.15079065826027085 0.17549795253976597
0.12354148035875241 0.15004214083798179
0.13707455745940128 0.16304056363804809
0.14643995155039904 0.17002144003543784
0.13129211955325398 0.15871929681831654
0.1569564829769319 0.18565517219291905
0.12569253272490613 0.14899800940606087
0.1394007563347853 0.1657040584769585
0.13635642918446847 0.16682018902393947
0.1286270890853312 0.1505543810615138
0.14905899129226347 0.1675719824254772
0.1401215801884355 0.1672542241860384
0.13472279609743518 0.159947794983607
0.1619959711144315 0.18827744184458142
0.1485449071402127 0.17343725354247522
0.12809775871384865 0.15230159575646315
0.13334329105921355 0.16138805939376694
0.1304424284063365 0.15333780256693103
0.13062473244477593 0.1564635148803339
0.13487692982850402 0.15820657823064804
0.13549426769515177 0.16056021607685633
0.13843062511767826 0.16168917609193384
0.1613452523684261 0.18566260714531754
0.12376018573972573 0.1495247357063054
0.13535503534725302 0.1572991209664425
0.13684873653708288 0.16013162071964254
0.1428142464571903 0.17029448349832918
0.13070737473221508 0.1532354572556804
0.14535891206070778 0.17248404692285618
0.15120597180772305 0.17876667009674613
0.15043844195767803 0.17852859028618012
0.13295994832823 0.15885951706447285
0.13746472732610066 0.15953714572458433
0.1324449286743035 0.15389124023370904
0.1430888048299062 0.16776447198729547
0.13235875822342352 0.1630604158688543
0.1576363939192241 0.18719519434910692
0.14950002011515623 0.18009728425927898
0.14080061936720917 0.16408779274767119
0.13165354273534405 0.15987611426710813
0.14303136455059431 0.16948620020071187
0.15053513042153963 0.17872052456356474
0.1368197965490948 0.16242403039184308
0.11846935847930463 0.14109890433285333
0.1517484199894652 0.17595644234721733
0.13857836858086225 0.16677329258840226
0.14621690735974166 0.1722533053121859
0.12654954955076878 0.15063365060717243
0.13366121825038663 0.15839201569086706
0.14883136384497378 0.17253205041491387
0.12373571757834242 0.1514088187157223
0.1527472552336282 0.17911906018419466
0.1285856053509905 0.15509893709831477
0.11844240923886318 0.14466546280953807
0.12348110357286085 0.14823832227382094
0.11680696235881982 0.14002634130366198
0.13407970517440013 0.15926800497756416
0.1353862210674538 0.15536977163236496
0.13107302840583693 0.15536212189491505
0.1400083965112422 0.1620545939705831
0.14373658277804277 0.16741527887424326
0.13335919909531396 0.16017260192532712
0.14024392370933966 0.16301354361910333
0.13162072497300717 0.1565312638637653
0.13124321930654276 0.15124596682128796
0.14325880325070653 0.17288460359462723
0.14212933915476 0.16912253080780215
0.13434305485505382 0.16017530246219847
0.1537468585810721 0.18522473559322042
0.14577493260155153 0.1709352392116873
0.1382802666868423 0.1647671403471927
0.1433712883084049 0.16628458304047228
0.12661534719841608 0.15057293389051205
0.1311680837864194 0.15552627380706702
0.1439549017727562 0.16928932297333465
0.1499114679587915 0.17324421177602176
0.1408670946127061 0.16737752319734533
0.15205149908499072 0.17901407887052437
0.13538814249709644 0.16105272472568638
0.14145326068236694 0.16235862068757037
0.1430440488591788 0.16573912484972156
0.1343458401486968 0.15899524672428503
0.13822731986823728 0.16360523215340714
0.14858998097199172 0.17420143479475744
0.14308180323217162 0.1682841772661562
0.13750996391887574 0.16009129530637548
0.12355503643127369 0.1509812984461292
0.1296654699997802 0.15112170708120665
0.13211037180831675 0.15324327381547317
0.13974464395026803 0.16552498111825242
0.12279452748662387 0.1446131477917224
0.1379737894922463 0.16103210361082823
0.13520487024866484 0.1613594086351751
0.15363921488826404 0.18132205943911517
0.12587128332569444 0.14997738039939096
0.1307284752778456 0.15363676211978486
0.15242868871704757 0.1782443703905141
0.15202143302310825 0.17700990879272477
0.1338255354293143 0.16192422120870523
0.13255132488120575 0.1590111365397164
0.16449201098140237 0.19112976847814997
0.15897021887218257 0.18716801921761522
0.1522956019370448 0.17866969719916917
0.13900231092253046 0.1604986666923162
0.12219638322700106 0.14233628968481063
0.1231288126781357 0.14802436056786447
0.15743935241756388 0.18469233076494496
0.16391945743246644 0.1845230884945385
0.14109560762435228 0.16837687782790486
0.12428565364297395 0.1516665193728386
0.15408524196140325 0.183350401356855
0.14661744234992735 0.1759994511329363
0.1382523615237889 0.1662180257784824
0.13143844469545196 0.15546677631952333
0.13825751471817388 0.16183923986473048
0.13957322849268955 0.16762636054752245
0.1227674459654184 0.14206964681130696
0.16095416683284458 0.19283181081396242
0.15657861653745245 0.1843347198964232
0.13646605076681573 0.15895614219625187
0.14997846452167263 0.17823654462899116
0.14467653204121733 0.16923405526358465
0.13317701139786506 0.15965262861425883
0.1554608507963896 0.17876368019448843
0.13492507459002379 0.16013978465964313
0.14225526444008044 0.1718244686800512
0.13202238827182758 0.153205166484264
0.12574271600967238 0.15342385555711183
0.1292727051258172 0.15402471586766614
0.14304858171636634 0.16859449494055856
0.13349176523025236 0.15617056461821846
0.13902250274301284 0.15990570492115735
0.17127333149047796 0.19852430720508915
0.14343710753955086 0.16699996080562576
0.1502676423698517 0.17991723532370502
0.1396989629262175 0.16433146666096093
0.14355291671824996 0.17384155291061212
0.15665311924812347 0.18093832078676317
0.14069857314996556 0.16855671240094477
0.14107368795557054 0.1706121230966237
0.1366521755335624 0.16219644001375216
0.14742924441528124 0.17438506706440055
0.12285093269587771 0.14938449771530385
0.14167954154951265 0.16761309821330334
0.1351161837697793 0.15991025740188897
0.150714757597666 0.17777426454375667
0.1500021644533055 0.17770531619911112
0.13373077568433572 0.15628132888644033
0.1396502391579661 0.16503879251163625
0.11963007165762564 0.1428802110859065
0.13804456578268112 0.1646187947052667
0.11318940518480432 0.13743470558616183
0.12679206080701017 0.15218966042663432
0.12875775454438798 0.15260076674529424
0.12084513203494429 0.14454664418636534
0.15365063902043266 0.18059479907282078
0.13299219523030728 0.15681025946267513
0.15760875686891876 0.18567953856802927
0.14722117337671625 0.17424266768794397
0.1479980985510401 0.17081951509271476
0.13482716555942542 0.1636435419256283
0.13851330795236833 0.16649150476451638
0.15489022626290683 0.182987159984913
0.11910933157357942 0.14260802296093913
0.1258417636858131 0.15157521669238505
0.1493805461106946 0.1749351391812102
0.13283863267109358 0.15632418045504642
0.13968219651433372 0.16478120921464148
0.14746243454448651 0.17427442695260015
0.12104446936628321 0.14532046832539663
0.1276124881691114 0.15365141274719366
0.11948853195133084 0.14477524665591898
0.13573233266310755 0.1564925729306511
0.12548910778033498 0.14916051031893005
0.1388649465775738 0.16243467345822943
0.14221740977880679 0.16956421366327457
0.1404907685076253 0.1664673254121085
0.1431505717676895 0.16983818582985954
0.13032875073184727 0.1513781099945611
0.13448696338807276 0.15823405900161322
0.14675152751123924 0.17422968603132938
0.12775240636616272 0.1543680172268029
0.1303944913629495 0.1543171512189066
0.15340868263173701 0.17841471935371567
0.14820067481929747 0.17541760466572268
0.14597128418537378 0.1728990274550981
0.13171745638448104 0.15824917424628712
0.14421126430560563 0.17167725403453515
0.14510288374077263 0.17141719024648383
0.1303726151177405 0.15226718501729694
0.15109455654202597 0.17544657783229253
0.14042325520386467 0.1652718495526821
0.1433401889695526 0.16855740733430052
0.13184850825402014 0.15820028106864545
0.13568031937870453 0.15891871182692732
0.1590750971404589 0.18240845624891402
0.1374668001361307 0.16147316493460423
0.1256808833016244 0.15232298490895177
0.13837065721648723 0.16381321251506573
0.1462456626218218 0.1662038263118011
0.13392623752958804 0.15754619605813014
0.14282164862635327 0.16775186586842106
0.12285169179797488 0.14531987587969977
0.12358554928533935 0.14674589721031506
0.12961951490877655 0.15755986331657135
0.1625629450946663 0.18838884143723206
0.1338716042360514 0.1526468676026416
0.13161342290180217 0.15865510666022148
0.1243488746394119 0.14658185833712384
0.14354021397624542 0.16879730577901092
0.1391456250537927 0.16216301276904607
0.13378884523506615 0.15300876766422108
0.14455749231996137 0.16973690029108135
0.1684294483036311 0.2004829868584255
0.12793790165870134 0.1516644138712772
0.12954495864127372 0.1545317878079211
0.12399730118331499 0.14913006887324934
0.13703898502885384 0.16168168091653323
0.13509640526589803 0.1545816431708344
0.1410766584583234 0.1612406379871257
0.15484354426810265 0.17840025397422338
0.13994971912963222 0.16595081233953773
0.14298079282012846 0.16932320903152748
0.12820474747967145 0.15023304357536793
0.16245556641939504 0.19207096751790295
0.1316380650341146 0.16018797673211474
0.12743813612492386 0.15208229214861516
0.13497562892816214 0.16168097337580067
0.1283444510206288 0.15086021225238833
0.15112759453899569 0.1761902380259222
0.15283284105502137 0.17934527543447587
0.14980912919808628 0.17527171148375753
0.14607584595590714 0.1663935621600521
0.14908192209895407 0.17274316839768358
0.11746539859618267 0.14403019460429328
0.14579979526139694 0.17306886083173742
0.15145571665859217 0.1795873308603639
0.13245528241621138 0.16331108578596112
0.13014685037266113 0.15489137503969685
0.13643601541978062 0.16315126309915287
0.17782394346032704 0.20480157496201054
0.13851991012118833 0.16310730052915448
0.1258781205199098 0.15156380139813516
0.1388467234558679 0.15966117925465553
0.14059922156651708 0.16100132726391905
0.14543316072802445 0.16930925413615328
0.1254167436437873 0.1498825399832172
0.1293993073599028 0.15818236047804834
0.15647197175082647 0.184414281824725
0.13936204353255835 0.16337397641919643
0.13147967507849925 0.15414812840593337
0.1404457496162015 0.16805073059302636
0.1315596852825734 0.1499825503551035
0.1558255120468075 0.1850345039733017
0.14641195892069428 0.172440306073619
0.1314021334735256 0.1552692740501543
0.14430703706319345 0.16611268238692387
0.14589612521699594 0.1708996409970234
0.11370516251636448 0.1425449223118946
0.1347593266639629 0.16167014694380138
0.1398990250338392 0.16726410158626592
0.14294582852789015 0.16584576786568322
0.1570474823477437 0.18872474334414777
0.15278885082753862 0.18173118213765338
0.13752531806201618 0.16143893776370297
0.11178072005618792 0.13413603928900003
0.1446452699007151 0.168104478123195
0.14575435667836154 0.1752390424549315
0.12561198727426026 0.14928803448325517
0.1337505480265403 0.15431121552018123
0.1290338938867886 0.15632467377494796
0.13030571312573272 0.15449251120193597
0.14194049065053307 0.17016362524014367
0.13533174593348377 0.16170566280343532
0.12885962275542642 0.1572265608638928
0.14488793617306903 0.16766619057262974
0.1570843582731776 0.18101299454673894
0.15713145044620638 0.18419519451658659
0.12427760126402797 0.14861244455682182
0.13519956785602852 0.15846344841508614
0.14397226367525853 0.16925677437628292
0.12469116047635469 0.1459687882811057
0.14181446561707745 0.1685408643859413
0.14913956883962412 0.17842783324149816
0.1395245431668772 0.16314208041874653
0.13941885717856106 0.16477595338797232
0.125444574372092 0.15261623738155375
0.1539226318006321 0.1854282024260672
0.14630563217708875 0.1712101950590432
0.1303599382063096 0.15806473462103884
0.1404178781422406 0.1610410161169264
0.1544859536568415 0.1834262540938305
0.12991728418561965 0.15270775286686378
0.12799765371396415 0.15182944476947946
0.16601849038767222 0.1872050410737787
0.15437101288445373 0.1779960759354736
0.1529576634465086 0.17399658784450844
0.13637508925495134 0.160995472003018
0.146955712636782 0.17525332993621698
0.1324489068721167 0.15807852273913653
0.1490224526462247 0.17449020168322973
0.13958329807691505 0.16782678083842145
0.13867322211882746 0.1586304009822285
0.132591448569163 0.15280284109223424
0.15918310478999048 0.18648528583704524
0.13000244137611977 0.15976183019506127
0.1514154424435349 0.18001238041011824
