0.23836894215455265 0.28401990938089483
0.22168129935774833 0.268396597635974
0.24239809277735455 0.2894815422417947
0.23363972111093304 0.27738010070928965
0.24046921809913557 0.28256123068219097
0.23174109011318642 0.27762760923449775
0.2433178522439522 0.2823941511784634
0.2316312416496159 0.27986055014225447
0.23063547358628977 0.2714456610349687
0.24056114157722222 0.2844353864070695
0.23713782689293025 0.2853320379730818
0.23645406378147843 0.2793277492906511
0.24198306102512376 0.2848093020614207
0.2368024184098787 0.28045161699932136
0.2364271756535276 0.27694970151095666
0.22780588911018218 0.2704863921669105
0.23523216714095782 0.27986847656253483
0.23095170446000202 0.27366095705534393
0.23575771512874372 0.2787319712136323
0.2329126931682815 0.2766862947328444
0.2318665900791865 0.2784235476893198
0.23948173354338956 0.2864221259863118
0.2269333732066 0.269788529680359
0.2302809410481856 0.2732475989223036
0.23533312641499496 0.27853525775625987
0.24303224113182612 0.2874619105362707
0.2245589617684726 0.27015378098969817
0.23594273998358817 0.28271881892329515
0.23092089164753668 0.273359244638124
0.24155040428404062 0.28021294180143774
0.23614845609386848 0.28047813020436346
0.23225996980369587 0.2760832447520395
0.23230492077067957 0.2783638553332325
0.22932452211875373 0.26769561756794974
0.2380297416493513 0.2780296209298709
0.23328450249989 0.27679901073150087
0.2377525572679053 0.2842995310202361
0.2278042458425536 0.2718368907039401
0.23179093122218156 0.2782701799689482
0.22412679768228394 0.2701454980828984
0.2276140898768057 0.2716869323558364
0.24121999859254983 0.28121990762107846
0.23724617255549255 0.27674235568570393
0.23875166220348112 0.2790632077026302
0.22875508550015816 0.27302535199405287
0.23174713571690508 0.27570056227631645
0.23612974621768876 0.2746987362780045
0.22785471272131932 0.2728929319520169
0.23600245658141938 0.27659406950741294
0.2349284326008997 0.27748341844849034
0.22285526302352165 0.2682369283929471
0.23331822058783844 0.279654179024975
0.23621340580730965 0.2808096081244964
0.2378127682639375 0.28237240024968363
0.23307789034781 0.27522440030890444
0.2374592932559023 0.2791997130114229
0.24321923456513636 0.27939516422155103
0.22574448182963683 0.2642620100917694
0.23211568251829265 0.2779037684036752
0.22486652935232634 0.2639471400153021
0.24483375900463797 0.2857208860614671
0.23394069801780232 0.2768268541288812
0.23708826795417934 0.27826299519605385
0.23636118518221225 0.27806228164893115
0.22506896787149797 0.2681091653356181
0.2239116224396829 0.2698803599073908
0.23786312121059192 0.2774909262180548
0.22299908556777834 0.270404572031842
0.23462799883005778 0.27538748631326565
0.22547854325975997 0.2682210554640295
0.23497197299323744 0.2763156444638124
0.23474863726983267 0.27528025051847144
0.24677373439317343 0.2864230559781045
0.23787914351813946 0.2823143788280409
0.22373458467624266 0.26683041820292086
0.23883046990887963 0.2802950985605424
0.22799142971303102 0.27150273162202826
0.23253259906289386 0.2754364755036583
0.23179344337922966 0.2720548003067692
0.2417170109418706 0.28469207097717847
0.2398142454211502 0.28184851421978696
0.22154125896712484 0.26549374269513115
0.23105088000663762 0.270255293859661
0.23101670922379003 0.274588625025347
0.22892064787521385 0.27614120120349567
0.2347033207777597 0.2764276856445153
0.2287024987256185 0.2727845179945233
0.23908834376412672 0.2832960155244718
0.2303409344019975 0.2748469071245431
0.22799307001225497 0.27288212450822835
0.23141897288744284 0.27848912422272537
0.23241159177690446 0.277697911132677
0.2319171515281736 0.2734280005787646
0.23843010904193915 0.27510482180153245
0.2297890046685697 0.27634696795287966
0.2244379289931702 0.26724685167581885
0.23252458917619387 0.27969655927893394
0.2402476027492285 0.28644787255396875
0.23758457462034305 0.28177048472331173
0.2317153960814308 0.2745924801319984
0.2349641277831341 0.27560650623444993
0.2365260204916973 0.27672335815775956
0.2368996152993723 0.28120514832475463
0.23620206026554005 0.2815403431794704
0.23657435856268266 0.2805866705932388
0.2350844033626138 0.2760283515075736
0.2355641439266824 0.27480186128051953
0.233966768649546 0.27152323466942235
0.22937141010309095 0.27401489117238165
0.23526817054801596 0.2811647761495631
0.23800387819372207 0.2815465541739796
0.2361403003616465 0.2816729430949539
0.22958692721077173 0.2757228768824582
0.2385160062771492 0.2763628155952841
0.23916968039343903 0.28402482920601263
0.2353955173787233 0.2734210887235627
0.23726894043976415 0.280046236871807
0.2353338849160208 0.27868818454188515
0.2364223349261469 0.28192229192204743
0.22968391450198933 0.27909104900385595
0.23330255724933904 0.28012448349740116
0.24100813367009896 0.2841000920421265
0.22748979714319606 0.27255781788057765
0.2215438315916646 0.26565856079594213
0.23804535875445787 0.2773724531405339
0.21973691104960827 0.26522819141508885
0.23168172694347647 0.27530723256192496
0.23444731502823107 0.2747599535214974
0.23528545196585757 0.27599215325527987
0.2326589647992218 0.27645804140348545
0.24093903043626352 0.2806356352649665
0.23278014782363207 0.27483587086249234
0.22968501490965465 0.27137442930055056
0.23402189665144707 0.27519580482747213
0.23139746000251313 0.27208656761615585
0.22787939912036143 0.27177564189342424
0.2371527125974026 0.2801345484656389
0.2234615353002702 0.27138592103808973
0.2294144506290442 0.27060213020999824
0.23981183600624334 0.28048573389843745
0.2283686654951646 0.274405201642408
0.22634589180454365 0.27493729829219216
0.2357434093136455 0.278000672731365
0.24028771893278977 0.28708535829832404
0.24001522415904156 0.2824233630708465
0.2277907216240708 0.2754373437399902
0.23459755054976072 0.2834357206582322
0.2263622598016077 0.27084007479380656
0.22974516540351028 0.27201900064096673
0.23536541860167037 0.28279509654646395
0.2364348558932896 0.27893476672358003
0.23345823967294457 0.27513475280345673
0.2321969187908766 0.28134414595228124
0.23917308235328086 0.2846324940675968
0.22756530589321272 0.2751423336305843
0.23442664094636623 0.27795122271204165
0.23041667653452017 0.2733129173153729
0.22984931817320173 0.27554783568390717
0.23764796245349698 0.28125836272848664
0.23670682282866734 0.2800947790551952
0.23634583153183733 0.2796832936376848
0.23461196668403214 0.28329391087581157
0.23565570080167977 0.27864189856872507
0.2377956319306209 0.2779360093101409
0.22728589112520517 0.26603571267648846
0.23071030285987285 0.2692721844354156
0.241155062475306 0.2746393854339632
0.22862961576333177 0.27461627774194064
0.2372793246806705 0.27627435242531156
0.2351293896439827 0.27876915753909415
0.23462085268205748 0.28046954082521075
0.2330142663493264 0.2795342962069418
0.2274395518179696 0.26692735503918485
0.24043975947240712 0.2893502022652531
0.24260195032735754 0.2888918352101621
0.225706892738853 0.26561512606154014
0.23086021492274797 0.2731886008723984
0.23554302859762574 0.2741241799535915
0.23727980261320905 0.2800385274017797
0.23441026486783267 0.27562460116690707
0.2245086172816801 0.2650258161966584
0.23138293648809585 0.2722200613928111
0.22664040540061609 0.2756489003625812
0.23395125696369395 0.27567683008119803
0.2347070388074514 0.2785076508917021
0.23227384179257848 0.27947474167428354
0.24285699742719066 0.2869531277141028
0.23707520560131418 0.28248851253299345
0.22954611647378165 0.2726401007646977
0.23931770346778675 0.2858550744294944
0.23616737850836675 0.27978891298403435
0.2320170215276477 0.27546206973740583
0.22857426203525602 0.27282575787571806
0.22749835795932563 0.2730441056267298
0.22461930189310636 0.2667835185149519
0.24059585830803606 0.2876905035482001
0.23247942765083357 0.2781055357238322
0.22804767859713085 0.2712583572808445
0.2382450470978882 0.2847547770662524
0.23724986042722573 0.2836930109612688
0.23396881529429345 0.27681995426692196
0.24139081822005543 0.2822748626420701
0.23167808903189535 0.27105469119910935
0.2330775581830206 0.2715799481520802
0.23361427053067488 0.27883681805687344
0.23914830960078665 0.2803795472424074
0.24401280238200082 0.28892193455570203
0.22891454268739445 0.26756713130237786
0.23728791825492676 0.2803066320103314
0.22941157958520472 0.2759852812803918
0.23839857690172442 0.2781343900035302
0.2346606952641065 0.2846442108091344
0.23685059799410865 0.2774312409764913
0.2328206834682342 0.2752017767953835
0.23173198968273911 0.2714903380372372
0.2393932532207934 0.2799644992454807
0.23055813191322047 0.27608960391159676
0.23460774150876787 0.2771765487428088
0.22550795524550862 0.2682877490616164
0.23650546529860958 0.27973983772692895
0.23905937041180236 0.2847027282163587
0.22901062162097427 0.2686229508752518
0.23962595572231093 0.2833691424721801
0.2335885259291028 0.2791084058542298
0.23660001785265947 0.2855734910804851
0.23519080819475055 0.2720996530152443
0.22607041302361433 0.2697633906150587
0.233398660046975 0.2802460100521242
0.23633010155319123 0.28240073381512804
0.24089509458652417 0.28397998969587185
0.23855853714967054 0.2796534580526203
0.23508200606116722 0.2809743925252972
0.2282967806798275 0.27486105321811344
0.22961904401893057 0.27204217007295445
0.22832379053905164 0.275175137332907
0.2306401324163636 0.2752218462213445
0.22451845101452006 0.26380741463055873
0.23309318567419918 0.2795170874709478
0.23353711716239658 0.26941766942004375
0.2289659419821949 0.27555017415700034
0.2370827677269748 0.28376777427660443
0.22956652891813437 0.2687453225753188
0.2339525872558718 0.27965383286411144
0.22932386760326254 0.27126472731977286
0.22205704504626192 0.267112240016766
0.24547347114408638 0.2873062888032145
0.2469172738888627 0.2881744269314484
0.2381557949844615 0.2825667202802184
0.23100813069550327 0.2745022496396822
0.2381871538981455 0.281720942183915
0.22779801596686647 0.26884623187527806
0.23524995925827683 0.2833208995738439
0.22657729614919944 0.27195155720090963
0.22704827581531503 0.2763907596229927
0.23294387172077283 0.2727642272314153
0.24278608378345504 0.28558077596755765
0.2337819572065156 0.275051530089891
0.2301155372948935 0.27373765708036624
0.239583955633286 0.2824612260460891
0.2328188176013486 0.2760625778786188
0.2302055058819124 0.27722725845702123
0.22977199225616246 0.26997793745330206
0.2367484475595076 0.278612852913373
0.23516327387690442 0.27635819784710475
0.22958480236475015 0.2738138657182442
0.23109899543910767 0.2735581805556578
0.23458490027846537 0.2731594472660616
0.23846524093558077 0.2842314750235652
0.23362222148821613 0.2706979023598767
0.23169070415583803 0.2757883550329328
0.22835531634287162 0.26904548514872473
0.24110410103893654 0.28613772402372334
0.2310506467908388 0.27782145885096976
0.23184555781700758 0.27239284389809176
0.2372689813321024 0.2799750532520506
0.24148860282574194 0.2858408529767457
0.23388322445969298 0.2782107592019759
0.23864988630557063 0.2777968355139028
0.23732737679134824 0.28080962351866356
0.236004285320426 0.2730792592695024
0.2300782130109114 0.27192165553413605
0.22233206633918007 0.2638354395681095
0.23174224051007175 0.26851052092731553
0.2272786463505755 0.2737175808249815
0.22900714963259272 0.270369523675769
0.2284034948815976 0.2739404677727425
0.23097253249090446 0.2678728092868735
0.2439779058932429 0.28777490697430347
0.22464059658768618 0.26893762688762407
0.24059453347049006 0.2824144828858413
0.23837338928036816 0.28139357563807305
0.2370328561254261 0.2836300615021497
0.23499263393628772 0.2725651778613528
0.22683276534020383 0.2651925185165476
0.2425386264155436 0.2835678615763233
0.22467038099121256 0.2682766732006738
0.22801454902381163 0.2710592378612793
0.2434731250926832 0.28619169295269814
0.23256730764153563 0.274829292377872
0.23165413190365908 0.26819500752966613
0.23503563511526385 0.2781401138620882
0.2344937815672964 0.27279816970174525
0.22993701350802598 0.27145380715487233
0.23127059704590897 0.2780944766197292
0.23569006956015143 0.2790291394344533
0.23295891391020565 0.2759676145520012
0.2331464577333389 0.28014012125589716
0.23426169525144577 0.285227584964661
0.2298859928304955 0.27475277017375005
0.2343443511881631 0.27693077273289046
0.23262062140289952 0.27637488182194825
0.23315325992616606 0.2788989022987988
0.23102123229346494 0.2714061818927046
0.23072979620206785 0.2772556168291453
0.2264364720825144 0.2746985440793733
0.23429537191117453 0.2801471175810035
0.23182310335155715 0.27612294443831903
0.23048299371364347 0.2782307470936226
0.2333194901189284 0.27940270615538965
0.21635530178641874 0.263493896553015
0.22607400626111512 0.27089695165294514
0.23723666431345197 0.2796399406842665
0.22302804654330882 0.27093278986910574
0.2275011614865035 0.2711953840365873
0.23280290229919315 0.2768416374448469
0.22805896934278003 0.2721985775475619
0.24515957393197202 0.29061800336591437
0.22754030843911496 0.27286544105552163
0.23999889765803492 0.28269726504463594
0.23830753599810225 0.27709646031997137
0.23420866652042824 0.2769071661832332
0.23315429932156537 0.27879811179282804
0.23288218444074912 0.27153666557803163
0.23516169303142853 0.27541072519378923
0.23156023851308652 0.2747902767838097
0.23040411083455614 0.27183976735895415
0.23130675983105242 0.2701538588498975
0.23803154048535746 0.2794857478678393
0.23904018669389612 0.2820385969077215
0.2337197680774679 0.27564950633028307
0.2286723386791501 0.27597113809425616
0.23234878234995254 0.2735739239341543
0.23289394127079496 0.27824905732882665
0.2313651452920309 0.2811181683737502
0.23588720300097105 0.27657536527094273
0.23325096864325254 0.2777985833309912
0.2258393930997652 0.2709942298167276
0.2297830860898384 0.27274603958490307
0.22959308952998214 0.2724905824830852
0.23863244762152827 0.28269758019884017
0.23236795660590565 0.27823685161663536
0.22966880909205248 0.2741588308320607
0.2335399063356936 0.27761316387199814
0.2339098874771923 0.27825062530897815
0.23267909631415198 0.2780470924888045
0.24630702662065013 0.2874996723137514
0.23745952564274472 0.2852892331399867
0.23884164581049216 0.288517471322381
0.23216339385277845 0.27726051792794126
0.2327578098057645 0.2777155065714526
0.23505464725725692 0.28064726920884764
0.2302934384004966 0.27051600514992624
0.23131606380094766 0.2741025040912513
0.2375616924233434 0.27888435976288256
0.2428181036822522 0.28483023498587695
0.23366996706249202 0.2743600495669707
0.22883847629029488 0.280627551361173
0.22871504174306662 0.27389457303620923
0.22720614833623415 0.2741226135815288
0.23401632142004528 0.27392069022284127
0.2380568327141306 0.28477987425214096
0.2380672921314745 0.27666488228339087
0.2314622105175815 0.2692575785939121
0.2367213533387351 0.2792714925711575
0.23686431798821972 0.2808923843487948
0.22739677727049967 0.27084947083880806
0.23341959915584454 0.27747989095501996
0.22821842787337396 0.26771535342417235
0.2284571290180522 0.2733227016153005
0.2273484328813434 0.27397543579657124
0.23330705080261743 0.27305647951057727
0.23151709739593238 0.2735203243120638
0.23458365252751878 0.2840840398998761
0.23367340970482747 0.2757230952379801
0.22927932895995914 0.27557622955985706
0.22998439668279505 0.2787653176852342
0.2403314473020918 0.28004176425303284
0.23982484333026846 0.28321664739895935
0.23573440750474878 0.27799319932734
0.22957998975700308 0.2732509112183091
0.2418881230295299 0.29287916193328817
0.23099167292105602 0.27371689699932056
0.24090171159258342 0.28217766568227154
0.24283207227738568 0.29177861563505936
0.23118817739446526 0.2777959289802225
0.23175519172072817 0.2755114359472405
0.2312367042039213 0.2752240591504329
0.23123155069479476 0.2805122376280117
0.2441467942732388 0.28301079860375616
0.24057826988580866 0.2877693541472617
