0.13115623699736426 0.17186067101455182
0.09995394543228119 0.13156230857926413
0.13929719983558186 0.17582038623094837
0.13443448169703287 0.16833405939797244
0.12493563698059677 0.15859595379653102
0.11724329406821957 0.1533414770128638
0.13856637362336355 0.16749489533299178
0.12086739767342537 0.15648138732030406
0.11579330965328621 0.14519548225727205
0.13251020848764855 0.1675063759644466
0.1226115899391048 0.16032081414666124
0.12351410886776146 0.15667165955034754
0.14645082845230506 0.18383936620364186
0.12284767151571796 0.1566001728614561
0.12053624241213635 0.15181339336885774
0.1135615380697346 0.14253781855987596
0.1347195745875612 0.16885224976162289
0.11061217806660127 0.14138148241991946
0.12843013284118004 0.15941581128180551
0.12859003461724447 0.16069364348203138
0.10626469878955262 0.14339662420565027
0.13396044178975375 0.16690279196569016
0.11898540257204357 0.15490847977739802
0.12055689659704784 0.15228412970332528
0.124253544919741 0.1575668803844378
0.13547381868804884 0.17175678788635496
0.10244218983778518 0.13542522495091366
0.1313712103224398 0.16881550907089657
0.11372766785440046 0.14660713778655293
0.1399793793068432 0.17184139216427155
0.13599399564367748 0.16973581595691545
0.12198428523720961 0.1585575125970383
0.1250270879974118 0.15963135697691505
0.113784726689518 0.1417445517274046
0.1334311893017265 0.16545385005269073
0.12071028776347502 0.15404208182890822
0.13516918975532125 0.17045358266093877
0.11388254136164556 0.14636234793942798
0.11825058803458649 0.15257549022264677
0.11567756046452589 0.1495842635149983
0.11191067010958615 0.14134257334846795
0.1343213685650911 0.16709655447291874
0.1351448352429147 0.16515352394170496
0.13196081390782 0.16363623195023969
0.10825900121530471 0.13914700607919006
0.11868189121643453 0.1489586511901341
0.12665436270812505 0.15679368255252868
0.10700709398126751 0.1393772546048463
0.12060554523027348 0.15340887996988245
0.12118382555645181 0.15258791583038103
0.11433490116632053 0.14558951870760156
0.1156385259893503 0.15014748625254934
0.12446644839315638 0.15962654524592057
0.13665300454891988 0.17205311364361164
0.121779861527441 0.15092960708014225
0.13176567209391127 0.1669512409196815
0.1419155834421482 0.17209103325239591
0.09777203570870313 0.12178419558188157
0.11931306874863729 0.15322633345817463
0.11176919128518847 0.14189333378501567
0.14021606389623165 0.17667623520927464
0.11319961871535413 0.14582282736736296
0.12166387663455226 0.15389806437787423
0.12311620984192113 0.15312207062628425
0.10840402273290767 0.13973184575091735
0.10364625160815882 0.13666436239659593
0.12741576608503483 0.1622385986330118
0.10369289733031145 0.13859162673600492
0.12668313757879693 0.15747305227422595
0.10905513229437282 0.14047561022751998
0.11995382045046943 0.14901075264534272
0.12359942828200078 0.15413886926223921
0.13593937226016545 0.16884207582509253
0.13782953707847204 0.17146295858184482
0.11064520338882153 0.13988288394740575
0.1327652403928097 0.1666418968290501
0.11302288174445553 0.14938595558385873
0.11618810703361405 0.15003427482783835
0.1104288375492483 0.14021484078086222
0.145301769999219 0.18049861598290887
0.14008446380699982 0.17339218953433563
0.1022058690464756 0.13655954950238508
0.11110707190348075 0.13773393307133322
0.11559766985943769 0.15138866793615458
0.11231943351075602 0.1499795605894477
0.1257392056951503 0.15968842804518465
0.11712409658528046 0.14989310570929384
0.12672566075017155 0.1616805206247532
0.11304391307932711 0.14610764709224125
0.1127268106985838 0.14730192401630726
0.1163315436624803 0.1518185378362244
0.12838646504366855 0.1629504133090325
0.11665753832318095 0.15036510535261263
0.12788911294927788 0.1564952735569112
0.11806917311591651 0.15364551020939576
0.10357431632264769 0.13434006809749768
0.12379173692088824 0.15969733674521264
0.13436446017524803 0.1715682672749531
0.12649317318967948 0.16209288302549346
0.11631809091938747 0.147465515210038
0.12314832964386911 0.15041214782981582
0.13211228025426525 0.16259592528221117
0.12278844691402514 0.15968039874182044
0.11657997633506771 0.1539728807599688
0.1308661614957407 0.16359373544713926
0.13307455497232504 0.1664343241271487
0.1283448258835178 0.15819355674010835
0.11705935604922721 0.14601599857632278
0.10503681984280169 0.13799810925919065
0.13707175424369303 0.17319240137035904
0.13134708135178258 0.1662039482416
0.13222536523083311 0.16840574139890926
0.11631296413645756 0.152024855245428
0.12379258813936377 0.15584903241917036
0.12922480976890288 0.16281066175677641
0.11263283666843454 0.1402043562161822
0.12247441438522326 0.15400683788595765
0.12820919684204338 0.16242111683978158
0.12368033806739906 0.15814869679254656
0.12018049207263067 0.15526185475770748
0.13291900878524707 0.16781329323196423
0.13654003748296367 0.17060385610783158
0.11705456743504526 0.14863889672683825
0.10098228160703471 0.1332892214053714
0.12650979217643535 0.15829601610002508
0.09838547761909178 0.12846174316253356
0.12955799432050444 0.16506177952711323
0.12698991324245304 0.15748796307901566
0.12661979841857496 0.15842679122408518
0.12133071511189968 0.15335324626089714
0.12886842570181392 0.16283761342504674
0.12384797751242105 0.1552051903431252
0.11346284187226517 0.14544869240850863
0.11973589398850092 0.150201779164102
0.11815282244734676 0.14590100944726073
0.10731905773113343 0.1367154349674822
0.128322410124936 0.1596854230105104
0.10658973878914757 0.14145951813901494
0.11293946894129937 0.14477307242249116
0.1253692510941772 0.15637228475514064
0.11371899403734315 0.14704218861864315
0.11760965701890058 0.14947555653721945
0.12291174768458431 0.15324440036241577
0.1403476721279182 0.1780999570856634
0.12839895928689984 0.16176314987626947
0.12650087653191794 0.16428266849879497
0.1306247572709864 0.16899149439237343
0.11081934189471213 0.14370219423031658
0.11156954311624095 0.14323421251980475
0.12948113114057105 0.16959620278055434
0.1289755365214939 0.1595060862415041
0.1154065549318593 0.14427128629485422
0.1253444428039406 0.16369112707388897
0.13539429205303144 0.17082864046774265
0.10979382001780837 0.14642407443585112
0.12590860007074903 0.15996355460154144
0.12136592088026736 0.15448204502112986
0.12116979345411344 0.1578729306508689
0.12314308658525859 0.1540508668758191
0.13680121214162727 0.1755228731183262
0.12484994500942977 0.15989342705740933
0.14312320563653996 0.18285793717972865
0.12069969582531817 0.15488965811816532
0.12235499804252072 0.15347557054781402
0.11630884077642982 0.145402935807487
0.11037552743598458 0.13926173171358122
0.13580931013899575 0.16115375906182464
0.12053064340667936 0.15599038307543645
0.1300871082132689 0.16236225886528197
0.11730283049096724 0.15089854994360324
0.12215798275161828 0.15513229939752712
0.11706609329416297 0.1550637184308948
0.10901859140176098 0.13762228848225044
0.13087604437622144 0.17013197307407005
0.133808694800831 0.1747133190707752
0.10821663825948186 0.13936665891415945
0.13010193590641292 0.16303570269478185
0.12099519405867795 0.15055374233007773
0.1354030998939583 0.16973671980289162
0.11725483992454461 0.14544599584410098
0.11206715631092193 0.14190595879042156
0.11998451314447818 0.15022848124301147
0.1070105432245663 0.14063185679639303
0.13328988454804175 0.1674392180848446
0.1269680215414131 0.16272492049103535
0.11018904684670076 0.1476079817580602
0.1297577588041819 0.16393564990742135
0.12915473184012805 0.16470816857188308
0.11432896241476932 0.14735734771893602
0.12649139921796193 0.16144245823999856
0.1304779320150251 0.1664706845006219
0.12120806053995953 0.15205267522550964
0.11592302941052744 0.1487782599741853
0.11419020600867222 0.14360544856282614
0.10994409613611758 0.13862945972466273
0.14392012382210498 0.18302233765425083
0.12538726681124265 0.16003986621614263
0.12040021860346721 0.15245001417432782
0.1374728637458088 0.172562392081144
0.12435212430695439 0.16040986936895163
0.12295504927713359 0.15716138442891572
0.140410267952725 0.17200593977234255
0.11341547767792473 0.1433022807273656
0.1193695591553871 0.1501669701433409
0.1255030703461599 0.1625757824892749
0.1270399304730422 0.15980788442797064
0.13517332782803526 0.16863568043406166
0.11120067047750187 0.13954349399404817
0.1240884574774964 0.15866445981509963
0.1287993689961988 0.16512357907245095
0.13550213367969444 0.1692524198609736
0.1321389352332438 0.1732653587148319
0.12222549457990253 0.1554850154329947
0.11770405811360123 0.1504128627015887
0.12450157684131315 0.15749413812393223
0.13652296316848084 0.16868228953235667
0.11914689776691773 0.15121144422003008
0.12196910381528396 0.15528583907214072
0.11055386416543285 0.14352832151533032
0.1254738180910848 0.15907902295583673
0.1431774063876023 0.1789988080723515
0.11556373851255207 0.14340743456931127
0.13839789504590266 0.1730920154440276
0.12029905770200179 0.15241419830005365
0.1300252361134478 0.16879844501326055
0.12400096225767665 0.1496471225003126
0.10922670400792964 0.13872641827768728
0.11659184793991419 0.15435392583071184
0.12905780060131672 0.1652470191829552
0.14175206687311198 0.17888120560524434
0.12896330232811629 0.15754026649002
0.12594044510464503 0.16290064806478058
0.11711318498323982 0.15248320480683447
0.11594029626304592 0.14757014473516633
0.11631529576086651 0.15200576524342665
0.11753556911778659 0.14794361352846527
0.10495889065837244 0.13400420056633075
0.12632342317176715 0.1631818748262468
0.12824798669747756 0.15473689786791925
0.11906890248700898 0.15458016301630356
0.11936827776662452 0.15272500760074906
0.12440201505707743 0.15599022363950085
0.11730974779822646 0.152678359419052
0.10927736382339273 0.1418906462611007
0.10247106193005238 0.13416621156130387
0.13727280537720368 0.17013037239090542
0.15181680488284352 0.1876625053066809
0.13318785733130828 0.1685854458350836
0.12278942136207359 0.1560214847914351
0.1321751980075229 0.1674837102031165
0.11312645668128651 0.1435805929875641
0.1265308063492491 0.16459053700133422
0.11644381055592723 0.15328404763001255
0.10834383083720026 0.14474194002012672
0.12508772269542948 0.15546026809735652
0.141019121546623 0.176141680206277
0.12743166883357468 0.162459030322959
0.1117159091150846 0.14623422698568198
0.13406929772821513 0.16670427332180202
0.12256063180121783 0.1584656124810859
0.12797341010163987 0.16624786581174134
0.11537397642503462 0.14257476221015217
0.13256605011542147 0.16601133916595665
0.1270065972151565 0.15802867564795212
0.10765542497308044 0.13659627700616003
0.12494637800464879 0.1538988476437636
0.12224378886432646 0.15029468467457865
0.1359892692229979 0.1703125384527311
0.11523194936075155 0.1430404539858713
0.12227734217360609 0.1544765560092796
0.10722451423663155 0.1357549811545761
0.1456998997572313 0.17989081516318786
0.11869538271302575 0.15242479149927757
0.12466497117454124 0.15286133857954323
0.13140036817630332 0.16386191053650107
0.1312882102647908 0.16408655949882334
0.1264281769656545 0.15845580905620146
0.1356863111937744 0.16426878170667064
0.1246727325612318 0.1578866615384356
0.12418060244675508 0.1506510765364256
0.12428292404539272 0.15235104313036027
0.10271406649881032 0.13046297530069906
0.11054806411940726 0.1357316234203271
0.11500042335715792 0.1478369383018689
0.1096929741597646 0.13847615087737092
0.1205406068429979 0.1536840993049717
0.11509128141969631 0.1452126419384118
0.1383272909577099 0.17339850913983743
0.12185261019638277 0.1574404780207128
0.14438204342657857 0.17905058432831603
0.13198367233475083 0.17041066389648177
0.1258726396199679 0.16154803216574326
0.12154358767015605 0.14933297040397694
0.11338755906044784 0.14131885597245544
0.14795405059119648 0.17945707171325959
0.11247649665091089 0.14362005899815913
0.10873171838812315 0.13859997040079716
0.14080126640439056 0.17790299964296913
0.11879834362142942 0.15045544318825813
0.11177860563862302 0.13937508846466118
0.11793013836186796 0.15408949005080452
0.12158807731978633 0.15002065240786225
0.11244802833453135 0.1448114751118848
0.12014580541375665 0.15553566221423185
0.11947410276249414 0.15237967707223174
0.11745065587079757 0.15157665296718095
0.12964541533777246 0.16233140892002018
0.13458322574771506 0.17478852096679576
0.1256125446477312 0.16398266841061104
0.12721402216264519 0.16037755034027
0.11852049341454894 0.15301852634012078
0.12540267614281247 0.15932787844389176
0.10756473294066848 0.13916876267292005
0.10238784570996418 0.13674448296787126
0.11665463782135567 0.15336311162202235
0.12697229053851547 0.1639826500980116
0.11774274376381878 0.1480866693912401
0.11792218713196807 0.15507470592483424
0.12560766485563338 0.16095155514459655
0.10346622263754424 0.13625129570650688
0.10244719633580855 0.13555007120919926
0.13487990821010845 0.16902493147038883
0.10803694747671062 0.14057996312249701
0.11550656161589369 0.1469439887350159
0.13608343868348458 0.17080354628201738
0.11130429554593436 0.14778270634006804
0.1358799557345714 0.17196825854505007
0.11476573100441298 0.15000153800051544
0.1262804540428348 0.1574926832785044
0.12330700391677644 0.15226810709487337
0.1214047300641889 0.1520868180069478
0.11717880028889142 0.1520511466106683
0.11383182773033225 0.1446826412259381
0.12089744818193314 0.14906640207883778
0.11049841768606081 0.14073305351232385
0.10925465254223961 0.13893223111185773
0.12752685818757611 0.15470727991194774
0.1309187250649654 0.1631251198147533
0.1259341438748526 0.1570934396727934
0.1329853484487954 0.16777524954823556
0.11551877451260742 0.14893728639413628
0.1333283166187597 0.16914582277593043
0.11937237675880333 0.1537588544376171
0.1173876356140068 0.15429452759361717
0.11480917936265056 0.14314420868010275
0.12525709522436798 0.16013029218363606
0.11371203400031978 0.14651922948051227
0.1110033726732091 0.145356251646522
0.1097981929966377 0.14037831860407296
0.12980199678897317 0.16617274553782396
0.11424977024886784 0.14625111524325282
0.11084973784898207 0.14134589436038708
0.12016575962299413 0.15501244276335874
0.12130028916091559 0.15745140674257632
0.1256185228045514 0.15912657931954005
0.1460464355936803 0.17676560965859203
0.13210957109014934 0.17170741302136228
0.13015759147934228 0.16816767371202604
0.12805158750309162 0.16021326920710854
0.11913875426804549 0.15163124509978632
0.12313722190951139 0.158586692261277
0.11116180662067132 0.14066933674725413
0.11849351766137335 0.1513246180605643
0.13099155887276867 0.16112240967537203
0.13549252163094067 0.17018032697207128
0.12339648369956814 0.1542536768249549
0.11513035756665845 0.15268004102688287
0.11533383604076577 0.14688196527052325
0.1127157393938117 0.14881878379076377
0.12274591260164254 0.15038932248588013
0.1252507247218227 0.16164431897675438
0.12826083588719087 0.15598416429012044
0.10443810141256021 0.1323912363693295
0.13233386855845847 0.16522698541371797
0.11950911006124336 0.15329656797438423
0.11223888804587377 0.14277106743623422
0.11577806453989928 0.14953873057714004
0.11371974161483951 0.1394990453639043
0.11331130479816129 0.14582623106572853
0.10735771975696859 0.1424629169852831
0.12503098318376807 0.1517595117520688
0.12491742912239946 0.15584154454181126
0.12019733812426349 0.158690125173938
0.12832256027939 0.16062261600690075
0.1181163877856941 0.15298340166708022
0.11208454784119494 0.15067161470924614
0.1300934038377186 0.16111333319617516
0.13686077815245934 0.17214262331650385
0.12129315257038749 0.15471624914240864
0.11873825587675921 0.1506756194291479
0.14670995270938314 0.188304682988727
0.11428375068006609 0.14849369884196043
0.1300191720661649 0.1641182395803676
0.137935331136871 0.17663504245129427
0.12534777318058604 0.16417642630332163
0.12707055702660291 0.16051011915728908
0.11890322020759421 0.15040445900571356
0.116631423508327 0.15473624733190058
0.13782055862594894 0.16898216263465216
0.14153598453328606 0.1754021820781185
