0.20606980633158808 0.21334529609113814
0.2303069300187671 0.23804271814610012
0.19624937546519072 0.20063171051423265
0.23877747418158254 0.24593214401923577
0.21510049069061832 0.22212861667929168
0.20146123734518745 0.209523831003886
0.22669919839861732 0.23953869528831212
0.2011823114401692 0.20429512647573878
0.21929423469578221 0.22896172180658264
0.2110884824251853 0.21837384931973755
0.22367144155169869 0.23167537918937764
0.21060980689730394 0.21329548011462315
0.2159765278010266 0.22167122944969514
0.22055225369564704 0.22169401004240138
0.19394477962371995 0.19958163350625588
0.2209412682035357 0.22065909811775547
0.21225569911530873 0.21876378479240557
0.22525265357585514 0.2338300754245601
0.20642614693822478 0.21813237092097199
0.2084904286429768 0.2164783286633858
0.22507105354960846 0.22400848193961606
0.21657854682627165 0.21729721734953714
0.2095085769059935 0.22026866144218474
0.21442871370801883 0.22311283014776973
0.21458183927278476 0.21929197441900974
0.22129620996826513 0.23430297535670944
0.21848855612052584 0.2249486413139178
0.20232164824888282 0.21480545413097107
0.2191566282918516 0.2251177883376215
0.22500615892698206 0.22745815053946175
0.23221058438515307 0.23882530678006636
0.21369714580024196 0.21812752986091938
0.22409689590988213 0.22688421275598536
0.19961154946905177 0.20843217353625432
0.2215795579351328 0.22904625872467538
0.20729664106149343 0.2089906364362293
0.22607588812023738 0.23741547773135338
0.22237776808889556 0.2231700588884009
0.2000750845970044 0.20578389646056303
0.20709444979093944 0.21819658786843515
0.2115521608781851 0.22728737424220843
0.21943060421980004 0.21875682965884383
0.2294084056767392 0.23824033536847133
0.21994412850974837 0.22260517789394127
0.23007185800760308 0.23784426630584968
0.20325810060094257 0.21030976264045823
0.22374226888784934 0.2300156032448376
0.20590409122298226 0.21044743258829213
0.2308747096123343 0.23984912602445535
0.21268498626038046 0.2189432682040938
0.21139309487811062 0.21656633308652584
0.21004996584930902 0.22447813260114222
0.22817580002522514 0.23650047012928788
0.20428183279567494 0.20825435919505056
0.23225966785548754 0.23917146219347454
0.21037955370119477 0.2178620721871387
0.2281658953617518 0.23909550358176762
0.23339417796024747 0.240621583277081
0.22731204714160994 0.23610658086664937
0.2314176781130886 0.23765460446416425
0.20998508077419792 0.22141883675264792
0.21416659740519858 0.22884253023904363
0.22432457354833832 0.22451415928343438
0.20551479108048984 0.20958243066891502
0.20792308295351608 0.21758167257744074
0.2088413446046624 0.21130639092937534
0.21638807411498634 0.22581228237804327
0.20880641285338536 0.21748570569065315
0.23858289949262632 0.2417699421818223
0.21186306657556275 0.22288729044717218
0.20674779733094759 0.21527267410486844
0.2180983878303131 0.22980786489494243
0.2317675741099926 0.2424057248765186
0.23189352697253823 0.2405085270031406
0.2119162946270294 0.2228367135507363
0.22164655702935745 0.22646672229069273
0.21624455280292962 0.22316396037083738
0.22451903829435357 0.2245432193678701
0.223884019071086 0.22339942472341265
0.22490842636681954 0.22994219530995677
0.20665505191161143 0.21782792473562235
0.22407817815502948 0.23550032736091442
0.228551898001763 0.2274185609218852
0.22053015842989657 0.22588250732948
0.20118413599664098 0.21447165341212723
0.20479785431479036 0.20462263168799635
0.2277734065962415 0.22913881381841944
0.20749304236086646 0.22033060993618772
0.2181383381655662 0.22661244993830232
0.24209599727750156 0.2446148357100127
0.21969487142369695 0.21926945242468696
0.21843290664328954 0.22464027324177951
0.23411008159863408 0.2365888028838387
0.21625729103459207 0.21943944499781629
0.2212403447202923 0.2341962411393156
0.22585153536109318 0.22997930881417367
0.20102837544022364 0.20425095020000164
0.21091904140738216 0.2168224375386386
0.2047575335249857 0.2148781065849333
0.20439102904661158 0.21353890660580108
0.22372619497449184 0.2299333442604223
0.21188897959190345 0.21145640022611137
0.23067042352657935 0.2381602031697185
0.21916536084925473 0.22709072534018532
0.2230277084535657 0.2253379692072023
0.2045681747561692 0.20787918874594874
0.20924590234637588 0.21659969697298823
0.21951197274295858 0.2314352305513894
0.22043639799859582 0.22130036077587067
0.2016546539069242 0.20296190970931702
0.2197332938026855 0.22688258131195824
0.20958656778637377 0.2119143908609463
0.23617123937553897 0.24467881760546142
0.2389411050693492 0.2498054757833178
0.22415095532267307 0.23755041288243164
0.2250347233877446 0.22746700166603728
0.22185894159880706 0.21853942207116775
0.21415489306015356 0.21886818729778304
0.21889559125178526 0.2293459147979032
0.21040505753316643 0.214092381792699
0.22550785308954424 0.23375138917881277
0.23304366228731843 0.24127915740788314
0.22073893390335042 0.22506183209686684
0.20733268844210648 0.22126436326668636
0.20752503657892618 0.2147637196820761
0.2337171175026916 0.23347428612966448
0.20572083983921802 0.20396634948369333
0.2218666523881091 0.23048444301952223
0.25335242375655076 0.26773544774082336
0.23201611669892627 0.23591408140720013
0.22495342285877032 0.2389620098242921
0.21963406267039223 0.21913124883970594
0.23230276628635732 0.2362330165205314
0.2062324016486699 0.21454975397055678
0.22725686339674567 0.23685223497015562
0.20584621221680832 0.21146237407484572
0.23815194913816787 0.24815122199470785
0.2127339065324566 0.21417200429772282
0.21591906529903868 0.2243631110001641
0.2192833900138125 0.21993066497351457
0.2255067860587276 0.23283307203652312
0.22613809551644418 0.22806172288329596
0.22353466991465296 0.23045720984771978
0.19964157973177263 0.20779141120178748
0.22715071870036013 0.23378165491406067
0.214169679413221 0.22267344411725626
0.21031293261387748 0.21765808347172852
0.22001930659890465 0.22402244692995898
0.23427064185683788 0.24096836449449674
0.2331644701983594 0.23784374778023573
0.22676669870635627 0.23447993634572956
0.2329215620672641 0.23854969916848362
0.2290472085651089 0.2336912943915751
0.20691334201001224 0.2186853569212683
0.2034742776802834 0.2193193543902609
0.24154130923969802 0.2492525507181312
0.20097859264024417 0.21585225164884042
0.2254036934279398 0.22875815656116139
0.21073341942893548 0.21440178222326672
0.20794170198890766 0.2121173130736474
0.21477697385680558 0.22113226687694323
0.19475631055306733 0.20363030468286336
0.21688603336608298 0.22251586182841326
0.24843836019078566 0.25000016293347793
0.21042053578760073 0.22152567568882037
0.21593342235989454 0.2322490252912364
0.22386131066929188 0.22227358011778567
0.20534901025856028 0.211952062693356
0.20840280065147135 0.21369401535922591
0.20159766925863065 0.2091033757633354
0.1941629486754645 0.2015519734337635
0.20955393344696432 0.2166433421651717
0.21083569884539444 0.22344699624939915
0.2137882412829426 0.22769835356198004
0.22407196806357052 0.22789850577634974
0.2053175811370958 0.2147447220727812
0.2244812787626725 0.23378330563750874
0.21244569368054553 0.22537998688445984
0.2065027115833704 0.21216753807640143
0.21404034087780435 0.22592673476408723
0.25154012021596817 0.255152429137304
0.2219771414779574 0.2288443053229753
0.21040565865180239 0.2215621340827801
0.22213387302346993 0.2291391143172066
0.22833592471370906 0.23511644700500084
0.2309022946693522 0.23452325395258544
0.23049928045113457 0.2298178190530863
0.23363739144230933 0.24202609241507203
0.2171071371265742 0.2199878760901394
0.242937301967955 0.2514946163289044
0.23438402537037747 0.24031670919955977
0.21978327719583896 0.22384253779535165
0.22624197540482843 0.22809865951811553
0.2346384243226509 0.2415655029406779
0.22374873414777213 0.23807216066634498
0.21823978977697883 0.2278349818082063
0.22772913663700142 0.23619859487159503
0.21749237083304862 0.22049394265868835
0.22784862225640434 0.23451575619569118
0.23464541045852808 0.24665797862954092
0.21907661817017055 0.22659706414383968
0.2294038497718101 0.24206623019251414
0.2259789203324733 0.2366293504242975
0.21200237506609443 0.2101820644181079
0.21858128007974326 0.2161009816604866
0.2079652224103491 0.21129790654117045
0.22879274765660304 0.23217844773178725
0.20813496991354682 0.20959636149832117
0.22495843613229688 0.23511829069583168
0.20603187987826985 0.21771544974829277
0.2139355441358111 0.2205320281641977
0.21808660480372966 0.2211618614891259
0.2089728171257961 0.21078099907413514
0.2165623769496269 0.22113470430813664
0.1983758951044709 0.20120733845803482
0.2365123122018039 0.24488104827189533
0.22175089792031405 0.22787860728745193
0.19475649308366058 0.20770032451465523
0.2195453419935209 0.2193872199890302
0.21599174251579237 0.21272035793418237
0.2123726334269747 0.2205734488430358
0.22442667930873025 0.235366552332187
0.2173477201165136 0.2283580052336596
0.21154879969705523 0.22057782686389557
0.2410209313231558 0.2503129811472694
0.21069146103917707 0.22151151697400956
0.22997921166471338 0.2404635598696198
0.234284571752962 0.24085107033369074
0.2090128678882989 0.22193453054734158
0.23110591109329873 0.2401655421972844
0.20733508244652327 0.21658805527007396
0.21662659784808946 0.22344125873274048
0.2249601307372993 0.2331230743106123
0.21798959599795678 0.22248485485177927
0.2140902957489674 0.21525467071950466
0.20133659824903483 0.20642147655636683
0.2168828835874642 0.23063971660121318
0.20921130879809482 0.21729230836080174
0.22058867749846295 0.2256305830269206
0.20775429545174193 0.21084559222474436
0.22399862738745574 0.22855294395387496
0.23542615978660256 0.2411388363560384
0.21426723421081376 0.22492536585184694
0.20718569352592822 0.21144051943099645
0.2214259074117174 0.23323506027428326
0.22465179505677865 0.23889413922966898
0.23126689961523478 0.24108032554120787
0.22001403063797476 0.2238921612023012
0.21697105821619764 0.21703003154491576
0.20226285330262245 0.20809926258347297
0.2282108805269013 0.23774654863408815
0.1913444452764359 0.19331136265885074
0.21332385786750901 0.22443629680781957
0.2231286614936796 0.22715354666012835
0.24936146740323759 0.24415310854530534
0.20446738933520706 0.208462143478358
0.2313327716058567 0.24208511872968375
0.22494797266466895 0.23243254338635755
0.21820078339864785 0.22517233952741167
0.22223357686714867 0.2319147140982457
0.19922921524722875 0.2027344362405457
0.23623888864936285 0.24549292986775795
0.21286884382388954 0.22738097809762878
0.21300205686016702 0.22257193141074746
0.2271606748123285 0.23176610055978805
0.21651269355195593 0.22053361235847796
0.20939499005417878 0.21764124043658445
0.20781434462756926 0.20921639385699312
0.2158016911357405 0.22544801554487345
0.21455516918452466 0.21598381175280235
0.22130466166514015 0.22524357769807438
0.21717761606863206 0.22657924823707518
0.24765498193019195 0.25573288673367045
0.22118324753334737 0.22829335347373597
0.22879157704267142 0.23861100879294192
0.2553650897385343 0.2653800315655181
0.22186759815988832 0.2262628675039206
0.21489846864109446 0.22576250992364533
0.20649151802593388 0.22083997457028592
0.24190983252308343 0.24817253157700497
0.19993307552758519 0.20328515216042398
0.21965829902520947 0.22501777263743192
0.2052145027731826 0.2092091234349894
0.21153668144355645 0.22400815322778272
0.2284871151717507 0.23005187176926245
0.23145407352370528 0.24461277106483093
0.23771347165309858 0.24176904696669524
0.23935928183662564 0.24460337547032854
0.1996549892364884 0.2044239337390955
0.200729670668082 0.20956542475894532
0.21716539133747398 0.22445964937403176
0.2073243761308856 0.21447371226629716
0.22534042567741353 0.23000910032949057
0.23718656076449052 0.24361260978873803
0.2182195174395246 0.21752440549981086
0.21440726155915382 0.22268914798588435
0.21847015057298547 0.22885774768310074
0.2170298577848875 0.22512371160986985
0.23256697327948717 0.23679911263269943
0.2208125792787359 0.2281274045948774
0.20986350478901702 0.21738821241943626
0.221756959888099 0.22313055053086803
0.21347670987599146 0.22541363257267907
0.22895317862300876 0.23572436043771794
0.20327497962445318 0.20199642603606915
0.21507097753793525 0.22390795805634417
0.2156237200434797 0.22076087861905955
0.23055175062811684 0.2395390445782435
0.21524852096658936 0.22361368125016534
0.21416356681208035 0.2217595043432368
0.21533005028939603 0.22280406968644564
0.2100247381736597 0.21881160692796997
0.2019978219057466 0.209348113508666
0.2140552963701211 0.22410500521077412
0.2332791400976405 0.23865541485989908
0.22266886377003983 0.22934998278523783
0.20923477848665267 0.21847046707101267
0.19437940224488612 0.20348568645516404
0.21619552814647916 0.22431474418976882
0.2001276260754862 0.20932267053625783
0.2201641277229611 0.22378612553487162
0.20751973976726154 0.21712898266775582
0.2315558093173789 0.2357144932904536
0.24114189097220046 0.2553076450311955
0.22998578068815068 0.23311389191734957
0.21997841764537887 0.23117960025685216
0.21098091572893002 0.21934904318101656
0.20837984179662045 0.21737495240146942
0.2044159594861389 0.2115602733430074
0.21547197300423257 0.2157839691282096
0.21162434981599368 0.22332722473069694
0.21087807984440718 0.21315001829142133
0.22609730071021236 0.2226291998300766
0.22214312583447862 0.23229094002199147
0.2166638835736053 0.22559743220168624
0.2098814222050169 0.21064525604899637
0.20897157471874966 0.2195839133047281
0.21246524299401667 0.22062237790268166
0.21535465559808367 0.2238271439341091
0.20463380717593424 0.21531808773463446
0.20610724418818835 0.21623719186687207
0.20949509512905248 0.21396388684134296
0.22152167580081011 0.23082357206800855
0.23155346505845628 0.24172773621066998
0.23166367873355861 0.24334865897439445
0.2166364870992923 0.22994418671476557
0.22019196800491767 0.22275087973438026
0.20023023494436532 0.20549646160903284
0.21501424023573482 0.21935379955597123
0.22513524639350735 0.22659950620543184
0.20895678184310534 0.21963332994423282
0.2148509693472368 0.226816780885765
0.23868861696269797 0.24713962619393545
0.19940872766484877 0.20211715672138114
0.22129268352822665 0.22846529844011348
0.23047569705563695 0.2300360704294531
0.22004983257472266 0.22512472507651332
0.212057227955075 0.22023928550666813
0.2134885444850795 0.21430360081335809
0.20399114418096542 0.21077480655073405
0.22397306883359325 0.22115386665365128
0.22991994409103217 0.23117267659881569
0.20407987904639296 0.21584675242795867
0.21755776206403174 0.22713393796160308
0.21211354549764988 0.21762807756811134
0.2335398137708728 0.2351481022878582
0.20920701988864732 0.210357133970627
0.2008225446963282 0.20057151506210008
0.23246272862431488 0.23937910573527568
0.21185086906594153 0.20646623292479885
0.2019444745790994 0.20140509336114668
0.21911546261061313 0.21631421431569398
0.2009116982046667 0.20620126006541892
0.21244363001162195 0.21575699836777293
0.24290643713148247 0.2465497389449253
0.21078005031192515 0.22126948029633148
0.22377058661695445 0.22856484580783398
0.20991581481176885 0.21663777187337732
0.23537074069823016 0.2399070906043259
0.22290744908792115 0.2327470831102147
0.23522577218396837 0.24773810549815778
0.21130812241248223 0.22076332749029673
0.24216310106469466 0.25279450902407435
0.22486687855982188 0.22790244029978593
0.2098148280671926 0.21610561031716916
0.2235713211022779 0.22843505567757533
0.21771442938004645 0.2233293323275816
0.22479417774347296 0.2358596491837792
0.22762263558073428 0.22935442958218838
0.22467097211019782 0.23161693616773404
0.21622678134319145 0.2299669626125146
0.19520635810879125 0.20782115427399273
0.22519200309869933 0.237077654648986
0.23634103353576552 0.2449990825549567
0.22723332826142928 0.23735980607007742
0.2265368308942128 0.23106849177900163
0.22857637036859982 0.2357397465919985
0.21051312891690213 0.22050411927046845
0.2330395014509365 0.24230013772369438
0.2294373235560335 0.23587777388927797
