0.08167520406380452 0.08640108707344284
0.1118054150753102 0.1192309656563949
0.0652294661171386 0.07190371880605538
0.11050989880181336 0.11651673025758101
0.0944230426305984 0.10028680990613263
0.08380830946490135 0.08929181252282418
0.1014306804121068 0.11227458173527585
0.0772774783312509 0.07629847191875958
0.09798884911828316 0.10321069168316102
0.08431160290840657 0.0894227874938435
0.09859133678614955 0.10507606463706004
0.07921946556579275 0.08326833610582507
0.08106406887236112 0.08525442516807931
0.09507054009852302 0.09966318999572718
0.07272414651336213 0.07818991600001755
0.08200401782050296 0.08665440455681615
0.08344269639276368 0.09090818226179302
0.10439259114158227 0.11157629737053475
0.0838645458406654 0.09499261322038798
0.07809034638511932 0.08325271849776705
0.10840995111533448 0.10951323656023246
0.08722229315299883 0.08891846778158398
0.08948191292708405 0.09650181155503243
0.09879219328799732 0.10505757853714055
0.08603218703664478 0.08924168642630959
0.08381133261008919 0.09213538722837411
0.08608302356706754 0.09360163589029358
0.07110611447490382 0.08158558912796855
0.09701393357801316 0.10164762306912013
0.08828760638741835 0.09052683981736283
0.1059475857621728 0.10977537874543632
0.08474039351286602 0.08534994557822086
0.10867877642928722 0.11189417754642923
0.07096384402942951 0.0767204633507383
0.10704267866123462 0.11512447954943357
0.08906697789041917 0.09050569431917095
0.0934319672865791 0.10090732450147581
0.0818135480854902 0.08288888770651721
0.08334458594736753 0.0891308921453505
0.07545890399792451 0.08198325597695941
0.0903734612623513 0.0995697148402458
0.09264570661629506 0.09524845198363106
0.11733795102641771 0.12791247902154035
0.09955736239492353 0.0998668662509448
0.09708967608877762 0.10115063073936235
0.07947122850331821 0.0831478692451953
0.10961591150570403 0.11464596143289711
0.07806237256582187 0.08441855159405125
0.09912318769922031 0.11155233342143685
0.08406480196666481 0.08828673319622787
0.09156315645810248 0.09810222924195186
0.08985740981939683 0.09797318910333867
0.10763182865843492 0.11279832506880486
0.07971758545681329 0.08581534608909813
0.10272759976451307 0.10895328351028652
0.08215586801494866 0.08900734277329632
0.10770866650749163 0.1174211305543285
0.10959675256275442 0.11322076233506417
0.11829158751001982 0.12414351281918215
0.10128859155317094 0.11043115349772376
0.08165696445253925 0.0905130272216266
0.08970677681180536 0.09700099778303412
0.09757386542166921 0.09764582959034315
0.0821507011210141 0.08959607451461375
0.0771430168203862 0.08520243041003048
0.07746069394983136 0.0834635111627873
0.09689507304464383 0.1048044486941212
0.07428233854092287 0.08104920996204533
0.10823114261071368 0.11027496870817315
0.08625782655317006 0.0938494550588232
0.08576324572106005 0.08960358581842418
0.09401233615747868 0.10455446470621572
0.103216373399213 0.1153106689758486
0.09562355782039159 0.10498384867616262
0.09209838169882105 0.09798319714538092
0.10261549803994303 0.10952917908651895
0.08445750766206848 0.09162580346219387
0.09140438823804664 0.09264295205430519
0.10810013130770556 0.1077345298522811
0.11534597944401057 0.12210253098515365
0.09410249675824502 0.10212835783995772
0.09688282078043571 0.10515625157736923
0.10809712558615352 0.10855637031697449
0.09784922590967149 0.10304730064224069
0.09634736679386822 0.10234638379299152
0.07048944380530257 0.07454344195974823
0.1038546947359461 0.10896431788264926
0.08024059444001201 0.09244713586043876
0.09617492490439992 0.1022092285310647
0.12702843829478588 0.13103524142412895
0.09003254611129338 0.09180036707013241
0.0883722241920989 0.09408576776593702
0.11033714167970826 0.1130075763236134
0.08461014749369619 0.08866311344445175
0.08534707740588303 0.0955537768923462
0.0893257335739912 0.08913668715582207
0.07853891590063665 0.08751620795126243
0.07474229224518318 0.0775056228016771
0.08314860927478608 0.09342948376644172
0.0830296992147594 0.09288683380178518
0.09657024402485938 0.09897724410434257
0.08704829618772507 0.08787720486727514
0.10394656931456 0.11472938722768543
0.09544931871309816 0.10451994709010885
0.09871997073371837 0.10296848699613627
0.0746693319614685 0.07598532009273253
0.08198057781949189 0.09243748591429307
0.09706250125163315 0.10603519356812004
0.0854087854726848 0.0864865908279172
0.07244555968783671 0.07376904675322316
0.08637507323727578 0.09105442661012875
0.08820438679632805 0.09315736305077994
0.10720125035451218 0.11573308511317204
0.11159168939457886 0.12033368403579046
0.09541470725965158 0.10584402443983558
0.09549321096364895 0.10142191411551991
0.09589574986607491 0.09574064871952226
0.0879849861931189 0.09418362291226659
0.08942880178937376 0.09640127873250168
0.09215110016607579 0.09627703314710885
0.10304569514567767 0.11328850557773355
0.09812016186279368 0.10401485779696085
0.0997767036511541 0.10457842979873969
0.09009649351191948 0.09749848175663241
0.08669959750880561 0.09217592671852042
0.10823060580456055 0.11109467155809935
0.0753765455385967 0.07747233174320432
0.08899763157345103 0.09842905257374106
0.12188595479377848 0.13577210638026688
0.10318739370909602 0.1104488732150945
0.10424138832344812 0.11430302628222522
0.08389413177510807 0.08300548386134315
0.10343138312172467 0.11197123695119206
0.07951874370153408 0.08478600423547268
0.09543528479789773 0.10479339635269758
0.07256059357504509 0.07607833590163023
0.12409552081569336 0.13284866490574232
0.09507301440904506 0.0937290875085675
0.11270832475373802 0.120971948347922
0.10189957009910598 0.10433644472155564
0.09776597502899681 0.1075225643154492
0.10662428295256524 0.10926603563360718
0.10365427243365144 0.10866484465748631
0.07939515155383477 0.08730098297776961
0.09356671651455942 0.10155080284258988
0.09899368723473227 0.10482452840525663
0.07788800961717156 0.08900451218579884
0.08852974861892239 0.09294569836556879
0.11579736313470138 0.1234464319801102
0.10905304073168613 0.11023770989755581
0.09656473126465075 0.10422846206094839
0.09691859992116043 0.10355479512695014
0.10924396905704413 0.11237938489495825
0.08407901053987737 0.09473010945065911
0.07233083269828933 0.08301591942209857
0.11409506462603321 0.12301437012396822
0.09206820861871333 0.10422386270342111
0.10440896978290554 0.11060391000553167
0.0893089793610777 0.09580691151437695
0.08902520606803538 0.0924474228685539
0.08408367475417375 0.08870485457354554
0.06410259416789865 0.0693392357895389
0.09547719485217375 0.10188950378492362
0.1227704737902928 0.12859193474630307
0.08366585698416705 0.09167271553610995
0.10071778753864105 0.1130010665945871
0.08975969273469442 0.089890911331659
0.08157554502768019 0.0883638343615956
0.07747980623316918 0.0849880182375913
0.07281497361168798 0.08126641630075274
0.06558555790931758 0.07127453916762441
0.08564825843476033 0.09310566911853005
0.08668021659771932 0.09455275183757643
0.08925202103914233 0.10370415457736584
0.09972914555390096 0.10279689958466155
0.07235819300863372 0.08008418363717766
0.09648688839622717 0.10325168917880384
0.09334235934964734 0.10171596527434103
0.08343881672422358 0.08649311008592063
0.08919710834796864 0.09837235251020274
0.12936897885063348 0.13100255744609987
0.09019550202923807 0.0959900547732189
0.07891909417631843 0.08911874643813224
0.09784882611806439 0.10699523414544758
0.09834852668956602 0.10470219927937355
0.10240738066706034 0.10578523067881263
0.10441652289475589 0.10462769410382182
0.12091179506615979 0.12793114252465201
0.08301176359170766 0.08682840869662957
0.13309810858403542 0.1440237072863495
0.10422463552297223 0.11027576846546595
0.09447088343527132 0.10083243938053944
0.10997305792208825 0.10931136552292457
0.10893484927049932 0.11407890920959561
0.08675910368967042 0.09816047962864993
0.09196479337081058 0.10075080662342895
0.09292910468825956 0.09876444218813557
0.09311495451750938 0.09744932826284396
0.09100031537843176 0.09904144002486391
0.11929957995381164 0.12982621121435314
0.08825553703238324 0.09474747459232212
0.1050096154535352 0.11629274109315904
0.09652095093766783 0.10630715342944781
0.0838274799027737 0.08603067441769269
0.10358583066061051 0.10492280525538179
0.08988535361288937 0.09274800106352386
0.10005834846046728 0.10485574559751283
0.07850696708295413 0.07970036647080153
0.10439549515867205 0.11601376371877008
0.06802862966007835 0.07831762433586648
0.08784121182867487 0.09471129326880358
0.09770727447560376 0.10251206810774134
0.07424519404130583 0.07780881378755289
0.08973298760249751 0.09591279894936933
0.07174957778576775 0.0745472800784215
0.11387405585666481 0.12052834691176785
0.09289427361340274 0.09964270966878301
0.06815770802091353 0.07472541966732407
0.08425885325406673 0.0857004165690567
0.08527102947138383 0.08582340847863536
0.10287945591468808 0.11130377408718563
0.11395702297994785 0.12385345990347178
0.09636247037040645 0.10493526868024565
0.0844670815117622 0.08950152191287042
0.13067390592457842 0.13956176287498112
0.08049196707245834 0.08623588607896221
0.10261254160179017 0.11245544706686206
0.11576303963681 0.122846803122319
0.07933693430128612 0.08959932641341961
0.11298691877173418 0.12205557940938193
0.09029116934165346 0.09753970019060167
0.08863969897037038 0.09716394159635489
0.10579905765991438 0.11456589342389852
0.09515996953235265 0.09814574556084417
0.07886757157643717 0.08033847584558933
0.08218194172982977 0.08696722735274207
0.09994358447543812 0.10772978736353044
0.0890334779553569 0.09595827742606294
0.099430992225168 0.10315076602724675
0.07801911481573442 0.08334963937516503
0.10950076701451847 0.11588624036948997
0.09673773943529171 0.10183430776389762
0.08715327512950859 0.09539778959273204
0.07518596321665624 0.08146106654198833
0.09065641974724845 0.10158626727872676
0.09436661808423973 0.10813817150093478
0.1061652583732884 0.11436443506144431
0.0974448925004872 0.10437948121100209
0.09017068517042479 0.09490764647282386
0.07435946468514712 0.07546662413089054
0.09538757645223334 0.10515739980113377
0.060517981065428626 0.06431303406026616
0.10802831679735485 0.11816036380770391
0.08541081178882913 0.08522098674692495
0.12128224537349318 0.12139261028025403
0.07845279215376547 0.08294680534723924
0.12071599678902033 0.13063364618828402
0.09383044782330228 0.10055011979265895
0.0991065285809996 0.10566917682382385
0.09487346007828988 0.10289182273392032
0.08002088316242964 0.0825137188259885
0.12102308516399746 0.13310755010698874
0.09367512680277279 0.10621720911172165
0.09471490432172505 0.10263846687601112
0.08775990930271238 0.09265695605089462
0.09561263971972143 0.10066891626820901
0.09033407259039193 0.09550735703562628
0.08703138465330582 0.08879568322572136
0.09419549081214475 0.10226784267109124
0.08381225146400599 0.0879579206822992
0.09840311046534368 0.10562212788821786
0.1032638103208436 0.10799320611817728
0.13270602711003437 0.14207858290299466
0.08491378825727952 0.09069028707729318
0.10482176300648349 0.11092669610526855
0.12387597535453726 0.13211312353467164
0.09648265848088877 0.10116585355067723
0.08533187081900413 0.09491649284553168
0.07646745644189734 0.08645319086296072
0.11228527137369251 0.12107082444077359
0.07554499790851599 0.07881729228781376
0.09926274854599233 0.10528609712590148
0.07442243909822192 0.07791625345212656
0.08354890846791757 0.09139275911824897
0.11113300150763762 0.11644157665458953
0.10685672159725965 0.11828381427236839
0.11525146755355645 0.11927789302419582
0.12117240136019465 0.12662906964094303
0.08488001789056887 0.08860697161342611
0.07460078956221244 0.08451459717198118
0.09257221150048683 0.0999371038429091
0.09649673042602976 0.10326376411134901
0.10473526953499085 0.1100947084701304
0.10681163983592834 0.11650246095995988
0.09154285638468312 0.0902661363767101
0.09256869885888766 0.09770745999470877
0.09422014648932632 0.10466399798548386
0.10597703874338722 0.10911341465449428
0.113376703146802 0.12069579853173101
0.09468417685212668 0.10041615126345559
0.08726628254031608 0.09430883272863477
0.10042883878052306 0.10248974734413614
0.09288300321737829 0.10354502239644336
0.10543682427666502 0.10882349874222805
0.07528968161108981 0.07818488896303304
0.0820855022852643 0.08899212813282488
0.08770528442813749 0.09193654572606481
0.10983898825967826 0.11630924893302166
0.08662769772482065 0.0938343016453653
0.08287576120635894 0.0885000336383448
0.08907635201844286 0.09719195763756693
0.07760668658596834 0.08715558438922154
0.08190868593263523 0.08942277815927163
0.09120366130590116 0.09860110892712264
0.11314892376822912 0.1214010623508052
0.09728116393966793 0.1011254494048697
0.08267088825647868 0.09046829609999274
0.07170956725353703 0.07742512706427937
0.0925968110424029 0.10247959698108018
0.08700225807526236 0.09579905585010444
0.09908037139212253 0.10302476200925574
0.07710098706833304 0.08283081771648505
0.10854679868277554 0.10991162481256835
0.11529779820920996 0.12535859250027478
0.11361112987110607 0.11801156527374844
0.09754536013249494 0.10860293917730589
0.08851153418943859 0.0950717939575337
0.0841205607805629 0.09046387255592019
0.07213672019267661 0.08132126912250934
0.08331912453668168 0.08539995773738623
0.07983624196445908 0.09018171140105684
0.08986608908748657 0.092027391738269
0.10221061451210899 0.10018440806367937
0.10014213400726361 0.10865874113379248
0.09969300469347984 0.10519535135160468
0.07666546240717742 0.07782494631569806
0.07426081944966306 0.07654979697079245
0.09425975332394526 0.10102064050905472
0.08013677298993793 0.08717753100811021
0.0724007355918476 0.08029616936242734
0.08634799223309078 0.0943585861177121
0.08603711389651 0.09004294370846146
0.10050788146091927 0.10922659569392958
0.10427496603693052 0.11360078513838813
0.10911312585471074 0.1176053800262886
0.08925168221434324 0.0995954876421669
0.0843549866124109 0.09163698149278493
0.07321658029981244 0.07755394582407793
0.07898254826798222 0.08439591095874201
0.10900953301169183 0.11122318388189147
0.08254622490140952 0.0932063828678664
0.09878501052395341 0.10703088606003894
0.10927474618119512 0.11635493111310637
0.07172197006739049 0.07351176119151387
0.09188321542620835 0.09912692573967943
0.12127567213496525 0.12210083039525231
0.09323200014529567 0.09648674733817321
0.09644023829649108 0.10145168719186246
0.086475543597851 0.08925679151317441
0.09188639092204108 0.09590516805384523
0.10764411886940628 0.11034035602409459
0.0954449848722497 0.09716751106901472
0.08061007389116127 0.08946347021962048
0.09499811036735421 0.09760102980517733
0.09695005597674484 0.09834059297630979
0.09791977547611402 0.10040242515059633
0.08370671949167992 0.08578711659721985
0.06910889975731045 0.07098246838052094
0.12253734986405383 0.1282568749188706
0.0850983483531353 0.08401349200138665
0.0698436488470071 0.06707515644606225
0.09549644025288623 0.0988081967237165
0.06692706636695216 0.07343382220247889
0.07887262502060022 0.08298381028527319
0.13492842823633783 0.14459127786909223
0.08960384314904607 0.10037487392947855
0.09651954728280875 0.10296980581597359
0.07747717167798059 0.08141667020029288
0.10365505999311232 0.11361530837453254
0.09782695431551716 0.10360248867964783
0.11137332334201315 0.12139757455391706
0.09034063612778497 0.09995141896974076
0.10602350411161775 0.11807259494200784
0.08379931773239715 0.09146922405581347
0.07901746973311845 0.0807435522108891
0.10981963304631315 0.11385198318579585
0.09373516228503641 0.10220394088695077
0.09321289740511277 0.10272403540609139
0.10002427592981294 0.10040737265686858
0.10106331510688914 0.10978835597042667
0.0953035836286803 0.10307685310280167
0.0627862126068705 0.07310785446196184
0.10110133249343281 0.11082505491945555
0.09884038897713934 0.10482148703051426
0.1031021232590704 0.11162932717111339
0.10166123022887145 0.10545463361053209
0.11015119346490417 0.11786474930693934
0.08899683525644819 0.09881401095941589
0.10919441149984813 0.11520613602530162
0.094085331105028 0.10356800275775704
