0.3016928108436314 0.3435828007069535
0.31101646808181405 0.36603890347771934
0.29998262284185095 0.3529781049007553
0.29358265404130385 0.3384085651157646
0.30869701166298896 0.35861831586318776
0.3074443918600657 0.365784080542565
0.30467993782164027 0.3447586791560254
0.28454312416142247 0.3506447050944407
0.2970892504192192 0.35565884869530673
0.30929207095221634 0.35956579079024925
0.3115275855208303 0.3611525034947072
0.3091837651760111 0.35428673007207473
0.31014758081754473 0.3630776491007635
0.3002773014734081 0.3467366026716927
0.2908758133205484 0.3301407976350045
0.283949074955873 0.3382035906979941
0.3180537245836642 0.33898433332618366
0.32568030946279186 0.3682024021775421
0.2946758380584675 0.34217021505159523
0.2774111156574097 0.33218469972117853
0.3063960999647076 0.36165404130216816
0.29779604546502314 0.34663966148923114
0.29851525880924595 0.35244400584462426
0.3010623987168118 0.3556300141654762
0.3195199913233756 0.35669398125006463
0.31170357026386947 0.3485921639878398
0.3079688733243641 0.3622444371776387
0.3050069838794746 0.38127950824935897
0.3031329868972303 0.33873289218277
0.3058494765584189 0.3492351414496863
0.3180197114982569 0.36362110869919895
0.2962294383810891 0.33741246028543304
0.2891708268334279 0.35114534246232376
0.332422992569747 0.36281261817722454
0.31739034417814976 0.35994700443226585
0.3063514298042364 0.36122647496376886
0.3036945533852216 0.35348861746259524
0.2901783980707286 0.34537940996099936
0.32097631757579365 0.3598623749275634
0.32377213388193177 0.36771200643355756
0.29156241046299775 0.3511798504326634
0.29788780664940595 0.34043086901826
0.296839122257139 0.3710855666531829
0.301583731723191 0.3541994512142063
0.308374967994746 0.3543254324179456
0.3129034794845791 0.3596559615249164
0.28293306960676545 0.34244372141021356
0.3086133391823781 0.3594962509881498
0.3183105284381981 0.3665948567566608
0.30831511508472226 0.36961514239232596
0.31230355795269227 0.36210470144410467
0.2949789426227031 0.348557162609002
0.3025406792863534 0.36588619855239
0.2837362179039368 0.33461111919734937
0.31737367277807843 0.34116808360405526
0.2616519561119679 0.3042874171439121
0.3005640223067727 0.3648952185551499
0.3018415704446776 0.3494284656163302
0.2908302906271526 0.3464464775994726
0.2921689136580683 0.35122070182901166
0.2940413780977024 0.3327150671419086
0.2880201506789388 0.35595039550740754
0.30263596390145686 0.3552230717930577
0.3203507971034321 0.393245853789022
0.30949849481235975 0.3448072562072969
0.313358702389354 0.3550576918805959
0.31471939939559135 0.3721951680807368
0.2918760206400053 0.35165600716910406
0.29790615827265327 0.3574095064751559
0.2960980714129503 0.3632797018985005
0.2975410485326152 0.3433223522550408
0.2759594378091461 0.33774246562910776
0.3154045773050391 0.36279930588434484
0.2863231871368966 0.3483983533719546
0.301105743602402 0.33379714767081936
0.28195989771234686 0.32975935485162905
0.3242205123667373 0.35817509733995345
0.2858049195683092 0.3557949037738689
0.2917465074683972 0.36193600890108
0.3160465239205941 0.37240341329654536
0.30309733028195324 0.3571895105400029
0.29114441117983825 0.35098235126734356
0.2701211044479451 0.34037183429323803
0.3051525033910325 0.3588629665832605
0.3111307158137643 0.36279873384965766
0.29440729034283913 0.35554307586047373
0.30432058677712925 0.3512545202499501
0.3008554709468675 0.3562266447607857
0.29062582289244304 0.36544027814295943
0.308192887780843 0.3590104503613588
0.28989097843320594 0.34552021398833144
0.29247831556314946 0.33945315009121263
0.3112142030688619 0.3407582479883515
0.2755874188219149 0.3268135377169088
0.30357317405725237 0.3581815308724329
0.2848280188017466 0.3385281483846126
0.3721896472093133 0.3492925327665883
0.3192928586813646 0.34997001618909634
0.3038860410292526 0.34543804240332443
0.30000599440210857 0.3481471693790228
0.32976293084503977 0.3908978923159614
0.2987128306344111 0.3607983435014449
0.29562717698232566 0.3582677941747365
0.29519217474934595 0.35224801411468254
0.2802519574692035 0.34551363054367673
0.29337204586017873 0.35213001332846433
0.3149168474457316 0.35913955594986036
0.28929516392719634 0.3408326078966624
0.29615194246540827 0.34494285932797764
0.3131011363515662 0.35379856274240706
0.2886514871510993 0.3372796580662221
0.3097005501151589 0.364970079691559
0.28995406896024123 0.3389421772473613
0.31278947222294784 0.358563311472244
0.2992952325234772 0.3447932872328187
0.3227280828797263 0.358776273975967
0.29522568529048954 0.3649832857026032
0.3108161239141998 0.3475068420452224
0.3025140887316293 0.35618393267228604
0.3415595050113387 0.3724737090038871
0.29866327763226586 0.37049167891172097
0.2973770105003592 0.3429655370319748
0.3048382730477503 0.3621032755183405
0.30551175791139973 0.3686985155705448
0.2887491332867714 0.3355974575737015
0.3079566175978133 0.3530859595643641
0.288829303860776 0.33128420953952376
0.32864708929987047 0.38300568624970616
0.2824246628538305 0.3485723359622693
0.29101632287390866 0.34078192661724255
0.29218510476117254 0.34936816777124524
0.30582918548909105 0.3480882577917487
0.30485394338793836 0.36664197517854485
0.30821732195548646 0.35248694629578986
0.28227559240589023 0.3510459979113447
0.30768063384335664 0.35046424407493304
0.2985807131422138 0.3626433319450389
0.3451866885802156 0.385649819255424
0.2823331885668494 0.34792379435732484
0.3079616682296406 0.36952783309580284
0.29377992171407813 0.34047879835261907
0.29759520105999837 0.3611604876257369
0.310702302250397 0.3663557363792033
0.2784768809200726 0.3255644301964176
0.28675679588109043 0.3488643295077965
0.3036488100954588 0.3559772754992927
0.3097690528073227 0.3403014569814386
0.3110394067788988 0.36192060855530833
0.3068182209456708 0.339551018380285
0.28129007061192224 0.33648365140025915
0.3170969650901659 0.3597098193882065
0.29200406844999705 0.3491034494910043
0.2970761160746547 0.34840896757084167
0.30655398342486595 0.35384494174902503
0.2892137772375566 0.34116907785690914
0.2960507306179768 0.35466455828927035
0.2996279600625 0.36473556638961036
0.3249428615151704 0.3719567879148458
0.29680305755088965 0.3520362244243465
0.2836386540483195 0.34914788524372853
0.29261554649440524 0.3507007440241796
0.2850677754601831 0.34540607069051116
0.2806631147958537 0.35934704055689815
0.29188685577519696 0.3459608159797731
0.2962933920734144 0.35659821177985207
0.28171236003244177 0.343622280839638
0.2969641210025837 0.36912063601539086
0.32779665474894243 0.3631613714495772
0.3074611566978487 0.36359846265512086
0.29243756311249264 0.35241127148576673
0.30030835243328047 0.35582606199710287
0.2858837522737086 0.35129940738248666
0.3212372210736686 0.35664267032811486
0.2945162161544728 0.3368803531100904
0.2975173379270191 0.35266663925600383
0.3103537233153325 0.35609606420262147
0.3182533639489184 0.36746920818900697
0.27920789306897953 0.3387723425615651
0.29899048118470184 0.3421083139527971
0.31579795846874165 0.3670475086633639
0.27667330616440766 0.32898668178042606
0.29235301342886416 0.3467800298733092
0.2818482380326382 0.34247993667817156
0.2750667826110433 0.33143956330033464
0.3161627564565977 0.3668259457502071
0.29901393740913534 0.34905982416106063
0.3037999401032618 0.3428200181090931
0.3108286546176854 0.3515300935441409
0.28854258923036796 0.35426596649875325
0.3011048553990309 0.3670157421677402
0.30570632577325846 0.3568837966771718
0.3213279072907116 0.36736243847998096
0.2798698471033347 0.31792977196407446
0.31565351475679326 0.3705520377175318
0.3280274253242736 0.3712342451816124
0.3158582099439688 0.389427351004575
0.28383281100183777 0.3478572425850843
0.2866034828048681 0.3292813368313087
0.28184962722308327 0.3514530591087915
0.30133045237494144 0.3701299950820284
0.2970201773284978 0.3330733545676184
0.3173057702629557 0.3586322241807207
0.2989676274859403 0.3613926730249017
0.3033057660678552 0.3338824423111494
0.28075713849341694 0.34859553712943003
0.3178466390412062 0.35767774093470883
0.2942469314710659 0.3529647827668144
0.28693422036520994 0.36524346719576045
0.3185514440163013 0.36642670555215817
0.31603111693153935 0.35098111768494117
0.31462271207950515 0.37340102887260473
0.2904372101762175 0.3389440333453115
0.3020483900396529 0.3566191092464113
0.28885088181998403 0.3346858749621904
0.3087512348366742 0.36158489075638145
0.29456819586142347 0.3659067206076835
0.28631392329447936 0.3289414365536359
0.29796273142969326 0.3717393334411509
0.3173434723207118 0.3807863989251647
0.3114828143885449 0.3694154596085949
0.2841338574080017 0.34802324251008293
0.3055850966097165 0.3536782059798443
0.30495994093190776 0.35846178542394763
0.29363148084704804 0.34665006060796
0.2817197941339325 0.3421885705110824
0.30385904570003247 0.3650755753974727
0.2942741736565879 0.34544958845282214
0.2803522987053214 0.34424502846735267
0.30755402309670515 0.341866466598083
0.28766052976143497 0.35224946935400225
0.28677163854674687 0.3581557623862886
0.30916837900372324 0.3523063814727758
0.28504415207404415 0.35793618234166075
0.30349612492649614 0.3372328002949323
0.30653872593328435 0.3594569150240153
0.32806592666313833 0.3412187318425929
0.3246725913724276 0.36312100290383054
0.2946819252709356 0.3446729815684245
0.28972147251829633 0.3429108936887613
0.30833840249936234 0.3608461893820205
0.30263863649863015 0.33342730530914344
0.30736163889122003 0.3556356422113094
0.3101888727006093 0.3656296137846365
0.2831952569528397 0.33936767112493227
0.2928003298316666 0.34932883323658376
0.31466440572196896 0.38297108305485805
0.2907870159231265 0.34093840190689445
0.29828460714655897 0.36560530629458243
0.3041723936303684 0.34191958380176973
0.29107035772509876 0.34916542563769176
0.3224404423029843 0.3719148397863677
0.30775763927470084 0.3559320274122495
0.31126979359387263 0.35745313855524913
0.3175519595680578 0.3614130019125971
0.2882059480195494 0.35308201671615147
0.32517480017051553 0.37690250542465104
0.30272527981883557 0.36605348394837056
0.3264779378998299 0.35947428235490625
0.31060818744496954 0.36115587852060216
0.30562674787744215 0.3603976904393029
0.2870647296324435 0.35101319122902136
0.3251412127461587 0.3740836783194554
0.28988210191061153 0.3435692976335994
0.2907506621585322 0.3590392991187942
0.3022958201632629 0.33444506761803927
0.30260714111891096 0.357045698374385
0.3321824033101106 0.36643060685897944
0.31022316782964154 0.35357274977174774
0.3118027528559353 0.36160069217718815
0.3028308436419109 0.3311045043334085
0.29792089402352473 0.33965860427006334
0.29059544518876324 0.3658190842260485
0.28189550552206677 0.33674289662811224
0.31277325593892996 0.35214653864228157
0.3157605155509673 0.36817268179500023
0.3230247486284742 0.3735011999141236
0.30825219631557477 0.36129663782783367
0.2931057075492962 0.34889611363897505
0.328299344868115 0.3655021854664375
0.2960616159295568 0.33893587033755274
0.3183905836954304 0.36524340746214917
0.304429170838893 0.3763396323722618
0.3001049152209689 0.3468825346332966
0.31477856408962734 0.3665634284378952
0.30309315659952984 0.36141051161058846
0.3030343524667379 0.35854465990940443
0.29317762073095005 0.33927453769752086
0.2907001944239572 0.35954816143428187
0.2722201239798559 0.33562310773739135
0.28453088002625276 0.3275802280946938
0.31539768843220367 0.35620019606698106
0.30739246564821804 0.36042283761807076
0.30733406574242145 0.3680393893023611
0.33926830438646816 0.3946326591463926
0.2941183697094659 0.35014886076630675
0.29011682910188386 0.3458944614926446
0.2972334244156629 0.3607920066189825
0.2930490237997313 0.34558557310848104
0.2873174842482387 0.3682139940996374
0.3005732934648449 0.3587414233231738
0.315733543339259 0.3765359677484806
0.2966885862192591 0.34671098323178084
0.26461666791821425 0.3426864440140252
0.29919155087780336 0.3539131386747513
0.307164720671633 0.3520956931238748
0.2865004208319319 0.34565786230931994
0.28136740001775473 0.352452851878315
0.2977054490126875 0.355332893329495
0.2938493421237378 0.3720418909222879
0.32637824704956464 0.3695864818517785
0.302053406486363 0.3663925445774159
0.3087558072836898 0.32818418645940967
0.29784133385868405 0.34717521209214
0.30654282931746424 0.34841850353055126
0.27815081507864375 0.32513330572370025
0.29419351091823126 0.3449055882411289
0.3011509766856058 0.345607600520602
0.2955833584661601 0.3481914105905052
0.2774353295514627 0.34031737252021793
0.27904910918087067 0.32804146252135696
0.3000658956800649 0.3581486344338693
0.3022275319912605 0.350803636109024
0.30341941413696594 0.3484375108289254
0.28983503152897194 0.35499582873910684
0.28768713952674657 0.34378640655806275
0.3141444586943752 0.3634179348253547
0.3046245908356219 0.3643850709520731
0.29212818714258865 0.34827910598313644
0.30926945550793794 0.3542614574722829
0.3134799452494564 0.3642838590222606
0.2780149413635112 0.34347968137366397
0.30881641862482734 0.33825807078488396
0.2719389556990301 0.33380666122669295
0.2897588819506563 0.3406054853322655
0.29213233676121986 0.33237401527439603
0.33992119654819514 0.36152050833283506
0.29793422156923605 0.34385334018510083
0.2675199738596734 0.3353421599198483
0.28328481365081 0.353103319402253
0.2726960071465469 0.33073882850574143
0.2983908488826498 0.3453717583397687
0.34450395683574414 0.3550362873157383
0.2799372046183365 0.34727627007417505
0.29716440609910855 0.36227728864091086
0.28251705123984955 0.3425299750323643
0.3082708680683487 0.36803099809041845
0.27725040764319864 0.33135170981492096
0.2951317795638413 0.3457281329105721
0.28064385442561296 0.3328575514945591
0.30647201086121834 0.34942983121517535
0.30122162890177157 0.3618998053775922
0.31835968596865805 0.3553298497082303
0.3085542442294947 0.3626555402992333
0.2895997648417497 0.33792918920235254
0.2916607308444838 0.34979008603217054
0.33440641350368966 0.3784266924507581
0.3218999530414061 0.36041582918427295
0.29953254307920285 0.35652588695597026
0.31229878622754104 0.3514709734626242
0.3176397723986027 0.36207901476601306
0.2874873780238163 0.3580984562875879
0.2875810716765255 0.3439895251625609
0.31982270087572096 0.3702915033812715
0.28749914874320825 0.34671171139789597
0.2987132997370161 0.3658512412873286
0.3100788996580209 0.3354345378112742
0.29748927983797796 0.34600086404101354
0.29991124848603534 0.35097796830352834
0.2930584846677379 0.3543602265457154
0.31629626100654595 0.3492017185710067
0.3038011238091581 0.3583080210631408
0.298308855819756 0.36186186375108786
0.29020202125030986 0.35211497203783704
0.31443832014193746 0.3629721715360087
0.28969428120260077 0.3558029201044121
0.32244771693052166 0.36574198750377135
0.2842555182745236 0.34980603137003347
0.30788839957306774 0.3691141149954005
0.27640970162648215 0.3414380824823
0.3182949808967057 0.37492745583940673
0.29913478063399046 0.35134380748308613
0.31075633782597206 0.36147034341147966
0.2699810068492208 0.34554829521992786
0.318030590742459 0.35766586098424297
0.2999355795150865 0.35452801651042287
0.2883970933668317 0.35222669913725146
0.330879038987112 0.3711464365244392
0.2859692412114755 0.31700244610809686
0.28024519395892594 0.33662710736219015
0.31527025023117206 0.3641840182433785
0.32329778927961234 0.36150276351104943
0.3043642611141859 0.3542740515439981
0.2782115355737526 0.3405202733946913
0.30412782577689246 0.36483611364736557
0.3001873787310494 0.35371064893493476
0.30998429298514474 0.35800324965543096
0.26897614550025956 0.3377678025365132
0.28952057571174805 0.3545785940275988
0.2993411809379373 0.351999776937193
0.29633423662353436 0.3407977000329262
