0.22629178176849643 0.2321721371318472
0.26258669138566065 0.25532504616359497
0.22472245151293718 0.21785776420260156
0.18072156550224977 0.2010685246676782
0.2245148323473797 0.23232820562725195
0.27172694787290963 0.24182135002110908
0.24598927489493022 0.24282176630274052
0.18019910082053056 0.22582949668072685
0.1897951068641371 0.2357811037180908
0.26751338828557675 0.23556428406994745
0.24698576192517824 0.22587519862816122
0.24270722577127146 0.27027921225889506
0.20962394044213245 0.23049379811353551
0.21067108700553183 0.22321303390516792
0.20125709376708725 0.2105921844762873
0.19410587945455823 0.20812839731507615
0.26504464031562425 0.23185437363922184
0.2753961739449324 0.2710360268613083
0.21827733824500092 0.22430857548399816
0.1711897718074386 0.20814909635087936
0.25418072441544703 0.2746773997101218
0.21058449422311387 0.20684505466547817
0.2708109600010636 0.26580034640165046
0.2049346380286976 0.22375929729193234
0.2645806559015388 0.25767777376887
0.21776836958874446 0.21517387185588785
0.24773147228482748 0.2498799351703389
0.22043689086370113 0.2688416027150019
0.20930246460948304 0.21809720456001272
0.21249373530769394 0.2150744603637875
0.2715170308647099 0.24186759427800092
0.20343579574037784 0.2180254111387718
0.1906157533430587 0.2147075734544325
0.3107035505242322 0.25876532026592025
0.2949254333816958 0.29234535363978925
0.2543823077821767 0.28186760856515536
0.2545672399784621 0.2617978319829325
0.17944493160649724 0.2095863305927841
0.22753858270896438 0.23178357394106036
0.28863303875087143 0.2996205492158887
0.2224937687172714 0.2530336893889169
0.24198255598656052 0.25108446287616387
0.2062759952370575 0.24940980056749706
0.22656593353522217 0.2116245473504466
0.2651685940926193 0.26626770428647206
0.26105143079511417 0.24925981559840693
0.18025550356113862 0.21557442492548684
0.2879835550673739 0.291118092961043
0.2899240412138143 0.2889479044550473
0.28851531406035014 0.2970110122780863
0.2516000912532014 0.25060634978382856
0.19901475177688865 0.22194952451368458
0.24484938676888515 0.2607428553417379
0.18153773983935256 0.20648167963012332
0.25986246242085165 0.22008196023341148
0.1440525158983842 0.16143320488068807
0.20566108215725784 0.2516043176002508
0.21198045155396372 0.22317618442358034
0.20642277947072024 0.22776386542486418
0.20964275659531373 0.21524897994492453
0.20102236972763318 0.20377636234050353
0.17147886523012504 0.21979538653934763
0.20649887151114457 0.2256667253463428
0.2651806941564416 0.31225656569377624
0.2250986000951692 0.21132152098820706
0.25473970124728784 0.24923260626781152
0.24859394837010518 0.26466482650675305
0.22757032749036923 0.2531163811286998
0.1984734789910784 0.21901277121093585
0.20014917404547786 0.23822526389278256
0.17768802225745675 0.20145021218978534
0.1599399332644636 0.19793654135142572
0.23165671962991496 0.24335497384845883
0.19912280896701054 0.22894299257676778
0.2107552587193387 0.20771438638862458
0.1778037859035364 0.19229207059857806
0.2639178144430584 0.24498771269910244
0.19044956930007617 0.21621191032359807
0.18308955798922438 0.22419351093334414
0.26814383177524104 0.2569868611747692
0.2136435093970217 0.24154130252007144
0.18911641089894624 0.22251233626619488
0.1594873865557276 0.19620523153974423
0.2534528860888194 0.28093085659095496
0.20983709501055542 0.2447375731339681
0.20718030273830554 0.237911631266281
0.23271329268079297 0.23798819272053065
0.2505344422393286 0.23577225247879813
0.18636381609260247 0.24247201169799934
0.2196871618957198 0.24295765043080708
0.23346942199625914 0.2231902433502433
0.2291098012610839 0.20365551235132517
0.21172358795573346 0.20490033960105486
0.1551657767107492 0.1936990610320254
0.24311089425522175 0.24555176162749587
0.19318511940233124 0.21192084892033183
0.5134182021872525 0.22613230412838237
0.2960766064457365 0.23198819905027254
0.25220510685122327 0.2568755446885833
0.22426757271292402 0.23003617926189562
0.315075869509184 0.31202929058434664
0.2276199637407204 0.25392838605946977
0.218721588051188 0.22876159230325704
0.19423851257883082 0.21520497138812653
0.17046969119378308 0.21383497054978376
0.1923993448156453 0.2182403209963786
0.2836867973222917 0.25595179260756323
0.186604597512109 0.20720746189766096
0.21496326560600015 0.22273016904839157
0.23920194128386327 0.2536482881283218
0.21514456494915055 0.22504390840801455
0.26405515221513154 0.28231729442126985
0.20245448291164536 0.2051381574660191
0.26728273005944575 0.26654689285527805
0.19494580297106998 0.21590425741730404
0.3001271017518749 0.2448722766812444
0.21762905722748282 0.25344054584810044
0.24179963292094422 0.2169822608830369
0.19503774642830135 0.23045065351397861
0.3311544491393702 0.2794418425514838
0.2036936753214978 0.24676467541021407
0.21737299526134324 0.20548601337706351
0.22484392094765468 0.2544977501071978
0.21460952077597453 0.2502125866353681
0.1904664178941046 0.19840135941128328
0.2698039912426632 0.23559834020419096
0.17042537232434138 0.18638480634823437
0.2793610031772327 0.2836839436728747
0.22201454692568295 0.25025356029867496
0.19395534876379525 0.2163682853491142
0.2454211095292471 0.2587777038274744
0.20196796730918615 0.22669614496076518
0.27367552722136684 0.2879764784117945
0.21470740395457832 0.22302962880844213
0.16672277926893295 0.2164338701579158
0.23606684422022425 0.24153564173796857
0.2229257186569841 0.251684621484435
0.305843576886495 0.27417986855903453
0.1911037564310719 0.2140703070907952
0.24988003007933848 0.25565620670651246
0.24548537430687647 0.21255626794203963
0.21842912264834194 0.2477915257033296
0.23822249922554076 0.25312957671914227
0.19771252809693196 0.2211222841793223
0.1865037061992787 0.2240529329433479
0.24535716826508266 0.2744158548253627
0.2549776071559455 0.20435100875995676
0.23483599743987602 0.23631108635370063
0.22007446234059272 0.2089640435481916
0.20893585746029542 0.21671034194802083
0.28431571809385653 0.2489888731499307
0.2022006905910776 0.22487114817009504
0.21512075453366608 0.2301089617851302
0.2206681974514281 0.2298098089198583
0.20503542732975347 0.21866337788167442
0.19545140096969543 0.22335350491048073
0.20840565016187101 0.24696664599335194
0.24013824768351033 0.2518488639629285
0.26729634122663776 0.27058830605822554
0.20567922409844389 0.2370525043256834
0.21995927826255726 0.24192129640337764
0.18840818240398766 0.22162530477385217
0.20271020165242923 0.24135419179367898
0.23135148089955676 0.2501318247257356
0.198772270483857 0.23064950405288145
0.21327011491478534 0.21873142177932167
0.21806892416092033 0.24599324640615441
0.2617126995712753 0.2615192744875314
0.23866328800853334 0.24975533385961157
0.20191281991299362 0.23384354601411445
0.2068864615328892 0.2305570647785455
0.22448261129716277 0.2653414090480277
0.30798727285972033 0.21925209157321188
0.21000527367679245 0.21609881712932896
0.19799329092163417 0.2300259169000636
0.2500951536913504 0.2597551905695303
0.25981148352216743 0.2602911637202597
0.18140653040344049 0.21684899120637977
0.25458107704409527 0.2185166065102703
0.27272013969756487 0.2910808137755664
0.1580780738562024 0.19103381131583647
0.19350556114842998 0.22165036841687616
0.16457772904192325 0.2015761377448985
0.1777926920013513 0.20383577380621848
0.2632870093858395 0.25105116825108836
0.26300119510588116 0.22211850962212254
0.25836102888727913 0.21395902980009235
0.28212336899203055 0.272409930311397
0.2119700704165658 0.22879768861603733
0.26324986812413753 0.2868766707600361
0.22409327850341032 0.250438475632901
0.3044416761495517 0.29041433830441615
0.16977912759996897 0.17460011566194966
0.25758290707687814 0.2556354442277096
0.24950571187967374 0.24669170666638848
0.27216585865482645 0.3063295249214991
0.1577764194489805 0.20274259555260488
0.22823885951828313 0.24291431263252086
0.18514004416921184 0.22266347585536042
0.22665770110743183 0.26235216685372065
0.20674686941555262 0.19652151393295794
0.26299616972521894 0.239726716347335
0.21735891152791761 0.23706922563476
0.23187870366127367 0.2212798195687282
0.17559809100138427 0.21752153187849124
0.24998056696367305 0.23610321909747506
0.1964301705601009 0.2148306183930129
0.19441738424947438 0.24480905340978285
0.25518319968879066 0.2445341164291201
0.2798634089198716 0.22846099015485896
0.21465417429694905 0.24428714656010841
0.2148357010865694 0.22681165176566428
0.2291412318045755 0.2509903115588384
0.20545246425992553 0.2128829495731498
0.2740327197698541 0.2902398645226576
0.22439014904916368 0.25038680874589037
0.22648940974162543 0.1979552642356182
0.21171359764315126 0.24438621006055847
0.27596597518699767 0.31476753559888715
0.24319746456247185 0.25930795719747557
0.2166978017192459 0.2157858092931189
0.267359293757925 0.2683358047815784
0.23922154911420257 0.2327049721982045
0.19494956053897552 0.20906585845794226
0.19503134665471175 0.21696373772223196
0.2614789627942507 0.2781131029820573
0.19973485131734733 0.2167527944415408
0.20225572167789393 0.23027895973760745
0.23399239384269852 0.21877947315500468
0.19104186220078292 0.23401251033485398
0.17222694683455617 0.2239697526377436
0.2414505747474166 0.23932049162046626
0.17712610559768807 0.23401214207186705
0.21310032717526423 0.21215961283672677
0.25826791650668596 0.27785504904698005
0.287699655829363 0.25601471054325814
0.2721569141214536 0.23951409863484874
0.2228781008966039 0.220543209922858
0.2144865569035788 0.23554758862162686
0.2185795745874614 0.23867105506567554
0.23977145409519024 0.20758535256975427
0.21848731635441956 0.24074157530187595
0.25638574248449175 0.25423036652503156
0.16735006102103142 0.20874020138162178
0.24617253031979128 0.26595083739381375
0.24439525852977018 0.2759848215641081
0.20285359082251594 0.2185006064297952
0.2343482222987336 0.2740957106382062
0.21876553015277106 0.20911163897992036
0.1936024416709919 0.21790703586470986
0.24832166121524554 0.26063700916027843
0.2196911944695514 0.2230191332805914
0.24721280126065448 0.2549332619471318
0.25796992692341986 0.2777240559389875
0.18826493700265257 0.2317244220072018
0.2958678905255451 0.30499004396364954
0.20131068815000713 0.2420245987003393
0.27353595618013693 0.24639347331067687
0.2318634744174556 0.24531975021159028
0.26217208536832187 0.25024138468370183
0.17528377731678435 0.21530893516559574
0.26628105191488616 0.2918044507122086
0.1788306661775019 0.20060896070750783
0.20004552109954832 0.22178225744978977
0.25022453564303104 0.21114184906077157
0.25057857752472423 0.23548049543612506
0.26314602326903175 0.22230004223000893
0.2451410833189725 0.24083685022935183
0.2365469010378692 0.24199191922676555
0.23860424953293155 0.1946708498627634
0.18592677220319784 0.1972447586680014
0.23110553031851208 0.268548919699825
0.17149312823780727 0.207440389829532
0.22318562078196547 0.227087874981454
0.26842745490842373 0.2929542822358347
0.24476192405964328 0.2718206118900508
0.2670381519688596 0.27966761458261874
0.1914490022962208 0.2105044073247212
0.28190918120504854 0.28552339018391476
0.19408089597079173 0.2134220509761065
0.28058892193656415 0.2918290793924295
0.2091220037287026 0.2469304402783646
0.2092384103827985 0.23159418008936014
0.2648927214029438 0.28513316426181007
0.24759058951672813 0.2454148314057166
0.23496898911757005 0.23306408679488327
0.23227471234997085 0.24571444702222184
0.2050383147059568 0.2196585231806866
0.16467817721184325 0.20138115956668873
0.16827111600446065 0.19958172638212968
0.2780078353500998 0.2775127329718704
0.2180267272206795 0.24940199397471008
0.21768942346279418 0.23949987426507102
0.29613145374362254 0.31605968233411796
0.23728083013168758 0.267468545119094
0.19462554705832066 0.21001566284508788
0.20886139762182873 0.237901460155962
0.23175580509969926 0.2194726678632314
0.1981005714790201 0.2401812260402661
0.2594104839893226 0.2630767857574983
0.23671238081781326 0.2733005704539246
0.24792410745371762 0.2628354139820709
0.14447910071078798 0.19373091334772996
0.19586890152006575 0.21927081335133397
0.24837794919319445 0.23712856648379219
0.208353579063332 0.23751854900585467
0.16369185640394496 0.20473558771686556
0.20626507188780951 0.21649257326129423
0.22437552587011453 0.2339391560345525
0.28908547371175397 0.2946112506898973
0.21985380191455509 0.2541182455656931
0.2712298265801051 0.2077722521130812
0.22891538177090662 0.24577749556238782
0.21902639113182854 0.21985110199432267
0.16563913650327708 0.1871993680494862
0.1953363686137786 0.20797498969852485
0.20285863533478884 0.22130775016706292
0.20265425741663393 0.2050742470014023
0.16596772187845063 0.20724186870475517
0.16422980555470532 0.17538222610689336
0.2187961187453253 0.2419537160436008
0.22245326970969198 0.24461272509962034
0.21434801346445986 0.19775885893151104
0.24191217938913767 0.2757101986475207
0.170639609861054 0.2023027750839275
0.2562175734340294 0.25956082337172875
0.23657560163502483 0.26243788288743364
0.190588186737705 0.21556104950229238
0.24795700778978183 0.2158159392592834
0.2220632699774473 0.24610700489109058
0.18465554612760388 0.21854049520881005
0.25506564254638137 0.19504805129540914
0.20129210557007102 0.18834829807610906
0.20643563374365265 0.2246238054160113
0.18699201249929703 0.19347379942149845
0.36771665534796 0.24366868066381528
0.2206351794963387 0.23580968238089903
0.1528689472322164 0.19626863143002665
0.21758320830345568 0.2581258979463347
0.16925445647371282 0.19319544042292844
0.21399935579075394 0.229504412194093
0.44949884322547823 0.236270702617285
0.16296564664038493 0.2094227370908305
0.20919719193338535 0.24199115197598917
0.18565638296237774 0.22129409451924192
0.2575422326340187 0.27552599728117594
0.161986090163344 0.19469104843988383
0.21366874276160028 0.23058561659213167
0.19072796140224826 0.20420190799962135
0.2488708594503362 0.2691223908703215
0.26045572312371734 0.28667563470167096
0.2642257301664315 0.27643691457151087
0.22882387129491125 0.24570314707984084
0.1839787995532282 0.19724367671219892
0.24069295150114134 0.21814986922100452
0.2954653189465615 0.2901010204821026
0.29063126160654196 0.25126673979655806
0.20329847039204876 0.23174242211109156
0.26678919664549977 0.23104871422832485
0.2659439361481378 0.2837553408965201
0.25185557814022025 0.2765717168795742
0.18971129000967024 0.21756377803980997
0.2871824059244356 0.28532951207094287
0.21897589282487534 0.2503578033575413
0.23989469705383856 0.2722971478612253
0.23235628130955924 0.21141245913163828
0.21904273886104259 0.22774488617386435
0.24319387936700854 0.2543458303925804
0.22142596678921442 0.24905815450647295
0.306172757847835 0.234673783692769
0.22320353898207873 0.23880292374849646
0.19822525613527095 0.23468784351727992
0.20833914006457344 0.23690487888159822
0.27668213514537726 0.28196357322692606
0.16213777549439257 0.21912825186000556
0.2899721684377621 0.24780318278283464
0.18945524948145967 0.21942710077942962
0.2287819333724737 0.2603645437333615
0.14859723356484494 0.18950021389699734
0.26036857100474414 0.2718731705098498
0.21848952889388623 0.23990515597850987
0.28348674539245466 0.2820529179093646
0.19786679811915592 0.23983998836442527
0.2549623898718164 0.2609299947120007
0.19466071572600963 0.22771816009497528
0.19368014997510793 0.22271482246553873
0.3487511192000247 0.24374636333856403
0.21742229861992832 0.17300990300439403
0.1786842393591174 0.21507054823395202
0.2505434408468903 0.22354717445909228
0.26414975921131084 0.24871966766129616
0.2521156342677723 0.26528154304912993
0.2114335446900201 0.19938021453059676
0.2448274679769482 0.24195092460017323
0.19063609608887885 0.216509214722105
0.2633623729477955 0.2741009951151761
0.16287195857459164 0.1990046473465262
0.19873283799341546 0.22442083669946805
0.1904501468645763 0.22836298900074087
0.211135129108461 0.2037154850934593
