0.1985076270400667 0.23832457105257596
0.22210780992007537 0.2643368104589588
0.22557184073259717 0.26361988710519424
0.2074467443413609 0.2509848119823481
0.21591786731702464 0.2637014563208325
0.2181088564946528 0.25324663386936913
0.23012972586716393 0.2785425100230126
0.2211066481876806 0.25572686014869883
0.21426904384800713 0.25924430352935635
0.22245274374254412 0.26848336709918824
0.22558381485438625 0.25791284450487545
0.2264803745232804 0.2698021864808727
0.2271378435630532 0.2684811616888412
0.2160143986429212 0.26381989591383215
0.2183215074322791 0.25873493988379814
0.23097054633050235 0.2643490766415665
0.21811955953985088 0.2628100369597721
0.2227622425217208 0.26287345652974686
0.19926556941038095 0.2382252855524364
0.2226799465917195 0.2650496707307699
0.21086246744597628 0.25354712966543536
0.22428805059465137 0.2489390521159436
0.23049622508382422 0.27316485319285605
0.22838445874159666 0.2751382189565741
0.23252304332600165 0.27487332753194993
0.24082834110211604 0.28184233017874677
0.2029930320104572 0.24117649488293796
0.20435894115104264 0.2510406082614156
0.2195042740466405 0.2596406643868521
0.20330337535757562 0.2422638921571835
0.22583090460053604 0.264836367227203
0.21309281498450017 0.2575298638055737
0.2145439913352828 0.25229277385834603
0.22093375486774064 0.25926877216775807
0.20482264644293646 0.24452681630000084
0.21800671227748988 0.257124720855553
0.21802537515865156 0.26005900283403244
0.22581668274513095 0.27706206329838706
0.2088866918738169 0.25069580607502195
0.2147624174904583 0.2609789554328878
0.21870554570251072 0.25636643318388946
0.21507306400871623 0.25491040504014556
0.21200362800415207 0.25531958262589466
0.21426709990285597 0.2597082095564282
0.20904599617360578 0.25211732402245846
0.220233534855714 0.25875074199529996
0.21260284618051326 0.2444436479974557
0.21582986493705128 0.252343254924306
0.2134976957975387 0.25982058926568774
0.22777130219091662 0.2700599886019187
0.2113052497127003 0.2603120036702654
0.21966341429054506 0.26036769439377205
0.23002461571965227 0.26356108197842903
0.20639381154489034 0.24774362967445943
0.22452670956416682 0.2578049886567383
0.19948715518561433 0.24589864580074924
0.21993911762439594 0.26170421909794
0.2097649845639065 0.24878805434003615
0.21401871693868185 0.26667175462322873
0.22332609665222508 0.26239761203656264
0.22015844071887258 0.25964956922807936
0.218230670975859 0.2604470440383208
0.21493754094755363 0.2512534341564847
0.2158799099132124 0.2524393590177272
0.20484022867394724 0.25060498013341526
0.22986612329613318 0.27075602034413976
0.20004972178175343 0.24394128193348236
0.21465322360274586 0.2509602253299284
0.2248868465004954 0.2680824763588028
0.23010447258297748 0.2714050521561905
0.22421115422549 0.2643706816186886
0.2242728662554468 0.261731803071954
0.22111233744062123 0.2645193344411903
0.2173939605650643 0.2565754286980667
0.2179759404031504 0.2615087169223921
0.21539423020076096 0.26715073268962486
0.2123432617474454 0.24419413369564427
0.22086129230809085 0.2595821781742956
0.22154482654101051 0.2602284853410557
0.21195392315675074 0.26051819559437567
0.22415780950299719 0.2731934070929456
0.22160179222505189 0.2557649962410789
0.21940731940644828 0.26251745944306215
0.21888998417560498 0.2617206237292226
0.21055217177635954 0.2553519642674841
0.22425693015411907 0.2674897947840306
0.20825930020096403 0.25566594712177615
0.20419376556750898 0.253541849575064
0.21852291329780818 0.26528448293504153
0.21135281063311923 0.24846619270467496
0.2172761774475855 0.25888186892656434
0.20860631094589524 0.25434271210062415
0.2172952893736481 0.26149336354618313
0.22531294292544796 0.26639681086810435
0.21647348962478674 0.258786400261573
0.214354948814521 0.250525210831255
0.21965884377529474 0.2612063693310888
0.23423596535782334 0.2812163649321716
0.22068482919933932 0.25691621266538683
0.22440582129516765 0.2589381734745188
0.20168618105256167 0.2505144046706806
0.2152326294332877 0.24659410336707813
0.20977540100455325 0.24851203953752635
0.21408075306455066 0.2553323120634489
0.2222618786046581 0.2590617903220859
0.23630914086283983 0.26809882697515536
0.22013899392411354 0.25569425226478776
0.21533728292945956 0.2596723373819827
0.20552268994860357 0.249950352585433
0.22081808312162565 0.2709525759889046
0.21726055731519203 0.2536755858235194
0.22289213156854212 0.2639589987943134
0.21491924453377462 0.2495947600887227
0.20088151568370105 0.24153180079264014
0.2194836828176164 0.2627756503141281
0.21208475888026773 0.24832972705162443
0.20089720383570947 0.24736245310421567
0.212193803367896 0.25664950137374054
0.21455188973360706 0.25496632225157856
0.23544420742411018 0.26854856857679277
0.2059482510255561 0.24875643483320065
0.2154975532650287 0.24947306171351127
0.21112367043057773 0.24733433161522347
0.2155820557384012 0.25530626285617664
0.2079893915166356 0.25027121516308093
0.2140693459952495 0.24913680158919344
0.20478972057701017 0.25169143312647124
0.22167724518761214 0.26142711952889947
0.2211572545066027 0.2513363458090983
0.21295320920475794 0.25639195621900973
0.2133257430709229 0.25520508785939855
0.21066081267799092 0.2583455309232021
0.21252759502584712 0.25608890774597864
0.2215929473781495 0.26508215810219843
0.22947698727912916 0.2685326889290898
0.21865677167042136 0.25933222291683034
0.21656825453845477 0.26553692758322306
0.23623052461065538 0.27963070606899315
0.21651235810925828 0.25927617461826835
0.22033839010012712 0.25421473351005786
0.2290888825070778 0.2753858800155271
0.209713654148695 0.2577103736121527
0.22030417338932312 0.26628621238859856
0.22187176217090993 0.26606624887181796
0.2190272885187467 0.2645062604020037
0.2204295204502461 0.2622644791177283
0.21141497942442922 0.25518823160317444
0.21061191001361332 0.25259821208852334
0.20488277903008084 0.24240785385255803
0.22464450744550218 0.2694763169891145
0.23555865597403552 0.2736696192198196
0.2212529765119456 0.2651134010633935
0.21459676770689312 0.2577642230100769
0.2165137792280543 0.2619574881656907
0.20248582956762026 0.2537459879362746
0.22115088773336464 0.25552764302654785
0.226431222642593 0.2672711383810593
0.2172914270545911 0.2608776839998128
0.2107535371133543 0.2661181031121474
0.22268375083044345 0.2552235435912298
0.2159010684854653 0.2515281720900065
0.2183631761888209 0.25925040159325147
0.2111682895315715 0.2549023539489034
0.21925084740636092 0.2549702775913028
0.20568548844302634 0.24667653180685925
0.21564508508795363 0.2592003966600726
0.2348093781898881 0.2719485826000533
0.21427544047037853 0.2501815092231491
0.22249651344213625 0.2589841689781536
0.2248229890323265 0.27286857171682904
0.22132304398067884 0.2669771712984526
0.20234406797907478 0.24685038876353022
0.23101567363126957 0.2679082896445072
0.20300209464282476 0.24198854133113532
0.21554888740964973 0.25547925552235007
0.2056258309164446 0.24883407007427794
0.21372080711047906 0.25908153736321005
0.21480794875424547 0.252075997104947
0.2084777982561341 0.24483916592447696
0.20346835461350932 0.2470418565813613
0.21435472769220337 0.24768733794049597
0.23342278801360233 0.27722451754427035
0.21553906435767328 0.2610619629980731
0.2110441786817994 0.2526707744648927
0.20285884153911934 0.2533899342525481
0.22486629370067168 0.26979007330087706
0.2054461062962284 0.2489387929046566
0.22135036115679313 0.25727233754353823
0.2229509230229193 0.2624119049085308
0.21824508836194956 0.26225902259666933
0.216991995035421 0.2618224227139215
0.22354664364384144 0.2608404725007043
0.21510296285668126 0.25549612923445914
0.20785689939772256 0.2388780911517162
0.21581985558733469 0.25038033890972505
0.22764311961175626 0.27641066182653423
0.20213347808959634 0.24544035243092327
0.2361728428661687 0.2648716864154395
0.21380615039510575 0.25247958778045904
0.2102195413414032 0.24497358228050958
0.2310786790188193 0.2678423734450781
0.23238572193349316 0.2740827088527876
0.21647664363719926 0.2571945617806541
0.23342561530862446 0.27612475259100766
0.20900715504472056 0.2399965087990168
0.22008923576230863 0.2549604134231546
0.21257074866486902 0.25354442735543126
0.21829920689112361 0.2597961267635389
0.2217554018732274 0.26469059660846117
0.22743311996821403 0.2641050618527866
0.22116109713234458 0.2632675611503752
0.22486221128223616 0.26675464697542306
0.21675284591826877 0.2598526785352895
0.2130189697752326 0.25283084424856467
0.20941042300614032 0.2506750024502262
0.22001702165796164 0.26545184278087675
0.22055181822001704 0.2636939664466339
0.2143995254297646 0.25252555301213114
0.21706802506923428 0.2684954768643896
0.21594922406397157 0.2642724426633196
0.23512747248053775 0.27390807061657374
0.21971806823847553 0.26122139224040747
0.2079565277911804 0.2493790049988826
0.2087745230977699 0.257336091387154
0.20605460772315418 0.2414838355738531
0.22607167866393288 0.2530056450186726
0.21967990307206345 0.26089436156360046
0.21221827913612923 0.24070665400239175
0.21618954810838648 0.25899740130351434
0.2282177727261867 0.2670917010697813
0.21257331939181456 0.25588287226751233
0.21973350999560765 0.25760256105121443
0.21929922248844402 0.26211384061910076
0.20847215088325238 0.25591485083961296
0.21326847212571895 0.25425168923692704
0.21527144648389213 0.2576999394517859
0.20923988206971383 0.2559942620672336
0.21874325183652604 0.2698400031714742
0.20752769395376672 0.24842896133642567
0.2098355277254696 0.2527304481637718
0.21954380063797335 0.26175441574801617
0.2179439747669296 0.26695289272199046
0.21949468425937668 0.2707575978343175
0.21043087786738804 0.2523093687326316
0.2123366156885644 0.25593831235887815
0.22409840041738394 0.2679404040558178
0.22806813432576936 0.26879799948780303
0.21318224050883106 0.25393191890720085
0.2159487741091535 0.25271013230364414
0.22133331719732632 0.25647779933874937
0.2176023695547259 0.25775162790887124
0.20880988456531968 0.2541722877141942
0.2104213127457735 0.25409987218953517
0.21705608340343555 0.2547426567929737
0.2265751772027895 0.2638803862730895
0.2297210234374321 0.2658938684589078
0.21533336649559 0.25229866277312946
0.2252029895829043 0.26219848509324184
0.20963677738033984 0.25567125637503374
0.20522041974122218 0.25616114389442673
0.21269839102194285 0.2508595076690756
0.2087802004209468 0.2553710569476104
0.21433316645251513 0.2605908364070346
0.20677518970557218 0.2465775975678545
0.2130224687064277 0.2505165720464134
0.21275706843287406 0.25079614198388933
0.20958574759531007 0.24846660708110124
0.21829725137073425 0.25586626773826593
0.2238810871369584 0.26436883191971466
0.22081774149607214 0.2612181701535959
0.21236633624975065 0.2530759632998272
0.21391174695485196 0.2522130642430627
0.21137303149294615 0.24434412792606122
0.21144166281527124 0.2568307595113358
0.2034481523397317 0.24285751796311889
0.21079230472492846 0.2528125482583776
0.21992255949269338 0.2553834041954555
0.23411449520284142 0.27354943945407434
0.22065646688699506 0.27167707347811165
0.2254191258140005 0.276915901112833
0.22311748825254984 0.2648181200176266
0.22442599917192005 0.26614415466529273
0.21460775416601163 0.2528481617434581
0.23185016527487462 0.2678206279236171
0.22603182142620964 0.2609051031241396
0.21411650372479601 0.25894707605189493
0.2146500920397355 0.25271888501540224
0.22116327691271262 0.2651751927449575
0.22990252552981488 0.28001812827614564
0.2171071717619789 0.25941712612369494
0.21627004519407422 0.2615450965404276
0.22887617722429737 0.26694646065398314
0.22423809496554262 0.2698931958894228
0.22489976870896408 0.26882744618813725
0.22671914885096156 0.25995022142978136
0.22774955559258583 0.27152613006607174
0.2255957835534967 0.25813417250356435
0.2324579222401014 0.2612649727598462
0.21420030421722083 0.2561781980775236
0.2171085519118092 0.25860562183406155
0.23236309164381963 0.2634872550506859
0.21485993412182988 0.2636251777464361
0.21298291140323355 0.2575108251384037
0.2010232568081874 0.2480049494431678
0.21120091928608906 0.254145275660216
0.22519175708397082 0.26854103119776035
0.21622144487349484 0.25717868494718477
0.20767917245698486 0.2546373703718553
0.21705146603702768 0.26799811101707527
0.2280704202961495 0.2738463840708987
0.22379413328414563 0.27843344838247325
0.20161942712559247 0.24485398247472662
0.2189146528880124 0.2641142248761667
0.21409535725716905 0.24707984985615894
0.2104722659264125 0.250103457663643
0.23482194102576717 0.281652172698472
0.2249146692463608 0.2701596749828209
0.2170666070456862 0.2684782942615058
0.23046151970908726 0.2729356180409139
0.2162308387463629 0.25625998953894596
0.22950222421690872 0.2799301091046882
0.22093322003793833 0.26563741480976616
0.2258453087704677 0.2674728236868469
0.2168075950976977 0.2601858168420514
0.20541109211399747 0.24968717983743624
0.22175725700129717 0.26700292745444476
0.2196990599869513 0.26977612850689237
0.216156382457862 0.2577459691380901
0.22449064553171286 0.27053282128551426
0.21332993793819646 0.2575352795150736
0.23283157230191193 0.26732508495040586
0.22060655887641292 0.25680075551134673
0.21507877060773065 0.25523327029315973
0.2177650376456855 0.26086591197104486
0.22183767813756353 0.26174698004102576
0.22925248872679976 0.2712888818267044
0.20766834268629034 0.24492080003551434
0.20661139478519294 0.25246432004040154
0.2079782822019317 0.25709166721868565
0.20563727862301817 0.2418657649952337
0.2176668546326959 0.250119713477196
0.21779476021303878 0.26116168459992056
0.22151307389729225 0.2650727814555044
0.20412490776819442 0.25238411806258104
0.23411501237020504 0.2835024194490812
0.2265991326511022 0.2767597126743527
0.22772279482260407 0.258270964289286
0.21549127381847985 0.25342851558594254
0.21786163275851123 0.2608013913303508
0.2212269559610498 0.2587614136135979
0.19918377041904325 0.24169966095504963
0.20350352454942522 0.24632484470723195
0.2173459090278202 0.25333936230237325
0.20351342526778884 0.25182112800330053
0.22344329464731044 0.260827465274371
0.23224731540063653 0.27595592588074375
0.21207376696743527 0.2464169468404273
0.21390850984752657 0.25163937398130287
0.23652438546366403 0.27794783456118555
0.21644650355418119 0.26442891978501926
0.2162100639353117 0.2543797959887816
0.21286472814685692 0.24895055986171352
0.22307798441596424 0.2670078288951482
0.2124514934743846 0.2552722957563395
0.22832356774063067 0.2713129425740383
0.21356905012594513 0.261049143288432
0.2264334196845232 0.25752637332126205
0.217208899547793 0.2640995578914039
0.21219411878203004 0.2526439419539796
0.20939824095058437 0.25138051944201506
0.22629965260069532 0.2704206579983802
0.20758706309687863 0.2548033899060981
0.22552237873239878 0.26142831665880695
0.209791558180435 0.25121237955841197
0.19953164781062957 0.2406217817017357
0.21467247968635642 0.26281346855685317
0.22716475547455728 0.26238887615419554
0.22799346778811577 0.2716521725492616
0.20994962339706202 0.24873284006960755
0.22130679148747717 0.2628270356210956
0.20783288298205305 0.25651157594011553
0.2191239729251816 0.2638529733516281
0.21136587549032132 0.24908311202844904
0.21712467056938506 0.26108393553999765
0.20833265211512553 0.25141538350871084
0.20958952324262414 0.2523314486993133
0.21387203328585133 0.25001061419083537
0.21177234986761764 0.26080972958182136
0.22069134235139262 0.2571423359364413
0.2184040984088426 0.25834404723585935
0.22010041044935325 0.2610349953182894
0.2162934941345542 0.2582282101462871
0.2300605792521386 0.2746872687767627
0.21727686895502474 0.25846271248500124
0.2129740609612935 0.25337220480118566
0.22747218459607557 0.2675927650637882
0.20461789528757626 0.25292494847175323
0.2103530802404539 0.2546481712072064
0.20922020352457626 0.24826387047219842
0.2125236774895539 0.252334445413354
