0.07632541823658796 0.10107926230433095
0.13355055197310706 0.16844816916148295
0.1268930859513636 0.16008040171874863
0.09022201251393985 0.12062852755585855
0.11396811598358897 0.1467971300083092
0.11297875361084181 0.14031624623615935
0.13643021807730843 0.17659064320972517
0.11280479209628214 0.13703884484964546
0.11429231880704721 0.14696775511396742
0.13576203437111126 0.17281099710935197
0.11734783236114152 0.14672266500639203
0.13715618843272137 0.17597399046388074
0.1324337621575246 0.16611222094158296
0.12388346459554418 0.16057383726092067
0.12961353192991998 0.16379081260396938
0.13746893680834185 0.16155959330682587
0.1217090563033647 0.15302249127903744
0.1246361846450406 0.15838610195899197
0.07575881319301568 0.10160096964840265
0.1399391769932327 0.18083270454418318
0.09075509981437016 0.11862122518264906
0.1083619734567069 0.12009104122479526
0.15780766237691116 0.19394900865115725
0.13981642910935357 0.1802062694185686
0.12847606357321031 0.15847409129143294
0.14543300404939383 0.17806030291520009
0.09497177172774725 0.11721302608341708
0.0946933189531626 0.126648966555034
0.12087732297627618 0.15354223647576895
0.08512434286548681 0.11053137423221981
0.13687145651310265 0.16667943687912476
0.10527305494698638 0.13649806888768315
0.10631792547681311 0.13733173740530638
0.11977410386928197 0.1494901733602353
0.08951665415498125 0.11784565059371294
0.10935836001148239 0.13307347781201637
0.1307148862894049 0.1612635720627365
0.13437178451411896 0.1720728589075899
0.09564764602249921 0.11830055622539326
0.1047274057609938 0.1375084414689906
0.10612794138049927 0.13053276574037564
0.10948881869697319 0.1334681655804043
0.1107982757179415 0.1394525737858441
0.11223025883808706 0.14776330061782703
0.10884270615540587 0.14036932182956585
0.10227962934417088 0.12904420179483278
0.09462940118833447 0.11100048570071332
0.10876297889845532 0.13282373749436371
0.10892544077632349 0.14317386813541563
0.1281219408805862 0.1665030321836537
0.1290979718117531 0.16540017747634228
0.12940942997168828 0.1583176504718126
0.1265350617009035 0.1540636720538076
0.09159941504509393 0.11868239794053545
0.1146098629167658 0.13945749923106138
0.08257362628867768 0.11262027232151171
0.10875332730511987 0.13274605254963015
0.1029774241068639 0.12558520231618586
0.10889933691685066 0.1463664471261621
0.13224196966136748 0.16346714790066985
0.11831392701064575 0.14763293975439848
0.12123634277512417 0.1559861597777424
0.10912209843203564 0.1358695607752716
0.10343687600385337 0.12533526518461507
0.10032209942821811 0.1356774758341369
0.13310964316756457 0.16369059853037327
0.08506729449974158 0.11323164363600369
0.10516611912319833 0.1264030428758741
0.132625502277701 0.1666355017889698
0.1325632922879393 0.16620675380242825
0.13832460198132385 0.16383027279895826
0.14135298581945077 0.1717333534512217
0.11792755310213669 0.152280372098754
0.09905496436878267 0.1303448291590289
0.09965971973135802 0.134271690530958
0.12569671976111987 0.1605627086704999
0.09625357051130029 0.11803343970583166
0.1112618538680499 0.14045558402695615
0.1134439810336883 0.13975905660078294
0.09678996747542987 0.1302212298491945
0.1130229424791157 0.14893587339656617
0.11615991684153602 0.1386271349693804
0.10582114052598422 0.13030671071039637
0.11028805505283922 0.1410088349128606
0.11207535961140276 0.1412303546514977
0.12014050964764075 0.15286944613312073
0.09462141168875063 0.12350932282484622
0.08907710556524048 0.12407953206429599
0.1135658297437117 0.14707201685743396
0.09206519346778408 0.11622909143570422
0.11291895931982837 0.14013860586419724
0.0919224855396789 0.12167472967069207
0.11353649863367334 0.14373310936916878
0.11955477050127 0.1495760771103072
0.09573924760131156 0.1182766975237422
0.11729150873968644 0.143820958141287
0.11604422162336005 0.1471572716518658
0.16324529858438308 0.19393261281967103
0.11413208022011764 0.14499985170092344
0.13043321288449447 0.1584222324542795
0.08630347236578707 0.11489459790439051
0.10379405088976983 0.1192357476302404
0.08984857366134628 0.11655073921895971
0.09371205327409157 0.11918491936673556
0.10228430578782763 0.12462649117154923
0.1573854397718636 0.1847183393690984
0.12549846593404804 0.1526627920493173
0.0955582249771207 0.13269449645617004
0.08960127192970303 0.12383074302311288
0.1118268875289497 0.14986218412440996
0.1035796846720992 0.12798787889840293
0.1491378472643606 0.18558157891346164
0.10265105696498283 0.12962571807093268
0.07510937329553348 0.1001590466879586
0.13024646683857494 0.16238591744305692
0.10408638319055401 0.12962293112490852
0.10268687923863423 0.1384126980816919
0.12591157690366153 0.16385457208585874
0.10053677334309545 0.12520788026982188
0.1274955319002709 0.15630383295860292
0.09837251218727133 0.13006452284216488
0.11174666764857014 0.1343466314245153
0.1050677433848765 0.1279371617145281
0.10951892285791201 0.1388757231651928
0.09646844627918004 0.12511894507792465
0.10130303155261293 0.12843983024390596
0.08872562089511199 0.1188846622665484
0.12678055160081808 0.15238368801522245
0.10230087781829902 0.12293214866973608
0.10161054839147127 0.13376546930401118
0.093713296382124 0.12214832558725598
0.10358540706469649 0.13359766010555654
0.09892020942587519 0.1295533137355065
0.13253888799261135 0.1692885822775198
0.13165869433352612 0.161273816714722
0.10942944501066934 0.13798721567320107
0.11576005763329074 0.1502710096394917
0.15776854168056112 0.19568346251172375
0.09697893213498915 0.12681949451146007
0.10344448081723344 0.12735026055421356
0.13600787281667548 0.1790771373137002
0.11602553214153988 0.1524479302001239
0.1503513526916216 0.18985236762069005
0.10679173330745328 0.14197497208179866
0.1315857969302399 0.16606361922981502
0.10831156634401759 0.14044286908368656
0.10293179163435388 0.14097128211177118
0.10005374874413721 0.12882681631635276
0.10195802916585796 0.1254038746431086
0.13453360040617449 0.17321972189857296
0.16118316555079526 0.1935394851502689
0.11873719668465323 0.15332709309109382
0.10390376043659794 0.130927132925713
0.11168442604597517 0.14533157534883845
0.08290948605499723 0.11371977119003213
0.10069656275518704 0.12796731900094552
0.12922190210590803 0.16106274919697636
0.14166554569683443 0.1757868180616339
0.09242664052690826 0.13138412722721185
0.10984854254339814 0.13332499559355615
0.09520669437503412 0.1197725532720898
0.10659874334998444 0.1375862738154361
0.10474488603517952 0.13418604121359526
0.1061228240004964 0.13459099752417497
0.0919651884644802 0.1143492357416912
0.10830675518987307 0.13799852386496497
0.12582676121958203 0.1562515017268858
0.10584150214247427 0.13131491885915245
0.11884095876961209 0.1467582325933538
0.12613249337950483 0.16266996856233226
0.13682498350432995 0.17594385339393748
0.07952889373562955 0.10815542438497908
0.12636795518848487 0.15554803149121618
0.08639734142949264 0.11119577909513467
0.09727104764951774 0.12586083951835608
0.10446028480613256 0.13103641549782052
0.09814272908014998 0.13252094675552495
0.09757094351020049 0.123020602088405
0.09049595507538122 0.11285260958032707
0.09039694896079613 0.11683654727639309
0.09802656016297055 0.12104099764667654
0.13126721333121874 0.17187532750006657
0.13382847382607196 0.16873498039753082
0.11412469278001393 0.1449199355309826
0.0908916793012145 0.120200974739265
0.14462285248497253 0.18388719456820585
0.08443487996562139 0.11279522785849434
0.11426069754327509 0.14143543356666557
0.13313714306563543 0.16676837677609188
0.11726228225958926 0.14967876444327874
0.09772364281816437 0.12743431729260182
0.13932247566190972 0.16918102096181645
0.10516143608212229 0.12888917652131054
0.09014099902295 0.10686506432054893
0.10564439854407713 0.12948635053936686
0.13976545890186035 0.17784421404186576
0.08967881135075247 0.12449712753837146
0.14202054984488033 0.16989387291739186
0.09214749488602213 0.11487615856124238
0.09112341103359324 0.1109669995364552
0.14519020333742913 0.17660370595291344
0.14814423439675914 0.18665983837018257
0.10431731319260602 0.13311737774920895
0.15898354560001646 0.20064711077333375
0.083944915592744 0.10428161074360189
0.10273795460702373 0.12809645162977032
0.10500440541351704 0.1346122225759493
0.1086469491445208 0.1407253813682961
0.11958873994284654 0.15391546896981598
0.13576276433427015 0.16541935967056656
0.12309988252705621 0.15654693046190596
0.12064512685327987 0.15213457717979484
0.14542384135800068 0.17692132491375429
0.0924729447677637 0.11940945340626645
0.09968098761201068 0.12471136470952152
0.12601929089457184 0.1589085240524788
0.11999453392652588 0.15571009350819676
0.0976026655456577 0.12417758940719704
0.1454731665196373 0.188653819664671
0.10800374480367628 0.14296103420208875
0.153967691097108 0.18605076765766004
0.11883024192517397 0.14520935411998584
0.08303671672829387 0.11272115423176488
0.11902206255372322 0.14873669834439948
0.08696603843908886 0.10893037531486745
0.11962586694956201 0.13368277062343617
0.11668725580620824 0.15326512114610874
0.09293745930470601 0.11253685216056927
0.10110949661058603 0.13255448108518128
0.12655874059627145 0.15581648124844774
0.09882608247254446 0.1252043750366996
0.11187831895274358 0.14353654746506517
0.09934995200514782 0.12899385496192547
0.08162967025610822 0.11287004209320185
0.10016855814279521 0.1295063348659662
0.10841999014266039 0.13749633295206667
0.10479898924677532 0.13417836199081443
0.11689807327966283 0.15681780345738378
0.0879328531257582 0.11521714457114816
0.09618355778853303 0.12410581523583553
0.11686713143129557 0.15247751139756371
0.12124172904201727 0.15812997471208037
0.11896502145124366 0.15782162154854915
0.09138562002419037 0.1218287682040122
0.10353753163299964 0.1349388074565911
0.14354773438135301 0.1762284680945359
0.13399978267393917 0.16626484535561015
0.10587991322236985 0.13730805297739612
0.10365114965093726 0.1313079549870869
0.12806943207617327 0.1512925432094821
0.11074102210466363 0.13743468737661163
0.11169663121285199 0.14524334661508737
0.08915553105540656 0.12057873791204698
0.09751305888324667 0.12212959479562649
0.11902231560903272 0.1464465086161075
0.14396794973983576 0.17894298657760524
0.1223785791099771 0.15188065973953602
0.1307066674203383 0.1594123428403093
0.09803210891495559 0.12716889629236944
0.08547579126201534 0.11485184763908048
0.09978256454769859 0.12804448536601368
0.10376359871647454 0.13792310222864548
0.12010534253057598 0.15400347408906012
0.08754376254033276 0.10956913279656016
0.09020584901041417 0.11089904621224146
0.11557877159551261 0.14765172483076497
0.09452081420022437 0.11950402001613752
0.10359793139163766 0.13020845393070016
0.1301504936221387 0.1662281781992669
0.11894944192947039 0.15583989524049557
0.12406529274363917 0.15424495418546272
0.11442101501474186 0.14378935328426448
0.09474975701221032 0.11326687652084197
0.10011859036242905 0.13465271330465586
0.1037000217461694 0.12984085718883473
0.09957924310285383 0.1309341842993774
0.1027988877908126 0.12631583474486846
0.14331426722587112 0.17824504542995714
0.1200645870832213 0.15731253362559047
0.11833777175084396 0.15297038624049888
0.14017120380520867 0.1763973766257938
0.12581798948624612 0.16187151258539464
0.10676548925111111 0.1318141876704443
0.15416442779429573 0.18726524611792839
0.12869902775102895 0.16230712213501772
0.10222479140794868 0.1311816501296951
0.1143619489908494 0.13853270636589432
0.11988313386860015 0.14636576015721475
0.14097802027140668 0.18129508022164142
0.12564797457421312 0.1609260675929718
0.09834247800718615 0.12876394759134266
0.13573541383006568 0.16954537933021221
0.12300502956459834 0.15750910597140336
0.1465475354987998 0.18272303206334256
0.11782769773221415 0.14656064200234398
0.13212856917579352 0.16637901236538222
0.1289308442624966 0.1541941228664246
0.130339330534929 0.15398826007671393
0.10306390071099761 0.13924457889482175
0.11393495244445453 0.14658414514700935
0.12833974140441662 0.15214325794807573
0.12499977307784414 0.16226064053401149
0.104981591551761 0.13582253915729764
0.1019444899765148 0.13653049919032728
0.10096429618137037 0.13156611899819556
0.1196418464545612 0.14862610253728611
0.10876238966799402 0.14033769074923813
0.09548541153071301 0.13108336609046684
0.1324371394569533 0.17184367598258893
0.13257140276949578 0.16917819574747228
0.12098284650932749 0.16344144327733878
0.0865941245835948 0.11557721768416007
0.10961764256472674 0.1383723043788744
0.12120839416595422 0.1439742888018075
0.09302325788951812 0.11604363410687336
0.1588762964557151 0.20206995585975662
0.14067958084443694 0.17163813330324826
0.11916354647319574 0.15859392143560785
0.13779151580981538 0.16819694169129681
0.09623125777522541 0.128983459936733
0.10718959361732155 0.1422080193443454
0.13637875266433944 0.1710277449562493
0.1231725331992285 0.15469377945649845
0.10728598539758677 0.13457458478686038
0.09061307054890881 0.1170275661636571
0.1079406955071594 0.14078292640576467
0.1212320530504765 0.16460523592097812
0.09504042667041067 0.12601470132225598
0.1266955399206053 0.15870037762857503
0.10150893903304495 0.1330349953391588
0.1439202483562498 0.17355748418307823
0.1187115610139519 0.1472173866352317
0.10535836690348646 0.13338868197102582
0.10776915228334487 0.13697189959180076
0.12410331647487237 0.15388249400953777
0.1246017970775438 0.15346105719357445
0.09620257176931997 0.1254482396807872
0.08849986567207142 0.12336430764870461
0.10007661596129912 0.13705659069766998
0.09165342304844619 0.11698905068057226
0.0959354026007122 0.11799399473537196
0.10996648352538552 0.1405861883752015
0.11501898561687468 0.14385110687596434
0.09532504121369009 0.12518223079964474
0.13892926929076718 0.17853801485837914
0.12435564539506165 0.1641459978650195
0.12042587388382942 0.14334938198395192
0.10900234532731995 0.1324069102401074
0.11650414575560626 0.1436001140026617
0.128713790808715 0.1555475856186308
0.07835288022370558 0.10604802398980619
0.080298845744587 0.10613312612340203
0.10117442973356014 0.12838866301695515
0.10722852584350898 0.1423236773748634
0.12824229276233867 0.1541611809953515
0.14341461337434283 0.181703448102959
0.0967828443623527 0.12157049527547299
0.10862958197901881 0.13325767955510462
0.13881552078510817 0.1737592332097599
0.11041080037469529 0.14745384554413696
0.1059044400466934 0.13767339844355206
0.11867711886016102 0.14721571570961633
0.11049798381537193 0.13922937181413586
0.09922033009684557 0.1285996334380389
0.10845312474126495 0.13864467263644062
0.10643716547916279 0.14025598707440812
0.13575842114024866 0.15506235037341642
0.10133712224259947 0.13877022387073729
0.1026108511864527 0.1347935111096444
0.091700537413884 0.122029628667047
0.11420321181361187 0.1480193691761721
0.087014097014454 0.11857792984273989
0.12891153524909046 0.15581631289797523
0.09196719387464473 0.11949821548847188
0.08213542407320427 0.11173344601234679
0.11569688453832569 0.14709298118434816
0.15119859939732994 0.17767102084951195
0.12775420200732565 0.1620526775714639
0.09766561880441507 0.12198413412792698
0.11023707740058238 0.13589096589773447
0.0982414249555207 0.13282326779941836
0.11666585984804596 0.15036734015447972
0.11549815745255602 0.14130579547459574
0.1314153476558322 0.16257390460916457
0.10172192179533991 0.1326262878805017
0.11926178270670244 0.1522577418901798
0.09778640013388844 0.12316231151865573
0.12944679950344018 0.16499292979998625
0.12185117082275615 0.15016994394997096
0.11058403716676629 0.13504846179697522
0.13226211416596584 0.16233751426192283
0.12493814076710308 0.1549245264013678
0.14007547041477852 0.1737737750719609
0.11937441536335475 0.14947695231986122
0.10498102398233272 0.1327775915569944
0.11667319883727181 0.147433686246609
0.09125170095720092 0.12057692337138844
0.11645259252450371 0.14836895350439275
0.09212481090293918 0.12307455032236922
0.09135672950194182 0.11923004796348567
