0.28037928811569385 0.30711866965672957
0.27969127829041235 0.308447920428905
0.28067506580692725 0.30828774788090324
0.28789482396462107 0.3124230194075314
0.28560962919295807 0.30954947880860856
0.27519502271572416 0.2985632851353231
0.2819318643570092 0.3061971395125181
0.27751105911466284 0.29983239818025015
0.2849953856414509 0.31027860237402827
0.2957950011104998 0.31839018138188047
0.29395282414161905 0.32173219889424665
0.2789414353574192 0.30353061366229606
0.27966313792259273 0.302546159047763
0.2679374007700416 0.29378278208778585
0.2826795690399391 0.31042150305206595
0.27400611808559505 0.30090263174193577
0.2777078175784979 0.3008180407808268
0.2838521816734334 0.30724960701367626
0.28755674487708804 0.3091491879272206
0.28214256269913146 0.311972360137409
0.2701098361937817 0.2986270738820853
0.29070966815021426 0.31758942368081006
0.2972230225892719 0.3246026831245752
0.2750398353544613 0.3042632995882854
0.27309093872082724 0.30207242681623603
0.2758657168108812 0.30423747583030225
0.2754729683776416 0.3010882253658288
0.2845695392713649 0.31415482045301557
0.282342679631516 0.3083899494824095
0.2895473906640106 0.31528312868845465
0.2855627100482091 0.3063129941721261
0.2840753645585414 0.30589797288863774
0.2760527529632877 0.3006392953587068
0.28527210079017945 0.30614080806565525
0.2758428882363765 0.29692487938402173
0.27588802506941956 0.3047431019629035
0.28746171934887726 0.3142441385568353
0.2799303235775819 0.3050813710651385
0.28084814260016927 0.3065542301042992
0.2898783314099 0.31379102926583674
0.2815860704341614 0.30511131507423545
0.2757029447949311 0.3051523028964148
0.2883333227110935 0.31353474661921543
0.28797786999273733 0.3152839933337814
0.284500273612142 0.30992507888916676
0.2890563200985073 0.31422550882827277
0.2719388429355173 0.2964610869391638
0.2856370058609631 0.31325534085138057
0.2875225425862743 0.30804840768559627
0.2782206476089469 0.30056828440885813
0.2847574282507228 0.304926676566318
0.284617875449871 0.30787396233007247
0.2671941972949748 0.29304563235942155
0.29526448343072725 0.3246603133047503
0.27497543488559134 0.30211428401949175
0.28345034447911355 0.30711381976266344
0.28298099413410827 0.3113727766435641
0.2902638682883064 0.3129699765926304
0.28087287384735304 0.3026239519673128
0.28190739633658135 0.3028044627794509
0.2842083047459584 0.3130281316407119
0.2832917895106118 0.3117739256729627
0.28758041045721483 0.31021985854457756
0.2719402328948012 0.2984923040081182
0.2868532993696236 0.3056651185757857
0.2859110998542818 0.314183083803488
0.27948279685903255 0.30553952274812474
0.2736116353128762 0.3010364102531602
0.2903390549014215 0.3154811835600781
0.29112279033784605 0.3178731345535837
0.29066570740434433 0.31453784422326114
0.2735209958965781 0.29618522690316085
0.2828803451728515 0.308965737757421
0.2734799854936796 0.29974292650787393
0.28271907568816984 0.3064623497913436
0.25814932279360986 0.2860883327213481
0.26777938935531315 0.29149081851198727
0.2825797979016991 0.31409087990216034
0.2946107325530961 0.3227974120482883
0.2766823026515122 0.30373290584468243
0.2867318401161617 0.3101084398729974
0.29769593911567516 0.3212947822926113
0.2758958786331143 0.2983055919991705
0.2769114973346374 0.30335936236347716
0.27850741616612706 0.3028090625115923
0.2780596199936524 0.3040200573042677
0.2795001892527576 0.308613717292562
0.2766290985128584 0.3032188727335798
0.28001677000697855 0.29978729756251904
0.28364219741372654 0.309471176661806
0.2947755316082714 0.3237784985145598
0.28360300510039166 0.31337729506265916
0.28032923099964724 0.30959286219778864
0.2789775070553537 0.30500228123094936
0.2884452091948578 0.314857711720241
0.2761782868750666 0.3005991631041053
0.27941582989394265 0.3043114217691782
0.28223394510110944 0.3038779937292385
0.28722508648178374 0.3113621416538495
0.2865673173913167 0.3124754342039752
0.27518813960966904 0.30173239470591023
0.2858343857920725 0.307732388319158
0.29664929843805476 0.3253033735946909
0.2619978244301773 0.28782613041408067
0.2821533086684024 0.31530925333980914
0.282492942484258 0.30997876709551325
0.28591681828110344 0.3043501925863025
0.2925559831172634 0.31469240930100395
0.2726582473243493 0.29567543051221157
0.2744449289014735 0.2971681948241201
0.2849756283570616 0.3080986671691275
0.2875181414293221 0.3126409902947008
0.28122582424647835 0.30432237055919176
0.28969741678192745 0.31722488043404945
0.2839835768846955 0.3056041812600034
0.2748490074888437 0.30031278654908367
0.2827585839679416 0.3063492085347252
0.2833566575561193 0.30817728332654015
0.2799995314341062 0.3008239445446587
0.28311803068361285 0.30736657636826864
0.2860320563679792 0.3124390856099394
0.2838020039806802 0.3047701204383991
0.28318976128363266 0.30853135134679205
0.28391944573971983 0.30722762563237277
0.27615548979550714 0.2943964894132559
0.2910133338615747 0.3155617380537246
0.2914727161721963 0.31365031225653345
0.28071001550665237 0.30306608019363807
0.295432230995574 0.32003822087391687
0.2867728022196479 0.31250161232773316
0.2861891216040016 0.3151442032796593
0.2769355604867424 0.3033697715117637
0.2823870216873342 0.3025266126946826
0.2751232921029416 0.2998339021277044
0.28903146389806056 0.3130292002052535
0.2848465196952928 0.3130527074127557
0.29280521444455676 0.3162170463045278
0.27657449148695756 0.29521538273978726
0.2888206821932931 0.31389270504940375
0.2796637247580995 0.3050348588668463
0.27098092101512117 0.2959753336145096
0.27810696532665774 0.3033261890681068
0.28156992776653345 0.30580618285316147
0.28631485316826516 0.3095975613664135
0.27690545247715775 0.3054022341351899
0.2795861818919253 0.3046538973209289
0.2932431528917445 0.31422453612817436
0.28147064432888974 0.3083910831088793
0.2880385997593219 0.3130159376274638
0.280050421100366 0.3105298933364147
0.2732189775565907 0.2933371765997027
0.2837729015282862 0.3140214860387222
0.2735177326282919 0.2973849720613243
0.2785223924008104 0.30647465657150247
0.2777154758260795 0.3051472417308819
0.28942454033849735 0.31443938113953307
0.2869913450749459 0.3105875336765623
0.2886717854310067 0.30889073972959175
0.2784822792403415 0.3023495254212868
0.29082473921205326 0.312399091276
0.2840289373533179 0.31253394458526046
0.277443058001369 0.2991377865504715
0.2874213013920046 0.3118710697460254
0.2812479210610245 0.3058094463832812
0.2836763684685058 0.3056564696018172
0.288190588781058 0.3140441939176735
0.28708583140314925 0.31369067501932535
0.2703681187251425 0.29534573203036707
0.2736586352733853 0.3001835466362435
0.29527451475730343 0.31381396197851297
0.27599574563856394 0.3015197797227326
0.28798279627894413 0.31322257825969013
0.28736799321827344 0.30897415354332025
0.2782486703602843 0.3027570140172621
0.27887350269175387 0.3066284507687648
0.2922571269045239 0.3184886292195534
0.2786945782059729 0.30485688717053866
0.2906805734749289 0.31674516056832464
0.27374401433431433 0.2957106903925946
0.2786341846336246 0.3050086379681862
0.283391854653029 0.30810587795584776
0.2851933916642799 0.31055320010869153
0.285182539208487 0.304870799603993
0.2794906595076886 0.29660961082447657
0.2762270845625558 0.30345255671669796
0.27712832402717963 0.30456827215995946
0.2869201289690354 0.3077793371398063
0.2954254051983814 0.3224004522998751
0.2737221779613192 0.29843449804634326
0.2756156269193423 0.29823057913762974
0.2784013041258806 0.3046356877158734
0.2687814821360208 0.29260515356652445
0.27084303188404135 0.2944345592280917
0.2758679509522527 0.30432825016576304
0.27318383636237525 0.29743040814863775
0.2919844260380494 0.31730463289990923
0.2757387663848132 0.30441596520457065
0.2860755314038409 0.3091115096255158
0.2821449534949884 0.3082820600988168
0.2743688763767139 0.2990800453293814
0.2872814840538808 0.31167929936557953
0.27498788205849745 0.2990031432847579
0.2720895812345138 0.29537174463699434
0.2830730488227046 0.30586022396413864
0.27750851237024843 0.298787128683417
0.281764274111894 0.3115416197675735
0.28476190796990253 0.3111170791173619
0.2855544524379844 0.3114742006277276
0.2788485370320111 0.3045930391732868
0.2877120004771537 0.30890656031436803
0.2832974432277568 0.3076501408253723
0.2782848275903121 0.3009788534769459
0.2950396952288235 0.32209819541228835
0.29443434604555674 0.314584876099902
0.2732453159406141 0.29994172727252694
0.2725446068896261 0.29935972557433504
0.29410495318011143 0.31987057200532665
0.2858547798122997 0.3121150926327321
0.2864008132889195 0.31017626793685127
0.28224152317400786 0.3060213787788155
0.2820917259188709 0.30638120039039274
0.29242109396041516 0.31632722801954904
0.2862618772360008 0.309057744500301
0.28374009937937766 0.30769411647826006
0.27482707201211587 0.30164209375445167
0.2845714496595216 0.31000597173525407
0.29406536418891116 0.32171685243388626
0.2815450154010175 0.30660989069468814
0.2835730725768013 0.30683062691355567
0.286624264407315 0.310826614582984
0.2812531016784048 0.3062274800317457
0.2777654963804437 0.30516579781337483
0.2748163523893809 0.3025777113327917
0.26959329873714954 0.2965517079517466
0.285505129235439 0.308321857893423
0.28434879401099267 0.30762767417685144
0.2805492388124018 0.30341077166277947
0.28464212993059557 0.31157557581723494
0.2668622164693529 0.29324241258827616
0.2912064080645203 0.3150189308922632
0.28087707713326676 0.3120724210602949
0.2884196149940221 0.31048385211359797
0.28006385723822624 0.30466875196665283
0.28436278029341633 0.30941513020003664
0.2770645018859594 0.3016703584912099
0.2838185596700622 0.30629207485562504
0.2852967659962912 0.31097147319581164
0.2795083384259529 0.30554836719929995
0.27745111811850864 0.3017540472668674
0.283611374925847 0.30722946215461444
0.3017530676024824 0.3202820701612383
0.2742160311175885 0.3029641336552667
0.28806081648668186 0.31113045763881664
0.28392799187448103 0.3093452954003859
0.28961974762647497 0.31425285178671214
0.2878311634764956 0.31480314372681123
0.2815464512599882 0.30690912807601173
0.2844158242902198 0.30722077680642484
0.28504831147805737 0.3157527786098943
0.2798629728255047 0.3033041721682582
0.2794899865848073 0.30237230603270526
0.27420672131198615 0.2941754630855652
0.2821224845759163 0.3071124972843556
0.28572264481517107 0.3119150396955029
0.28015449179415164 0.3042164086659532
0.27493466851554754 0.3001069947361123
0.2834293090584977 0.3055270104455991
0.28658521686641664 0.31402166053019864
0.2797011335040482 0.30431800762963274
0.28181878528662074 0.3029153154251145
0.2933306994861026 0.31745138836654097
0.28197873686591013 0.30198093949438365
0.27331368186647625 0.2957307711656947
0.27484376183288695 0.29433160131981556
0.284771186731759 0.3088467341275131
0.2761416664583775 0.2969491206961007
0.29504711390443666 0.32044791355050145
0.28292768836841237 0.3106833213276693
0.27760496572383075 0.30554840357678975
0.27864557438887655 0.3033236841888173
0.280307872000666 0.307082390169428
0.27321771162440944 0.3019691462810403
0.2810793910098831 0.3127225402622846
0.2737372825369253 0.3026510537406374
0.2834136505529052 0.3086714435853233
0.27501580317682184 0.30112201688544205
0.291070906024605 0.3165971492866145
0.28404136708887195 0.3102532194350158
0.2793284186148514 0.30453916689036936
0.2873982258001139 0.3119580452453418
0.27655115162058547 0.30307786727576524
0.2811608545063065 0.30733112776242605
0.2668864845695746 0.29152278815151156
0.2822867005998281 0.30609745391991905
0.27908447127122193 0.30444195585330364
0.27842138257975096 0.303404996734865
0.2748581409623475 0.298436546251602
0.28549368292106037 0.30869063689995413
0.2765728748259262 0.3011388692279203
0.2805364149514447 0.31061389214725177
0.27320563411211446 0.2966227098344698
0.27850111909701347 0.3049933819644318
0.29135133744889574 0.3173681569868899
0.29505681026722225 0.31645607215417026
0.28076758245702516 0.3070394695477156
0.274490352679847 0.3055390131008266
0.27263146953149503 0.29911960183182273
0.27582685742769925 0.299229836101762
0.2885243639509552 0.31188421730044597
0.26800748917482486 0.2913996752659168
0.285942938635575 0.3107067174020893
0.28051661695221125 0.3058413600922918
0.27492803168901064 0.3060340044019951
0.276307356311078 0.3010116673939502
0.27330795196945695 0.2967485662174242
0.27555396221447487 0.3018298248498682
0.289387450318509 0.3202854451729028
0.27799584776455694 0.30174003367882424
0.2795166961710238 0.30262055361026396
0.28341020109187276 0.31388355037619037
0.28084911985022065 0.3071926191999558
0.28672219485432504 0.3113818629804661
0.28519630745160024 0.31031573182242045
0.2832872035209354 0.30681302691155654
0.2753203480386147 0.30262999648303907
0.27619358153786067 0.3026151880638731
0.2810561867710609 0.3008745898076942
0.2887416749025166 0.31495395024242967
0.2815029603240751 0.30457368962170234
0.2636316715488594 0.2926402416551194
0.2800007446272785 0.30455810963153573
0.2719751907296419 0.2990670853302589
0.280483137524807 0.3034440665678431
0.26942647901661454 0.2943596896879662
0.2889336837666328 0.3154074774493076
0.2866310320181191 0.30978635647272335
0.2852784648792533 0.3097869335778512
0.27520135586184086 0.30227846370016354
0.2872550486543302 0.3101134121962951
0.2774301863539429 0.300719558185378
0.28068757537493233 0.30577573294303706
0.3018598301149453 0.3305345105918078
0.2784417977280238 0.3018473460516698
0.2765276230573283 0.3022268370808874
0.28096201537419324 0.30845324940817953
0.2781179689103264 0.3019059626601405
0.27575750341143296 0.3005749048365924
0.2815830453049875 0.31072878141650717
0.27638460331504366 0.30130106745242197
0.27564390759134483 0.2983617141224932
0.2768914286913499 0.30380493692112087
0.27651447286258324 0.303952338114507
0.27568864700194 0.30246681571256434
0.2756618301993987 0.29882053271134623
0.2720719508392156 0.2949137184091155
0.2799278223263081 0.3057933202437414
0.2888413154177022 0.31516513463863244
0.29049133654342946 0.318269264869375
0.2900496343355671 0.31156691608519843
0.26949924829822586 0.2956177445573342
0.29366606292626896 0.3182518350337989
0.28803209700327315 0.3086375089975104
0.2779759750164428 0.3021112054873887
0.27794828278265815 0.3006543911041525
0.2803698840270057 0.30887601311678153
0.27751154627769853 0.30102500208620697
0.2803229332987897 0.30651807349569765
0.27936793736737087 0.3058955655728133
0.2843247415264626 0.30707696277766944
0.2785248277288344 0.30543179992954633
0.2793427702749094 0.3077002393182022
0.27386943558885823 0.30032086886987863
0.2741711764842751 0.2971690340563413
0.27792953268713005 0.3073194577047058
0.28585995622936144 0.3104398423380983
0.28821165135119625 0.31488422603493127
0.28817753893539627 0.31385901871370914
0.2868889210912703 0.3149080519435475
0.28809251976782985 0.31343676166372947
0.2801447580365054 0.30505417524232736
0.274265575826875 0.3016712265976487
0.2876369397245065 0.31513645378837435
0.2830458542238335 0.3063176868029018
0.28001698716377355 0.3111099617648428
0.278489343967055 0.3077848871465444
0.28519398402954405 0.30684495144055485
0.28144049928699016 0.3056510590668339
0.2721217635148746 0.29751975880765563
0.2854604542037893 0.3082376495294564
0.28517229588302695 0.30650966044498223
0.29812942211416366 0.31796098561013775
0.2737119483488461 0.293884115921828
0.2826759523859115 0.3050977514105676
0.2820888088050634 0.30416181301017003
0.2912877817508513 0.3159224715045717
0.2836103720921387 0.3124686415312624
0.2789125028202348 0.3011430283631238
0.28628662486560735 0.3122318863758293
0.2954904791280507 0.32634476398915757
0.2804956276606965 0.3050540231578202
