0.15868761161839418 0.17697611274292885
0.16559938818001102 0.18847308884404834
0.167582365926403 0.18759307219216598
0.17092899065163214 0.19039793646324796
0.17552934871458012 0.19254625076923992
0.15296288428025367 0.17138650344917147
0.16297362232834736 0.1801300518298304
0.1536764530134879 0.1719406488245493
0.18654921047696876 0.20312155084736777
0.17426281156875933 0.19021572388315408
0.19105337973797623 0.20932960290268482
0.15953351484179817 0.1770027891261665
0.16982959151459173 0.18706011097553915
0.1475650394221863 0.16861978917162657
0.16344548232426123 0.18225746103952267
0.15251157793454784 0.17307860039944406
0.15356308236564642 0.1721761417358871
0.17361842033904343 0.18934209023717166
0.16179959460902546 0.17996251087273976
0.17153810942512404 0.19326921420046703
0.14141465597641484 0.16324999286932945
0.1785202086638605 0.19909897521996317
0.19238909370523624 0.2130859966675454
0.1509576888319159 0.17571035029962986
0.1486626375460124 0.17292101409921104
0.15982886791408557 0.18134709159788506
0.1685529575269905 0.18665302750791815
0.16973417664026913 0.19319578971906787
0.16810690798893882 0.18636689328122705
0.18335799267338582 0.2048602257891816
0.16800928543546514 0.18465749552484587
0.15511986817037798 0.174738301178157
0.14884968484999989 0.17119863518722742
0.1638807147316668 0.1810037394092889
0.15814839449019186 0.17560808534777306
0.15362909397202276 0.17387175129802215
0.16439097529982666 0.18808985000729933
0.1662133797863159 0.18555341501499747
0.1717436488627458 0.1898348541419784
0.17903970491383459 0.19628532316841216
0.16094157872307543 0.1780514797627143
0.15549686103299745 0.17663948674074673
0.15939250249203607 0.18078630525474432
0.18572406849768694 0.20694911263306195
0.1707486777133829 0.1895206726513413
0.1777858108410246 0.19482213293117467
0.14681106989899642 0.16741130971403276
0.1795696017761312 0.20191855424219948
0.16475969436392335 0.18120381556975168
0.15529513834792827 0.17166976608118936
0.15840973003940495 0.177050060479862
0.1643863383674039 0.18121732694492043
0.13893779341071788 0.15846261750936677
0.18241378278723624 0.2033447773755238
0.15403923569722028 0.1760626488394881
0.16000635399314708 0.1809282866484513
0.16526248309270253 0.18536542419229016
0.17016929644373938 0.18892408293088828
0.1547718024728263 0.1719109745568205
0.14962421556759 0.16696707444944808
0.17891572093858615 0.19766394425127212
0.16210729455352935 0.18502879660418803
0.17557899252220874 0.19263218263118123
0.1448939871223595 0.1638634898259934
0.17853044215464 0.1952713739570377
0.1695642186065668 0.19241921455604125
0.15948937035982966 0.18017824157037116
0.15226722269892692 0.17232909217916936
0.1772406842289167 0.19704576641137803
0.1909513753860092 0.2091782258547707
0.1804900213902253 0.2013135904748665
0.14768023192902924 0.1677776193113895
0.1766514247599618 0.19597927190887265
0.14466563295374837 0.16420713837815373
0.16241059706084057 0.17991753897749618
0.13052825138806182 0.15313308052861677
0.14476416128356193 0.16333799387697315
0.17567492387200084 0.1988371261066902
0.19505058083793123 0.2155749613226523
0.16377207867369928 0.18566031180161374
0.17940248604026157 0.19749725575329252
0.1882803644541005 0.2090097418152875
0.14664127825175846 0.16519373729287137
0.16046976814934902 0.1792524632339905
0.16218904510800838 0.1799696722664314
0.14919489907769654 0.16919767440126546
0.1652612739340527 0.18646978029564903
0.16490170495864825 0.18157635675363076
0.16453140565406346 0.17749792534984898
0.17678995951072185 0.19507133371021143
0.19539616948835228 0.21494387075368615
0.16422665401840741 0.18628644799966923
0.18124871363679482 0.20019396350274657
0.15505471586585842 0.1743917376656019
0.17286086537105524 0.19127032254309062
0.15325774243746879 0.17305101107810122
0.169274325767939 0.19004013477474418
0.16091022631102297 0.17861798845146862
0.16420072468741387 0.18503384143073742
0.17564041194521732 0.1965861943262214
0.15256404410944413 0.17301678398632556
0.15560583036955303 0.1745121284931445
0.18445127160621516 0.20676112777503217
0.13689178047794906 0.15720163295389683
0.17132815009874 0.19642653942474728
0.15502875791785262 0.17697437099816274
0.17088049322315135 0.1834603145393422
0.17508550570578787 0.1935841809344008
0.14443430750349415 0.16501703856645397
0.14923645094299626 0.16531265726973976
0.16312818424894 0.18100097731989792
0.16521403413210847 0.18347677987305896
0.16641887433870442 0.18406764373479098
0.16972172844465155 0.19168860659221076
0.1608738384496932 0.17677477450354567
0.1445674735078834 0.16409114359435054
0.15953492427883284 0.17607624373789277
0.16571555541142274 0.1818478435767402
0.15940135873311911 0.17373889520311325
0.1726044294603694 0.1892512631289623
0.16774291272851896 0.1852839313227721
0.15905514550973723 0.17549829280840126
0.15978723296667383 0.17976442601900544
0.15481225722008135 0.17530357460171564
0.15936303573617766 0.17142832198548277
0.19591293672158924 0.21362018226175264
0.18560026929674855 0.19783393656352424
0.157824821859463 0.17375551426253066
0.195005410307354 0.2109252276345551
0.1711835731895821 0.19228894837187202
0.1707857552163458 0.19318831145315096
0.14930386219357086 0.17203280779405883
0.1604484221073302 0.17705780923207756
0.1591392086686208 0.1776788928486421
0.1639323003161806 0.1802090292385233
0.18367278613699578 0.20304387271051672
0.19252958696262848 0.20795831065126355
0.15141034507117868 0.1680365667866396
0.1622730279076062 0.18222614083913843
0.155924488607007 0.17558855365261675
0.14547770508063793 0.16341070252706347
0.15711313495970727 0.17797902938786125
0.163924174645399 0.1799481507059995
0.17180162746520114 0.18865599557925797
0.16895041706719982 0.187295738635046
0.16573063616549993 0.18178988127135934
0.17352980532269704 0.18979411192720544
0.15751057213432726 0.17626265372473196
0.168657804911202 0.18825757595572332
0.17336333396966155 0.19564031705637916
0.14958214902132916 0.16863066770293414
0.17852604029689734 0.20020544059279677
0.15243026899979328 0.1726452518958782
0.16333015499245343 0.18196173462166024
0.17983678892518984 0.19740456028716524
0.1828808247572533 0.20072757806979635
0.17333956878078227 0.19016211517142909
0.18159705066249388 0.19532417435208216
0.17656544700063131 0.19289439872829517
0.18018495954777555 0.19585298437373078
0.163596296348435 0.18599446980076595
0.1563695341249941 0.1724543711469541
0.16783009681173341 0.18709584279068087
0.1557313270254649 0.17677114281043546
0.16350746749459674 0.182544001281846
0.1883954407222162 0.20598855115409523
0.18754592461656241 0.2056159398745356
0.13960001015342027 0.1595580352358725
0.15698090647979854 0.1775172911824076
0.18027555685630595 0.19252754580071108
0.1630123206833314 0.18395547809637486
0.1620296616882481 0.18176140009943195
0.19727871487884385 0.21276236287561212
0.16118181357377628 0.1789633357624799
0.15436968166370035 0.17409311119157417
0.18341090195883247 0.20285723004541076
0.15611226995730637 0.17693042029050499
0.17160868321848438 0.19116307268587676
0.1544387804933674 0.16983793245059903
0.15872071207312657 0.17870404185888283
0.158349279223829 0.17868997979911244
0.1694826727748538 0.1895204610139247
0.18148001761095986 0.19477307663429
0.16083069490120533 0.17500715442418668
0.16494902434436512 0.18342642511600826
0.15251924372259712 0.1714223228630674
0.18183612194189186 0.19420527600433687
0.18727398871279985 0.203903979766491
0.14540514929084183 0.1641548725537238
0.15634857635414864 0.1740003782758301
0.16031803748667037 0.18131168331048572
0.15198340438655988 0.16888133540248682
0.14730134135607406 0.16485451410362967
0.1604021323049206 0.1802848334688009
0.1585109854670653 0.17601611849890494
0.1773018827581265 0.19565233226091805
0.15821592909636137 0.18030032641776828
0.17710767797219235 0.1942248696397896
0.1635524432900797 0.1820546423748593
0.1484083712509504 0.1665997602356156
0.17842391496583088 0.19943645348704303
0.1510813847542824 0.16928699240924164
0.14238833912188503 0.159646078022759
0.17128771736277695 0.1853711044789582
0.1608036037314009 0.1736120978884933
0.1657219671214728 0.18612970262857684
0.166187710894947 0.18628161220862482
0.17628845237576876 0.19861410565644982
0.16493565784921785 0.18470055142939723
0.18286524158477943 0.19956397746467855
0.1744396620608394 0.19293620082187177
0.1677173830305062 0.18439630852129787
0.1928299844461517 0.2141973118403927
0.19131358930250933 0.20777311235471724
0.14469402878006707 0.16621264424265753
0.1590399378874343 0.17866486999724807
0.19905167878702346 0.21732683954638388
0.1692724924353534 0.19034537727000453
0.16673699153727636 0.18692743045754043
0.1708148179990663 0.18694699596647024
0.15552148631152415 0.1741725651529823
0.20591374891693626 0.22158647980873503
0.16190944599951534 0.18109279650998616
0.18623729433931513 0.2017208256125545
0.14025580771059779 0.16166630620896186
0.17658301320434816 0.19630716018286956
0.19802863276753413 0.21745150593288648
0.15514827643870582 0.17459798266033513
0.1639369645675235 0.18030480231161017
0.1738739926731851 0.19418713039906926
0.15760591928985354 0.17543938257209446
0.15737277794914512 0.1783248446282455
0.15138784470138766 0.17119794967031307
0.15479411989769148 0.1749046661677826
0.1649852601722125 0.18377689477733178
0.17780842767532526 0.1964214358570114
0.1535422962355374 0.17137358446813977
0.1705698556354237 0.19104144009744004
0.1429558481961161 0.16320093081571652
0.16837627929460214 0.1881504034713629
0.17576666240670957 0.19833543515791446
0.1681467526675174 0.18119946411775045
0.1539547929096555 0.17579306136541772
0.163019295130553 0.18345402830860802
0.14727580320726585 0.16567777380742627
0.16294794995358924 0.17976947476344682
0.16196383910850604 0.18143330066649488
0.15928973631435162 0.18034242470870485
0.15095404098325632 0.17127418161168761
0.17002687521366056 0.18617505428567338
0.19434365102697468 0.20771575069733678
0.14627578938475355 0.16740897584953643
0.1820012893318154 0.1997180378909094
0.171765894250466 0.19192839435218537
0.1733149434450721 0.19535606418561816
0.1703794831663707 0.1894541903592196
0.16324865254346752 0.18143402753767965
0.1613153377192247 0.1785846585501091
0.16588934321172755 0.1879258349173737
0.14954212949599466 0.16989397359912764
0.15505901662081942 0.17229610984173976
0.15807910904819308 0.17143434445233927
0.16185962648253488 0.1780192083123822
0.1893601599517008 0.20563470596073805
0.16398529930488923 0.18188252728098472
0.1414947364580032 0.16197105500901549
0.15943207005154447 0.1782835234206226
0.16792783318768334 0.18959885389828313
0.1589025270989978 0.17672967984079296
0.16017165980871464 0.17481982070160754
0.18188195565412407 0.20139456979994075
0.16310158923376383 0.17601632010668147
0.14446723582625667 0.1629895382619242
0.15241797245297262 0.1706802335788441
0.16270966294862121 0.18275449685314304
0.15978679589387376 0.1725730513044814
0.19280649060804175 0.2096013468525739
0.16560282876660273 0.18797100435729416
0.15977944005546058 0.18170830478992195
0.15313299767912794 0.17121911658477393
0.1556561354833138 0.1769394566106749
0.15588908109337157 0.17563617394939748
0.17571627344968094 0.197525289969771
0.15199355083198215 0.1744511551250683
0.16984910211127924 0.18893531327089802
0.162374283311407 0.1799930533013663
0.18244602024306594 0.2023588885674805
0.17650573118222126 0.19437223560489925
0.17262221631204874 0.19079360671775283
0.1657732311760037 0.18427857402041098
0.15670688215684053 0.17565130943308224
0.16465289895989502 0.18237496013384014
0.1371776235208201 0.15774092989652572
0.16664682602848854 0.18816560296113502
0.1621160239941133 0.18157880099910365
0.15518317796747932 0.17453471269921017
0.16417641460153087 0.1801406793969608
0.172478203859066 0.18830114747878277
0.15910625564835762 0.17685751215979761
0.15945407932762823 0.1814386504499339
0.1413507372226096 0.1597911987816562
0.15837050657921936 0.1780222346858731
0.18653000912577372 0.2096254008414216
0.17881703184768785 0.1954236416299517
0.1601709435649789 0.17725560133639418
0.1511435493262257 0.17325133869604006
0.15585517404119084 0.17482058390508437
0.15698501550223307 0.17474621199701468
0.1763946769098939 0.19300536834211912
0.14751743026409797 0.16358691768735012
0.17687076284618278 0.19521099226117192
0.16420724988474522 0.18060517412689403
0.14039856912695792 0.16506867823075816
0.1583936765371845 0.17541183884380826
0.1509770399230983 0.1687804639278592
0.15420588230684226 0.1735992794620173
0.17124115383132155 0.1928493166636464
0.1462717686204039 0.16594174005053286
0.16257937326897143 0.17844825495746242
0.16075261082688788 0.18177453560577797
0.16836195740260715 0.18472315462994476
0.18120921349666616 0.19732116806722316
0.1768540520144043 0.19593987088028988
0.15942568306562094 0.1783426049977897
0.156930513025384 0.17608295803323232
0.1479971350638203 0.16533117293380206
0.1728209294441978 0.1853584216959626
0.16524503686626643 0.18458858767518607
0.1612311564035719 0.17666964809308283
0.14258368479695757 0.16149919120623382
0.1673842882545227 0.18436139396325948
0.15192369876466855 0.16988215712778307
0.15816866971836516 0.1737128787773833
0.15193600691771636 0.17020270376611296
0.1753536487702108 0.19544142794509878
0.17445339998025364 0.1884291574932876
0.15934982298747546 0.17858289745870093
0.1552489998227996 0.1752141056633653
0.17268226816314486 0.18868031479046404
0.15179574044845395 0.1693967485710728
0.16535875811180478 0.18375923179841397
0.20499497405232645 0.22369215081955574
0.1510697450431982 0.16890214283642924
0.15860843251249593 0.17882510376879465
0.16063605753872628 0.17977452834547328
0.15778353331909067 0.17753735012620805
0.15777170139152624 0.17339853590400556
0.15863059816437491 0.179243732006938
0.15348352853306513 0.17377551767732274
0.15956060155212812 0.174306318964857
0.15609607517532276 0.1726329375590962
0.15025260192441908 0.17120856427575215
0.16271188747699472 0.18215795671960688
0.15294116479132078 0.1729079480147277
0.13961835443265008 0.15901165529162017
0.16468675494055923 0.18016470363350254
0.16148632394368836 0.1800819997366748
0.18909324000065686 0.20763317939736026
0.17109578742357817 0.183115878825168
0.14123490934920452 0.1591563259246594
0.181072429695486 0.1958678602008862
0.17839888072693905 0.1920497664858551
0.17157026403036885 0.18863356232514125
0.15535685352542147 0.1719922937309291
0.15876243974294013 0.1818563567809356
0.15808924712794975 0.17488282516962078
0.1558976563965544 0.17829975984770705
0.14942463269227527 0.17071732128263462
0.1752778987730182 0.19161044258090426
0.15782642211993367 0.1781385852148742
0.1615504691193335 0.1810273591193048
0.1459534010790969 0.16630815466206772
0.1493426736023181 0.16779004235642586
0.1530466704003745 0.17592896136030037
0.18994870277696607 0.20513604131737392
0.16529779211927706 0.1892217151025954
0.16764981875358745 0.18839220380440463
0.17356707533689372 0.19310092715026678
0.17215838418622517 0.19043998792782396
0.1580274653118227 0.17605855547473573
0.1408727326282078 0.16367505846751085
0.1712486560142643 0.19242461388562357
0.17211953225799617 0.1883629970955855
0.15301821181026407 0.1741579219662565
0.16933374136009102 0.19136138591230598
0.1678424548216483 0.18492019318835745
0.17378276017350253 0.19288381248646555
0.14516064306467044 0.1645187122005854
0.1606026181534398 0.17945114312304106
0.16277628865906957 0.1784230373303662
0.20567493414699603 0.21817253569324027
0.15246594978215172 0.16994681183799729
0.17407060595839277 0.1896753281564852
0.17045752422950622 0.18805818954820727
0.18877815512134222 0.20517143861730888
0.16033177875425245 0.18474108509633466
0.15926562823537938 0.17576301841570457
0.16330593299078497 0.18477163613258898
0.17541502970111023 0.19853621881541142
0.15925380396693548 0.1757542652271149
