0.24767121044663923 0.335649631018734
0.24495630222265427 0.32457493293661144
0.2446006367044527 0.3316781999658827
0.24806092595534887 0.32473231617388026
0.2369913008110346 0.3280252071179069
0.23225079115665262 0.31256491539815845
0.24313259872404602 0.34168381417839944
0.24888076120882055 0.3342045439951675
0.23622130195831428 0.3267310870434239
0.23256899993007102 0.3258327826994176
0.26149191328566906 0.3426522112578758
0.23644281292159894 0.33000427487877443
0.24163605842065528 0.3312609499301951
0.2399203644136844 0.32443265685854183
0.2536722275239112 0.3371847506303861
0.24430373706974928 0.3314864743166827
0.24497715134693268 0.33692772391912174
0.24939168766620143 0.34177267901586716
0.2527223978093432 0.34091133592871203
0.24388948005802857 0.3330840797945398
0.2440822290367227 0.335865405525435
0.24848308754163756 0.32388575617118587
0.250287384552056 0.32535626350464636
0.242259586814735 0.31923412142809665
0.24483839755451955 0.33173879130027917
0.24716494440174502 0.32560516845972676
0.24009424019766584 0.3113392374860623
0.24290867842569233 0.3238925389824547
0.24841507792452036 0.3306004979379131
0.23751549069730993 0.3261455493173108
0.24813163455507034 0.33126075873663524
0.23871853176064958 0.31780796444221254
0.2495326788904912 0.33340874440579626
0.2373186752554646 0.32603103915095266
0.2631181860571435 0.35396630729346057
0.23854953441990603 0.32027607741366043
0.24791694594048347 0.33001904639499574
0.24686007320190395 0.3305579464849651
0.2626401898651678 0.3405235196351541
0.24324219690794147 0.3452890234410853
0.23655254985004162 0.3340709358587522
0.2487933979869361 0.32066607434535865
0.24707604429730265 0.33137780977797643
0.24481876242195977 0.3308582134844546
0.258446766846428 0.3406879848056422
0.254629677610196 0.3343459020717661
0.2447708858999227 0.34151594984681055
0.24915483088878387 0.33509593336197385
0.25256721726020903 0.3443850026332539
0.2294146272835667 0.30758199891201093
0.24752526035864097 0.3352601109288858
0.24396263953895508 0.3201281295856258
0.2469023091248336 0.33147452073621314
0.24360036597478169 0.33278818768178414
0.24970642692957362 0.335395049786613
0.2406140497016954 0.3301098093574981
0.24435834202291307 0.3357826060511538
0.23960489033415613 0.3295274759040749
0.24382412484956123 0.3295530192480728
0.24780126173754793 0.33439642336611075
0.23537536469941905 0.31386727873899567
0.2505425953650511 0.33451836875773594
0.25424359792346896 0.3352196211621854
0.2415093731007128 0.3404306312317331
0.2372758658302827 0.31896508870603196
0.24814175379125972 0.3218757611646631
0.2551026771235756 0.3331423423344583
0.24985808316068842 0.3255378408377588
0.2593059233666409 0.3305384700063258
0.24712388449434688 0.3229611447694252
0.22862334443439497 0.30774074568816157
0.24675486404734753 0.326999421099949
0.25039487673427624 0.3206358740010069
0.24889236933301714 0.3311577614720263
0.2519082139426193 0.3422885221454057
0.24576066088481816 0.3245769356308633
0.24835005460063378 0.3342702409669266
0.23549698745833644 0.3205929776030303
0.24099570179577 0.3261137617457121
0.25463065470361507 0.3370577419299926
0.25044693387927136 0.33800313557245726
0.2281004187366305 0.32002819456540127
0.24019900449950404 0.33561385637005264
0.2335052627267197 0.322072287820454
0.2373886654691524 0.32761604406463096
0.2460271857172493 0.329315915246139
0.25428233091241853 0.34101319572396194
0.2561928495348177 0.3432276181470143
0.2433738664947661 0.32149620431932197
0.23874925256411317 0.33068947551204053
0.23541233167816716 0.3275540836271851
0.2282390351857289 0.3172267199345632
0.24412906779784832 0.3286584438381326
0.2508719549926466 0.3266672403462524
0.24552732840483274 0.3234550307245502
0.2516403156634758 0.32320942296771865
0.24118832405316243 0.32361593361970187
0.24979880326397735 0.32435357470632953
0.24949201021297235 0.3316682553368526
0.24002759966302503 0.32779259991698223
0.25875280423180047 0.33561607351695444
0.23925631596984087 0.3283862413606663
0.2458098704889593 0.3460538736009877
0.2557181718084352 0.3344880783306547
0.2540673917772818 0.33553420195622125
0.2429578468132278 0.32350508637669373
0.2472930448392237 0.33643612788057176
0.24297666484944386 0.32077163335755626
0.25766088762653355 0.34488529761562015
0.24461859948938522 0.32768198435990936
0.24209849851039147 0.3221323158520519
0.25615265196707815 0.34621076242462934
0.23755980846551952 0.31794654203280576
0.23493703859520065 0.3303979133249265
0.2336710307327786 0.31342673622003053
0.25044265026292023 0.3473320478223063
0.2519144325891556 0.34131780926960087
0.24982044178058993 0.33379410073793553
0.2471125175292711 0.3264104122508331
0.25301467621997165 0.3407402451173136
0.25391923299243835 0.3247740734238158
0.25386972857332957 0.33825258505830463
0.23760799391558646 0.32453568997519994
0.25554461407080137 0.33478461365045936
0.2436707061022621 0.32881339076446925
0.2515390816146365 0.33242844437296415
0.2687758678863145 0.3350725821076346
0.2444176317786086 0.3424185316381731
0.2505827409014364 0.3447364630168061
0.2475274925884474 0.3265834253536704
0.25425600010036875 0.33942952220782585
0.2470601292704369 0.3241298661738266
0.2465216904999047 0.3284684904328707
0.2509900432502016 0.3320033091508515
0.2673760685828053 0.33998505372058907
0.2540201119869092 0.33792568981523924
0.2548581026837824 0.34278901325914213
0.25745049544535015 0.3420072291792293
0.24010618724555427 0.32078746755386595
0.24172544263254123 0.3307349491961419
0.2424739920743097 0.33598810842916566
0.2627670565202409 0.33810229228300587
0.24542687920630823 0.32512578105700496
0.2533633921902489 0.33972099174380715
0.24421052649445657 0.32718232158660243
0.2508200969498498 0.33691385886824593
0.24523656360640167 0.3351431432155956
0.24982621374797173 0.33818151912110567
0.24917500899203804 0.3238603892080686
0.24669670594453344 0.32893716185747157
0.24539244225332887 0.33897801167934133
0.24034701218242974 0.32261163795706477
0.2499710625078487 0.33741054442530816
0.2449919011816131 0.3194811717416713
0.2403139240374232 0.3235978760654557
0.24771771251607347 0.32796055270350377
0.24081619086722414 0.32922553300929014
0.26326991298764313 0.35160860777846875
0.23867760902012877 0.3289946112005091
0.24001539553167958 0.3323878126889552
0.2379112728888821 0.32806974667997435
0.25758233080583265 0.34094169184079937
0.2443892934498483 0.32275985089596415
0.22394015533996378 0.30674472107515893
0.23781484448652931 0.32854567324167167
0.25251112622669253 0.33707980667148457
0.23195485391689094 0.31525466021388604
0.2433802964348283 0.3339963216981369
0.2348908847398167 0.31782501476837854
0.2425652239104562 0.32721745670326
0.24100312595105525 0.32095557959224524
0.24484843001893897 0.3314518705085049
0.23012914783268137 0.3068378279555797
0.2534369201199471 0.3394386768133741
0.2633278383874414 0.3400389462260416
0.23955747276264835 0.3326236089642518
0.25086479667831474 0.33895705305893997
0.25336085441149114 0.3369218903016655
0.25083295660223226 0.33066126883020286
0.2600128645328393 0.34746565224951287
0.2441706804207542 0.3253513180473573
0.25810127453436776 0.3491577130695753
0.24340756159567542 0.3151110215956408
0.24402944713671765 0.32753786487780295
0.24440531345054453 0.33092283784235066
0.24658656342282104 0.3303960957800112
0.24511844615500117 0.32487915467738676
0.24060386043331652 0.31696551617180646
0.2533484554774136 0.3372947833574738
0.25134059609779835 0.3303330410073295
0.24528682249737513 0.3286994079637147
0.23952034233367775 0.31610975630720084
0.2519098600046489 0.33156099637639663
0.24192697353991083 0.33387535677462077
0.23821308969265767 0.31381928188226255
0.25309623208454335 0.33433077802239836
0.24088643437084092 0.3270122336972216
0.2486260095533917 0.3352322125605666
0.23905951842807754 0.32588449718663304
0.24799056759485288 0.3365134958556552
0.2419171403911851 0.32320691686624337
0.24893992245820956 0.3361459488315101
0.23880814738629683 0.3197171730482444
0.24954896766410353 0.33244533124540554
0.2523632927034459 0.33222720917943727
0.26891743568618903 0.34188329115148863
0.24453533079415743 0.3321402090444372
0.2527388745502173 0.3465108641797124
0.25492336241273117 0.3355738303858477
0.2368189732470026 0.33154552312972124
0.2512646573012388 0.3327168487394907
0.23924026715265967 0.3170781110448168
0.2598471872463346 0.33583561986405397
0.23114853236845165 0.30865543486654207
0.256121063831156 0.33754963599997334
0.24593563730851278 0.32745976532671545
0.25027915923548383 0.3406125960545754
0.24405231324664792 0.33139438566881185
0.23448014918528903 0.3200132919361367
0.2454985822716433 0.32528555676631066
0.2488007399011783 0.3277949488454718
0.2485141387553339 0.33616814883522655
0.2393253648718235 0.31605576564173665
0.2392929266317594 0.3249544597726198
0.24077993992451743 0.32362610775434564
0.2556123104806627 0.33727014509522424
0.2408199486272501 0.32385532850479565
0.24421255328486113 0.31973267637023367
0.24106303337849824 0.32181528239776347
0.25339577070117486 0.3329157143898498
0.24402054663934403 0.332180386649306
0.2316600464796572 0.3211052031778486
0.24618102320338545 0.3323726752943305
0.24657809915465653 0.3262545444332753
0.23996432664708237 0.3239208700781032
0.24294650557768968 0.3282071425571674
0.26000534848339624 0.3373121015879436
0.2629383352695858 0.3402340937253434
0.24325083188697907 0.3328976450630989
0.25426443338464827 0.33279285282944054
0.2621899771736035 0.35133487440304606
0.2595342716034813 0.36003072802489433
0.2469920959623864 0.3374292571020821
0.24725171401416837 0.3330383062577832
0.24928519590383874 0.32785004505376325
0.25535489822858937 0.33538024225975466
0.23515276474730432 0.32582844402393013
0.24532230291139404 0.32711634369993864
0.24706678091114792 0.3264976393877812
0.24359536083633443 0.3288202518348065
0.250386684583336 0.32829433850890855
0.26252320285447023 0.3496558399219325
0.24826551707206543 0.324802217163307
0.23230496517252586 0.31866600400337286
0.23633661563088876 0.3324295012004314
0.2478529350393367 0.3343613627441677
0.2450152199902664 0.33854685991826866
0.25979424621063985 0.34394693907173407
0.24773401361155836 0.3385651913396281
0.24130088442135475 0.32652527648807234
0.24396632759758177 0.3295503345026038
0.23797648685630177 0.316230686987748
0.23943202032041067 0.3333948540532324
0.2543085866955156 0.33849164397851167
0.24817757759917625 0.33210887629599034
0.24696400097164448 0.32692935036658266
0.24279766324463356 0.3247094830178961
0.23602416713960617 0.320635920252767
0.24796279713027777 0.34036731949988425
0.246368419378392 0.33310397570539435
0.2371581814090853 0.32063496106827527
0.2554928438446922 0.34203141129113873
0.2548720802014045 0.3429643114259971
0.24857758077681497 0.32112662544187653
0.23646052449594154 0.31879521463057087
0.24661003610980764 0.3314819059922881
0.2460806924407977 0.33897229144203717
0.23765549939972627 0.3287559009642084
0.24313035471169325 0.31667528016580365
0.24123708124565746 0.3304744595964911
0.2372525303216788 0.32872196683570093
0.2813575424556947 0.3544179966860603
0.2379326874690449 0.32029305521735657
0.25254503773741815 0.3359170020456269
0.25656541000929955 0.33026412710836023
0.25023441172586375 0.3354670109455931
0.2516135812966637 0.3405602449359473
0.2517826398959033 0.33140194615180857
0.23943323465900299 0.32447869376985455
0.24026030008111512 0.3216102631601521
0.2619436501383673 0.34119289532522096
0.24958086539991536 0.33124751573264744
0.24660855818901842 0.32961946274830956
0.229944113955883 0.31891115306145074
0.24828369589344795 0.3280923999619489
0.2597246695000994 0.34395529939613806
0.25508794061279655 0.3437217387841362
0.24895202113529544 0.3428591641435185
0.25080092708481716 0.3275037680196777
0.2492022563903596 0.3382310104958575
0.23610996019168384 0.3211496047187554
0.263347361096381 0.3425134906419527
0.2268796156986805 0.3207515267838015
0.25026562857215406 0.34093582951429663
0.25124647295741354 0.3352059313198813
0.25756220941084235 0.34001133600027333
0.24468573887264547 0.3276832796235681
0.2406605102701082 0.31193200047439085
0.24773584902739723 0.32916245246718767
0.2393138804084667 0.3127255497121346
0.26930378499573704 0.35191020065172424
0.25247918618776005 0.3406956735169881
0.25137079452200745 0.3416447141042002
0.2379336570486409 0.317181413768922
0.2458981328140246 0.3329473590970817
0.25731910593015755 0.32589837745400274
0.24749355122854133 0.33038230451258094
0.2541992971379374 0.3277445005034885
0.24370245405602345 0.331576060998065
0.23632149143317466 0.32951984719661365
0.2494577460883672 0.3208539419854195
0.23902192721689916 0.32736508032516304
0.24491621815749756 0.3202018567632625
0.24468533755697802 0.3256334144663053
0.24896446434163091 0.34082712643903934
0.2399034386367563 0.3187156451702498
0.2524773092954364 0.32554139004466665
0.2488464119151203 0.3290870522402882
0.2541059263955329 0.33941427059051515
0.23615995941538867 0.33051161167126286
0.23639720339763304 0.32903980120615345
0.245504704558451 0.32966841818355613
0.2576312556966089 0.3499254113803696
0.25250646090811096 0.3207007391327094
0.2511496621540013 0.33778776407790134
0.2389107301655492 0.3280393274421004
0.243796474782868 0.33817928413964443
0.2496182191629399 0.32708049235778425
0.24471554575296184 0.32884261538065157
0.24898821072572982 0.33284995476233453
0.24157600744571828 0.33076655273290173
0.24778698563554113 0.32771866754562806
0.23739898210398802 0.32477512065893527
0.2411898901667136 0.3269134836225101
0.24850717112165538 0.33298927416356067
0.2436448716444543 0.32849682082990567
0.2393151282720558 0.3196051586903904
0.23599487760474022 0.3129274520698675
0.24542238625697513 0.3255023020942269
0.24840439979321574 0.3327423460615705
0.24855445112603816 0.33445925346678956
0.24311876377403943 0.33300505098743444
0.25208717392263336 0.3348279234103398
0.24603476129584453 0.3350606132819464
0.24701250948637032 0.3261093948026946
0.23499095310282192 0.32736198337050176
0.24777573393184807 0.33518424257255114
0.24787299837567783 0.33063820738098615
0.2566177700537153 0.336889489070852
0.24920393936464108 0.3277048313077725
0.24899935755365846 0.32167522586662456
0.24849435233409733 0.3367077566234523
0.2259683838980508 0.3226302404177627
0.24222421524773574 0.3289979723977343
0.2337410495972034 0.3247975019003843
0.24938704251186863 0.33910449706685136
0.24342577057524406 0.3386873001907098
0.24927296914922956 0.3407095397574153
0.23914872425762831 0.31636073102424483
0.23957234694538435 0.3243049918328301
0.2406802987358497 0.32471452167442383
0.250746547137243 0.33480928662040876
0.24246851726856194 0.31364905238389773
0.24643253614625493 0.3214825907733016
0.24612472424991802 0.329744364640423
0.2564686430473687 0.32175721450600836
0.24295653212397997 0.32992081226963305
0.23591631649500489 0.32096230797150627
0.24337827543483365 0.3252935726889811
0.24434970443604836 0.3240721196679669
0.2337536852963931 0.3159275121635194
0.24085470498369693 0.3389639225699462
0.24877836846586673 0.3423145203561788
0.2474331251208399 0.31849562785421814
0.24064076563352674 0.32674961045860784
0.24882868846378536 0.3305192038061761
0.2488111862097781 0.3230314029294435
0.24698503211408787 0.33926249914072987
0.25187287050222523 0.34109207329126306
0.2542225636689661 0.336111550265399
0.24510013712590406 0.32003621321493775
0.24616273510495681 0.31766918331400046
0.24057140667458185 0.32532054912049635
0.25553383506540334 0.33931199357590075
0.26531315625486324 0.3503940051999785
0.244142276538258 0.3333129106559938
0.2422474922052741 0.33431358899755337
0.25086530890721254 0.3408751079542633
0.2412845893592725 0.3276696346990444
0.25299971063379756 0.3289408607912862
