0.14143573711254365 0.20624959579745658
0.1138513899116782 0.1773661812437901
0.1128387427512715 0.17222802427630507
0.11263133532798046 0.17006456625706085
0.10600849575826496 0.16784201064732981
0.11643605917708609 0.16947438336373574
0.12165931419292028 0.19164464595528857
0.14101973604550908 0.2041103434985086
0.1113067139835445 0.17352533107258983
0.09802525398896278 0.15766357138752812
0.15632974690265222 0.22115701753551334
0.12499658822615667 0.189825043577463
0.121174430855142 0.18432346931531615
0.11469670040896425 0.17390047430120684
0.14384306110381248 0.2075343985805455
0.11927126048088706 0.18385819043824883
0.11238430369278213 0.17526124382681638
0.13072260309399686 0.20923293701764076
0.12954244983145696 0.1967456014314659
0.11629704157204697 0.17936628974034377
0.11620433132438204 0.18753798299637306
0.12283656094833474 0.17611482328079966
0.12779267376548972 0.17614291962651993
0.1153243206812572 0.17015443721353055
0.13855361088452142 0.20722871502325577
0.13426843843187666 0.19121983183529026
0.12040334880709005 0.17597388714559367
0.12650821708998114 0.1892289492228332
0.1183331644782539 0.17442186849268912
0.10915729483500515 0.1754414498381766
0.12839683695655305 0.1885553247664412
0.11206452988673266 0.1649270282667768
0.14147025657241194 0.20682747711541274
0.11356169870843591 0.17427028575986572
0.15729503026572406 0.23447574719887096
0.10476133330533238 0.16272845284222753
0.12871348275100544 0.19090069543765847
0.11597864646176086 0.18205515925188706
0.13560940570762503 0.2071160608040099
0.11893923951272403 0.197104764698929
0.11278222158825768 0.17655930494079086
0.12978632682065094 0.1835939575792793
0.12599275219366088 0.18999185515075087
0.1355330421332175 0.20340363544245674
0.15105381285107025 0.2175494593549122
0.13053109294943516 0.19195993936060649
0.1307510766218165 0.20475271254062394
0.1389097203352337 0.207261874198723
0.1251664798057592 0.19434199672595454
0.10455318711177844 0.1540218708093504
0.12740734072063153 0.1994295744502403
0.1242434907205693 0.17481235169321757
0.12877826330025896 0.19140148692001208
0.12384348983072645 0.19611406385884686
0.13073562908186123 0.19451836053344157
0.11015360420031627 0.17525552331108116
0.13323467992205246 0.1993258623698891
0.13486543077518018 0.20266464706136147
0.12362809352558968 0.18665864323354084
0.12234205286157447 0.1863647533594591
0.10761753629648119 0.1642913271033022
0.12373141498416086 0.18113603036548254
0.12302195077705341 0.1857159426535161
0.11364960199508194 0.1826125313996538
0.1041646032091236 0.15983404959951716
0.12358343717871259 0.17318640128640278
0.1311543107830728 0.18993969155775065
0.11378666150723757 0.1720571564580588
0.13496232180807266 0.18715652977811176
0.1375919418918167 0.19578530413306455
0.10627506182216793 0.16157147654040205
0.13446687429901913 0.19732920147698363
0.11774488027543999 0.1729075306374461
0.13211783564584126 0.19048342948572247
0.1354666319438301 0.20259602817924086
0.13085903425969456 0.18445921809656432
0.13563943400648232 0.1966613819333755
0.10530896958432262 0.1636763490230926
0.11890516124482833 0.18321723137484436
0.13896493053307218 0.20771161572571936
0.1451323972999955 0.20826523474914196
0.11287319772401666 0.17470637043656442
0.11717874802129526 0.18087061642590246
0.11702379135568323 0.1832152239769838
0.1101915600520842 0.17259330169718018
0.1394724126373339 0.20650984408009335
0.1410787418484545 0.21176188589155023
0.14540006183156004 0.21955739163401786
0.12080101371118342 0.17874583769553107
0.11841797484039421 0.18829154174663176
0.11363228825456771 0.17734536537217022
0.1068158711655421 0.16899599230283022
0.1378306365014216 0.20263576507804965
0.13244450861495305 0.18575934586615922
0.11031577046823644 0.15913126955921883
0.13069588809345306 0.18103955048249898
0.11882055941581833 0.17814263985921983
0.13665479382176762 0.19150883828519827
0.13944034756031146 0.2000266842646677
0.12413234628450578 0.1867956284897531
0.13456574585144962 0.18913957862867714
0.11557440742444498 0.17488738220552602
0.1378244530074051 0.21684203473291663
0.14522526258623608 0.2028454990914569
0.13084015442066485 0.1851930810607065
0.12059748117367403 0.18042482352108616
0.11720209268957393 0.18928743636941414
0.1314200994356954 0.1836139176961375
0.15274153697471546 0.22066852431904607
0.1153677236151849 0.17948540618677225
0.13360570957444787 0.18867177827444329
0.13452309795193393 0.2087594247109026
0.10158130875116622 0.15821301867661833
0.11119745978323095 0.18191356438729853
0.11030535580383663 0.16915809992496694
0.1409764823511552 0.21619688425461403
0.13408790857577182 0.2002683961409042
0.14320798571497056 0.21134086170807165
0.1167583393980825 0.1705916283026034
0.12087945548958785 0.18546758767326763
0.13169135508793978 0.18284233430110639
0.1326063867526009 0.20025542812664543
0.10436401656521915 0.16317883678081974
0.1353353238733097 0.19321089490891172
0.12038024963886967 0.1854540113053097
0.1329683888215375 0.20036743521304115
0.14810771489668575 0.20721151289872433
0.12333932136217628 0.1905980598073708
0.13686536709004024 0.20824296611817952
0.1316010047233942 0.18678888124391926
0.12416775008857944 0.1870561921405902
0.11880081017216187 0.17325335074023773
0.1318785857217414 0.1899042535694641
0.11525855684404286 0.17335061631177173
0.17038149831760827 0.23160564393286617
0.13053006783821477 0.19342300619269243
0.13905208138519812 0.20974444908086268
0.1461255334832147 0.2087376008199725
0.11662665913835474 0.17528340501338863
0.11125283326223527 0.17378880430496263
0.1241093325279321 0.19029364499242127
0.13322578838932864 0.20048726855020238
0.1237268383899327 0.1790923159956718
0.13127030826853847 0.18904536746146805
0.11290842074638328 0.16875489820492767
0.12712758268657925 0.18919178961612942
0.1340500163695666 0.19999385798576763
0.13993966343693826 0.2069091927126654
0.13011013552123807 0.18438833099112992
0.1153042920715463 0.17821855501757936
0.12748755624771507 0.19584541408785203
0.11529500140783377 0.1778238378165934
0.1283083309543807 0.19541836860534018
0.11578305895102871 0.17350291821448854
0.11915502714763725 0.17803134432573003
0.11881622396534107 0.17757433799478478
0.13289457037140068 0.19517262671475932
0.15775109460215989 0.22595603982835505
0.11669384002719362 0.18397360100982088
0.12561861197566962 0.19293229438714343
0.09800769960021154 0.16140007021006347
0.14059590990258758 0.2097238487692381
0.11906036744472397 0.17604250705072863
0.10142308695678598 0.1561058672850676
0.11469511197819886 0.1772700091924807
0.12399358143156097 0.18758785076446682
0.09811219842925363 0.1551121883267543
0.12019836464618182 0.19058932404332768
0.10559841482780585 0.1626502193453091
0.117088719498543 0.17598537920240134
0.1195561970499801 0.18059936345748487
0.13561827901382056 0.19990401794337048
0.10365520379392096 0.16084867309189102
0.14892482196741083 0.21588630866911573
0.14814228485461425 0.21260647177443784
0.11206719119870932 0.17768010403863752
0.1513766215855478 0.22111250332488136
0.14316869745569355 0.21334066528960013
0.13168648889098475 0.19384825101731779
0.15665447984749467 0.229813773307582
0.1223363898173731 0.18672909230665868
0.1436283920763891 0.20886591830838072
0.11506289011581672 0.16911519810062148
0.11181791646538616 0.17775049280426605
0.11853580808009591 0.18078701145602757
0.1156300689862196 0.17291653910724356
0.11592192702319744 0.17212758323333427
0.11488892919866696 0.1680352485787148
0.1410349496899217 0.21157929114480709
0.12296917745077364 0.18267966663085305
0.11048068200604899 0.16848533238057814
0.11744986852686026 0.17169130715720307
0.13589697431401634 0.1960901546584227
0.12242568545752627 0.1924054140924525
0.12013209165498287 0.16620001041504037
0.1238396592653789 0.17849873203721217
0.10936173197306374 0.17530259117224495
0.14269486347098242 0.2074928786177473
0.1192819883870771 0.18415784312809547
0.12990823026219767 0.19886428346843346
0.11874439672904556 0.17112478382809368
0.13084934047711552 0.19603682048722587
0.10939789392687635 0.1666993215613198
0.12208746368187083 0.18635737962068988
0.1338384716983135 0.1975430545348935
0.16323286786930294 0.21931494550634564
0.12035387990869346 0.18975781782256976
0.13925678116474458 0.2092872511258136
0.1353778563687131 0.19847708633265695
0.1289746531461959 0.19420462615487352
0.13583797449148402 0.19691371473435415
0.10827855035242569 0.16516296263918312
0.13746688355164244 0.20129188045383117
0.09539929784379743 0.14705888751126084
0.1352672192672025 0.20442577539350326
0.1274790687036521 0.18981497299640226
0.13188531384694246 0.20781156533999698
0.11848623000607855 0.18352230686798238
0.11064504865107637 0.17788096009443172
0.12927243183393408 0.19093198721975183
0.12856380135612677 0.18577196279373603
0.13306458558436826 0.2043306648175466
0.11143986935562045 0.16556606111424657
0.11123526375097618 0.1734669981326991
0.11388251554922206 0.17221052646262536
0.12478633049818319 0.19300097470725514
0.12052306401613513 0.18249616022765147
0.11165064911326088 0.16823004212125672
0.1259903934849188 0.1870738101432852
0.14103436942751038 0.19849516611421308
0.11891458457888775 0.1891480702501933
0.1137948112146036 0.17430290505241783
0.1357309009571649 0.19996932610735418
0.13540936515174062 0.19400655053600896
0.10637770209364446 0.1603212802884104
0.12108056472861592 0.18666636504967596
0.14264155466814546 0.20479513029224375
0.15840349905534098 0.21438540720918378
0.1193483166760044 0.18216426064360314
0.14251209133408402 0.20702694357559281
0.17837085584891926 0.26213616216143515
0.16575590058548667 0.24508487841238402
0.14044078092095116 0.20916593627416968
0.12443549943504689 0.18854214431677807
0.12207719199107228 0.1806914635017529
0.1370791175620606 0.19630594060573664
0.11551525731830829 0.18254562150798181
0.11578238535292326 0.18169551882802326
0.12026258623879506 0.1772314758974031
0.1090297635370009 0.1694362018591021
0.13912776331450957 0.20312032862309673
0.15581921039164573 0.2244505184329451
0.12247795475036573 0.17964144826244022
0.10762669656739023 0.16770360226955827
0.10658400310429776 0.1739217473121192
0.11790941894614329 0.17509335488443828
0.12259556958250131 0.18773153979566046
0.15507636571046743 0.21884371127030908
0.13253486171567697 0.2053016178862178
0.11489525742921108 0.17893291742857562
0.11508384904732828 0.17461749120654008
0.10556459685000791 0.1604735296021328
0.12979862531940256 0.20200674654070946
0.12492549241671957 0.1885554011489016
0.13423960644668811 0.20438315077829897
0.12395545920516514 0.18474707397383228
0.13024588654788738 0.18666358815978068
0.10443920368776044 0.16343852140076873
0.12966388824569638 0.2007198885938033
0.1334283424532389 0.19669170692427174
0.10481589379590639 0.16944982414454718
0.1420774536796832 0.20641083266996496
0.1308696440610993 0.1872795669284799
0.12679506595037246 0.1803978422866559
0.1146364017837753 0.1722031262340092
0.12284250649457172 0.19014415498649634
0.12577625895389064 0.1916141346996441
0.10601745516373569 0.17018643303554357
0.1269421185604955 0.18998877655805127
0.11862539211405505 0.1858965867161863
0.10940106499443013 0.1710562713742808
0.16700257848109362 0.2278898871143979
0.11612111921145335 0.17688341670496388
0.13425477746965578 0.1899975877033469
0.14138968637119817 0.19450653499505918
0.12727205330754407 0.19226140717921522
0.1264756213448146 0.1974169275416191
0.1324485564918689 0.19676484333541472
0.11190848725187857 0.17534234943905966
0.10672306550265015 0.1704323966055089
0.15580988920090966 0.21971347366127134
0.14101239633636373 0.20900020416797363
0.11800830781679994 0.17504671322549475
0.09504529596989085 0.15540843627077716
0.12564649825960061 0.1859573047486074
0.15547880986039103 0.21745897608234502
0.13834826384518445 0.20602878529365107
0.1284542156329967 0.1959391748020386
0.13364164915405682 0.19290737256565
0.14320473440711942 0.20965336451415362
0.10619254981988796 0.16237144834172362
0.15053934511645686 0.21694404253588576
0.10169494724859283 0.1647186600126911
0.1366068944084291 0.20241775446052912
0.13272360147824186 0.1983592822760385
0.14287468208339602 0.20799026669745418
0.11954821762623208 0.18377893173370516
0.1216541372116359 0.17319568818629047
0.12438456482403831 0.18272628548190434
0.10495909582026958 0.1525203776330098
0.15796959217727877 0.21965334247641002
0.1534301173844372 0.2221423675171177
0.13450086934374672 0.2048288362402005
0.1105430269892591 0.16431286188215685
0.11150202832331026 0.17411138957932373
0.14560768946978733 0.20415459620913468
0.11566997320561671 0.17786618038197372
0.1383269672274814 0.19298314076126874
0.11623159001498787 0.1850778739787724
0.12041133023699858 0.19118817114598435
0.1278384571223719 0.18622651488570463
0.11911369487769534 0.17635393766067886
0.11970703195521448 0.17371126249422186
0.11798080945309608 0.17579759417780697
0.13705391540540307 0.21450013025704617
0.1238165926284902 0.1865346764816578
0.12569375417338693 0.1824296637847707
0.1327781804560493 0.1891533391422153
0.13045120446493583 0.1913394842715897
0.11976599033044061 0.19604423495270393
0.1148274892123533 0.18495547823152908
0.13955641400224464 0.20168911206718804
0.13770733695099424 0.2058794102134881
0.13698185858072012 0.1816444732372298
0.12113261568965714 0.1826452258135422
0.10628671183519704 0.17209555032142929
0.11431015070688254 0.17938067547828146
0.14074220093246403 0.19181543776760857
0.12866257324939048 0.19762693734338788
0.12870268399058135 0.19397773637470522
0.1265163551697993 0.18934237430402495
0.13013362534259737 0.18574312148473798
0.10510534890209157 0.16630810131597226
0.11672574947181492 0.17562391826043006
0.12289222467946581 0.18604260474703105
0.12951936670285388 0.19560234606589547
0.10868756981412644 0.15728509088905931
0.11909966411856146 0.17431562492663877
0.1251861260444973 0.1865845019926062
0.13110068254356402 0.20196684693351086
0.12506884266221574 0.19453748046424402
0.11745586380582071 0.19248102629623576
0.12538297106727928 0.18464015348926616
0.12161258176688307 0.18227235417634557
0.12084101742526357 0.18037297688415255
0.10614948124306253 0.1714913144731441
0.12987419899080468 0.19509019532216373
0.12298546606570325 0.18653042547104565
0.13739978003491715 0.2039777565997415
0.12002787240195452 0.17771480016170857
0.13408890572988325 0.18395689118462547
0.14681938394631205 0.20897484239738934
0.0946482200555086 0.16128165106574313
0.12039323748580404 0.18119655113357097
0.10902408280258935 0.17086807595504572
0.1338882152290526 0.2026375617709419
0.11681730356739868 0.18149818081808192
0.13475843732163859 0.20418410350693225
0.11033787963235533 0.1597663002600235
0.10732020472656362 0.16182364916622152
0.12089405491455137 0.17696590549819866
0.12935309619380805 0.19734781871503237
0.11681527090095603 0.16544097253401813
0.1260259518386407 0.18382672718464727
0.12470572199217844 0.1860593504470433
0.13435227846928666 0.18930744874483668
0.11995748696571723 0.1835091499719172
0.10498097095072348 0.16421121753044188
0.13025331509756627 0.19226418338182358
0.10941411566659973 0.16119362243521695
0.10438836943094841 0.160739150738907
0.11999321626008962 0.19266235519063105
0.1260503075222752 0.19153413023193627
0.10981496428156812 0.16152167119304964
0.11983909864236436 0.17920013774869442
0.1254526469190088 0.18740881618349733
0.11729813801533041 0.17869574921464718
0.13026415849203957 0.19828618474301332
0.1479733099923598 0.21903977785867504
0.1397317708507049 0.19685426056388494
0.1303731285000006 0.18353160964219198
0.12187196628980651 0.16884296930680043
0.10257896109122995 0.16466791060455638
0.12978312120713797 0.19287465729926165
0.15579524266747485 0.2272487204771456
0.10786546184477462 0.17196518447285222
0.11919011743144353 0.17925188012719226
0.1319856960561972 0.20119324239869982
0.11995597139703922 0.18586318895052387
0.1330111465122698 0.1923722253732753
