0.25492586326142125 0.3001728949249812
0.2581216783771349 0.300965562738536
0.26068535148320654 0.30718091456023466
0.24634147741297324 0.2943465127622538
0.25573184268284055 0.3024089020664751
0.2577079974603572 0.3007687111021628
0.2622720364065391 0.3041268070645738
0.258689697968048 0.30308533342182786
0.24897842234481887 0.2943333907718871
0.26615155881880703 0.3058620470112628
0.28775036529505876 0.33050180393051426
0.24299726161468946 0.28591612969797836
0.2604414662855462 0.3053728364938916
0.2580167065174564 0.30777851776448417
0.2712337474063067 0.31659379543325483
0.257468803225887 0.2942606137365737
0.2623340059876416 0.29840118790435444
0.2567784178161408 0.30048474256017826
0.2716505087576127 0.31083563757165594
0.2630922466175091 0.2979210889626258
0.26739764642973873 0.30239365263381224
0.26523015391846183 0.3168795937920823
0.2610365116418794 0.29773937072959294
0.25022728415085305 0.29903305776339795
0.24927031214290304 0.2865885468143349
0.25733988187423507 0.2889368886302239
0.266415429003803 0.3144078454923088
0.26691463441871954 0.30179694543350133
0.27314835013094124 0.3223256674142434
0.26380685198923864 0.3098546359370697
0.2597656591558689 0.3019715754533157
0.27441894795507754 0.3187645507292647
0.2582123997389492 0.3031197597720874
0.256148365563594 0.3205225801617161
0.27060984226378376 0.31854010828993357
0.2516297552562149 0.2973215653032523
0.2608417311913096 0.3046370568107939
0.2530697533969006 0.28999028684357775
0.2644185686221199 0.3106933636200475
0.2497171464764579 0.2910637013608824
0.2718177248679471 0.3121597900333754
0.2505536656385848 0.2806116867378396
0.2712603343881002 0.3035424223123331
0.26578180405559754 0.302874592062331
0.26746783114777917 0.30914127347906706
0.2707497976539262 0.32471407367246763
0.2517014981717923 0.29679984432176865
0.2875503639786365 0.3238757125177682
0.2477903033081325 0.29285122356113547
0.2658133496409006 0.30337831366199297
0.2549606423024187 0.29532498787618316
0.24952179459866308 0.30094810463772503
0.2750236587231389 0.31140506031506815
0.26832601281218094 0.31710494907309367
0.26365068181082985 0.31007711148519795
0.26589490552852557 0.3060572431803413
0.2650483002296063 0.3106880711736953
0.26621190107279336 0.29948363322359495
0.259945204771404 0.3011027931477386
0.2555951266681444 0.2931708379060998
0.2745843238771806 0.3263933858388725
0.2522935080922027 0.30663612700655335
0.24473089454319108 0.2837610907407393
0.2595188014917495 0.310252098750186
0.2534826710757593 0.30110231712068647
0.25352088310898324 0.29970740642493904
0.24987925573147055 0.2925593793766774
0.2542237850808743 0.3021220985747967
0.2630565811140421 0.30895630409235336
0.26365448003047304 0.2948925630162891
0.2510942126422106 0.30141922693262607
0.26534081273122645 0.3086384906382661
0.2657383146210361 0.3138791910027332
0.25565883319955035 0.3016637880064643
0.2442966596670476 0.28764421442602733
0.2785532756100558 0.31998191575512686
0.2665783558558303 0.3102445087362436
0.27894074972879984 0.322440114390538
0.27433015000854205 0.32263105198952535
0.28695199595530957 0.33426282048843947
0.2593093141832606 0.3122445099223929
0.2660952108233039 0.30594920241253143
0.26748335082351105 0.3105946662639624
0.25296703895609035 0.30524733375118357
0.2547089769301072 0.29546329708637764
0.2547853609457542 0.297518930856892
0.27668275387483754 0.3096094339293164
0.25384931755502166 0.2907412170685664
0.24838167341517103 0.3012537973806288
0.24178477822769143 0.2938838734390407
0.2611225478157303 0.2945158191536145
0.2534562531443462 0.2952247374456681
0.250916732783949 0.29675533928991493
0.25632738640160874 0.29523812538672267
0.2786337849184077 0.3175174243494485
0.25784046694795515 0.3058309735762945
0.25433829949504727 0.29138961072851133
0.2716797827725404 0.3200512470285868
0.2716082122783529 0.32049700581018387
0.2528042648246704 0.3083176358250744
0.2675108401679661 0.3062591006197619
0.2540632601356832 0.2930178132023504
0.27586259090336296 0.3245141672585588
0.26421631166009724 0.3106123534874217
0.2524871344306964 0.2915446247806956
0.2600507707439496 0.3108982191615227
0.245108263017479 0.2974633612961903
0.2476836299260876 0.2846817589581058
0.25577271820371417 0.29753108198993616
0.25584646457422305 0.30933297217847316
0.25218156265794356 0.2839107463119448
0.2554672943114342 0.29356914090688924
0.2524410905269991 0.285465355813999
0.25362160184591237 0.30164066282561003
0.2822975312159787 0.317199240282484
0.26768383723033823 0.3123351263597652
0.26001317432885374 0.31362764888218014
0.2623168584912531 0.31398166828565355
0.2575247766830154 0.2958423347905476
0.2469492331090391 0.2953609701023784
0.2469797055513709 0.2919495192965042
0.26533029148795234 0.3075676649136
0.2603171401988334 0.3048511677596298
0.2655349509258221 0.30827573237046
0.2568982436970222 0.29958064942239465
0.2793508833146069 0.31032382221264737
0.2574128936919629 0.301358838630862
0.23632261257980683 0.2758520997213809
0.25313078820321655 0.29898967126219483
0.2606103536103928 0.30131827291524155
0.25169628998076277 0.29459837717054094
0.260056082746676 0.2982109895024738
0.267829033752222 0.308304052192665
0.2589034310349261 0.29729020609286594
0.27385567477469697 0.31396746960475735
0.2519915509608399 0.29642713214056143
0.26948877786136294 0.3167877839930351
0.2695847916674208 0.3151690269134221
0.24664562198788662 0.29067946828660185
0.26531850100531323 0.30860576245617904
0.2587883861973945 0.3033433560361597
0.2667209253186006 0.3128715971848403
0.26122854466147727 0.2960544971429859
0.25575231688679434 0.2984600281975248
0.2658637408465461 0.30787477088070736
0.2658600438040714 0.31014055247478994
0.26181920924292007 0.3136855627367259
0.2479460957569377 0.29396672796853174
0.27026525801909956 0.30003455562106673
0.25667539809028816 0.3002777979278175
0.25798214609531545 0.30328727656988597
0.26519263392430953 0.30583833717367526
0.27881040171253424 0.32577767537036645
0.2802636537935655 0.33093452824655656
0.2486970137641553 0.30397366965971495
0.25778079790820385 0.30721611932914333
0.26299178516575034 0.3094559762297925
0.26801006911178094 0.3106555521761101
0.2650374147080938 0.3024555232338834
0.2800073794909321 0.31568279239032343
0.27729056923224527 0.3197023675805775
0.2619793020092703 0.303107635784394
0.2646645302613315 0.306528688057071
0.26407291404737654 0.3085456715573936
0.26698759321175475 0.31182959003442823
0.2552198039634127 0.30317279102055406
0.27412275265063935 0.3165755800683534
0.27383546063226927 0.3162271952495024
0.27853728812229295 0.3315492191362595
0.2540138600306066 0.3031089305436737
0.2585328601975409 0.2987603048890314
0.27489493836766754 0.30931015993557115
0.2688360569434872 0.3162960156325517
0.2807675404685696 0.3227147356852176
0.26550272536459885 0.29845339311708574
0.263174578614463 0.30921731909441497
0.26458433687007277 0.3058653320894033
0.2759053372393841 0.31288948351105056
0.2698114465221688 0.3153571249246614
0.28272197073562844 0.33381526282158214
0.2403408887465333 0.2945129878313053
0.26976560265871824 0.31316754930733526
0.2674096034743685 0.313096794754894
0.247488510561761 0.2990872568372545
0.2525228837222302 0.2970550382856766
0.25318442018159254 0.30150410491435853
0.26331587276845553 0.30328600104754105
0.26187315156748897 0.29893028638126545
0.2637160822095514 0.31002828533906707
0.25955752489731987 0.301022435126492
0.23890091163652766 0.29398971324746825
0.2823231700138702 0.3231145751112907
0.2541630149963622 0.3015580241073546
0.2847837915991756 0.33222622938440105
0.27700562189032796 0.3234242926840599
0.2540385118009172 0.29998438612037126
0.24364974787554317 0.2988268814833619
0.2516139851111086 0.3030587363744505
0.28185375439553634 0.31636062757118194
0.27537604223885864 0.3187412175090473
0.25998870634834725 0.3009040701933319
0.2614687822611801 0.3018849683738164
0.28942089817640176 0.33294035613084094
0.2579547992660988 0.302224387779497
0.2531645227175116 0.2937695831329339
0.2750192046623489 0.318475916606306
0.255918841644999 0.303755253666305
0.2662003864268945 0.30348080312660847
0.25172838828574556 0.30120468150535123
0.292788884550775 0.3208442685813536
0.26136411551857713 0.3040062239963336
0.24697964036628717 0.2892331242361054
0.2715855857872729 0.31121485998223575
0.2533884523276775 0.29468097723946574
0.2890041534274738 0.33277254598068107
0.2674711145437725 0.30888035821549525
0.2604059125821018 0.3083658011307685
0.27604111174990653 0.3133527425090564
0.2645921398930677 0.3049477234465294
0.26331025903309124 0.30243309379011
0.28089981730380137 0.32171091788929534
0.2515231885462005 0.29021246668139755
0.2777191326341413 0.3284413711885943
0.2597840610723017 0.30749707707601315
0.2705309026995643 0.31056631102106336
0.25912121774039787 0.30655141886596565
0.282201448025147 0.3288785017146842
0.27048356198841594 0.3193065616977404
0.2696914722368397 0.3155232774245655
0.26779537654951646 0.31148727185797387
0.2566888420909493 0.2901368810805144
0.24281955223032495 0.2976983031266166
0.2613225069232724 0.30819096383721944
0.2552942869951189 0.302056951468618
0.2653624130090401 0.30663968581919554
0.25987922413278136 0.29881449117681774
0.2755258378013754 0.31987425697397737
0.25663648208775136 0.30705285004695926
0.24345108945744126 0.28714414004655225
0.27519005392266077 0.31679046734715455
0.2655239697243336 0.3127513711459775
0.2574394299539929 0.3029568661595581
0.2618733409018423 0.3090729317000121
0.24976658627973528 0.30160389455148384
0.26730160538598924 0.3028432187033548
0.2744100568338755 0.32358160843959904
0.2541959477637619 0.29669384414163724
0.25348984984371703 0.29785746026759274
0.2722259037492941 0.3108703141879791
0.256154505876166 0.2960783240664973
0.27855521111717313 0.3219653751031315
0.25134141113281394 0.2913650514499322
0.24887382556801416 0.2895238025214401
0.26610792608458855 0.30483236520693807
0.2636067682862554 0.30913346672077796
0.25938580497366803 0.29796349034892616
0.26427807877795373 0.3013907006475575
0.26892880803152824 0.31105390398224386
0.2536513326899174 0.3001120558806204
0.2667922077752491 0.3139590199746484
0.25504394417195253 0.28946626858349983
0.27168256332704827 0.32025770413015786
0.2599980777037803 0.310742694937843
0.2619494630781386 0.29692172768809955
0.27230379457767134 0.3188487570570621
0.2720303705807452 0.308599989328892
0.2814715678060933 0.31967840631668387
0.24914813933803254 0.2858418309610413
0.26239438659639114 0.3056101570143771
0.2633367424468706 0.2987811271031756
0.27946562256238994 0.320899430929987
0.266268870953972 0.3107345950371289
0.2556580769567784 0.29624323866957797
0.28400448814911583 0.3265968851137153
0.27349518416480123 0.31490529845076104
0.25193110211461506 0.295846620387348
0.2626827213396292 0.307522756105591
0.27929481748342094 0.30653246622117775
0.25551029357782423 0.3005998469610561
0.2611256535726868 0.3123417740288761
0.2697190714036516 0.31687915367643715
0.26186299928248324 0.3144115270639679
0.26487259410594666 0.3043122979261181
0.2608561665255357 0.30227943319366823
0.27184663008112436 0.3105719361643859
0.2633505972358695 0.3102425818537247
0.24768477739473843 0.29427834744727355
0.28010983374241877 0.3252621933630181
0.2672592607928244 0.3091995932125907
0.2583824289205492 0.3065181032405098
0.2488202390013424 0.2902819391428823
0.2657032948447 0.3126140216417948
0.27560718036904125 0.32502088908854493
0.2666950154953522 0.30326562126932544
0.2662270643846094 0.3164977933923959
0.26401463037843126 0.3035836293416224
0.2570545484275201 0.3013027098542674
0.2838937781011847 0.32664470161756726
0.2672959035630045 0.3009836617106651
0.26159461950177043 0.3163930683141327
0.25021007339981294 0.28291384595578906
0.2715110641708969 0.3107852599077507
0.25335606654523485 0.304480001556584
0.25934970040108907 0.30459990350996113
0.277275652870778 0.3138786383094687
0.249328694831021 0.29019246481085764
0.25659077842467515 0.3046955761938275
0.2748746005453994 0.3130957839316984
0.2807230533835115 0.32714345501727893
0.2883579224930715 0.33126648656168756
0.27795302742439904 0.31919386717257525
0.2579839480360984 0.29679807227301575
0.2677010604475024 0.31278960733618577
0.2671562029136467 0.3072710037589103
0.2717897004650369 0.31278071934333135
0.2700705252803845 0.31044318233819096
0.2582106398766554 0.30480495347802966
0.2711395476904626 0.324717472035574
0.25480058641435716 0.29367087427734256
0.2518780003738162 0.2888926595949157
0.25327910070662346 0.2937547363510179
0.26006612504839066 0.29715840878106003
0.2725124469694132 0.3033086893828926
0.2697881972143178 0.31920988329593775
0.2643637665854202 0.3113432019071652
0.2617800204510522 0.3072901414176749
0.2811456775116934 0.328611626178072
0.2528071939885947 0.303168049238975
0.24575322465974916 0.2902653490539311
0.2746520062110286 0.3142821059340777
0.2541455073825984 0.30670488401579693
0.26799519836741886 0.3093374621976908
0.249893439660388 0.30164136316033896
0.2556408198712559 0.2952057211258421
0.2687899653709085 0.31964059598610983
0.2667902518038252 0.3091250860365485
0.2705307376020504 0.3113267520444198
0.23488876915145399 0.293750652849776
0.26072867959016316 0.3085319803568202
0.2543881403873851 0.2949411129137041
0.26543016937533037 0.31348917438364293
0.2543232409806909 0.29312979167444575
0.23483229990978535 0.28043671862623365
0.27385352622687986 0.3069100819359572
0.26188681953834547 0.30628167194172995
0.26441476845936557 0.3062790801760276
0.2769211217147275 0.32531660345886865
0.2804093119416285 0.3132568621946807
0.2543253407607737 0.3012768276251836
0.2784441913240492 0.309399637758258
0.2520006099050774 0.28452680971832406
0.28238369169147215 0.3252643447579095
0.25660986138760183 0.30001353739168984
0.2581989314251335 0.30662708784117026
0.2530782135203043 0.2914606478080993
0.268469564275336 0.31871854268185584
0.25555525366822307 0.30676032894882216
0.2693678514601097 0.3101737945431946
0.26915398740425467 0.3185357536664615
0.27157195485541097 0.30586183501707376
0.2710101347001032 0.3135793001655305
0.2585998885332394 0.3033087919315298
0.2656722845023543 0.3137542681336408
0.28222030725304315 0.3316537673425285
0.2679767330327829 0.3167066100072706
0.2534407483203498 0.30224581517878407
0.267497923435369 0.3071820756558571
0.24749286960641498 0.29813020130199147
0.2567189023204109 0.2928075355117659
0.26869817054753425 0.3139206066414377
0.267740733739576 0.30222712665709656
0.2777971487121211 0.32031929366783213
0.26297022811420667 0.3088916608697853
0.245496314915678 0.2983704424270964
0.25872671767770117 0.30710949840426505
0.2635620905452617 0.3108963181218321
0.25506261595228175 0.30406760903121444
0.26514219204131323 0.3092006501421467
0.2810265858576676 0.3293432038308115
0.25198264102154827 0.29148099232314956
0.25452369208503256 0.30231282059325004
0.2697070483900093 0.3144403790829684
0.25350639115295415 0.29401611752661516
0.27483026243823405 0.33000992161239845
0.2638160732544001 0.3080930873688895
0.2862807179782339 0.32005684416247876
0.24015752281994038 0.2791722502566853
0.26686550350821325 0.30274188456562334
0.2720639599380003 0.3150572292632107
0.2534175454460197 0.29690218128906115
0.2767602499950549 0.31490093604328023
0.25656330239344866 0.3043591733620883
0.24932498125294644 0.2931275281029936
0.2494556438374019 0.29700750279885285
0.25839784023332396 0.29925784659795424
0.2657626761142097 0.3126242625150404
0.2709602078764311 0.3252298716411427
0.2552686631256303 0.3029901411493607
0.2821899401025916 0.3246609731599559
0.267863029574192 0.3046669282086432
