0.14010268700795303 0.1717021776649375
0.11838918831264568 0.14452197614483359
0.1322083137649738 0.15129237828990896
0.12292948730344139 0.15125867813755758
0.17116992354079857 0.2054428175467175
0.1493328462772729 0.1750459366762912
0.12485458578083483 0.14642467057851347
0.14246949797008823 0.16635592944830227
0.12920575956516628 0.15711537672685022
0.14182534115392412 0.17058851785770535
0.19240339847421492 0.21718118786331392
0.1179227723026285 0.13898530086464672
0.15738270344202504 0.18775795235326528
0.1502393674848053 0.17894351179405119
0.1591380307862338 0.19032739904785426
0.12429464190114853 0.14438482626112586
0.13718782879455302 0.15958995606699533
0.12840334576463958 0.15610848219636006
0.17627341252846168 0.1954621257589782
0.12328478547563938 0.14392218637287355
0.1587069098384935 0.17411422258324258
0.16640132701943605 0.20044518037838416
0.12931126877144444 0.15248087059702775
0.12725941101790128 0.1533973056525465
0.11701876107397272 0.14114157543139258
0.12220327154509454 0.13832890197215378
0.19162294136217353 0.22524001209212896
0.12785682327323897 0.14388179258385028
0.16006470516971746 0.19185531725028288
0.13530158671253126 0.15989209456305614
0.12499138045931024 0.15054817425031522
0.15491779862446275 0.18198572069919433
0.15085540238440462 0.17848988566538243
0.12885595673406816 0.16668819659957299
0.15908411107906997 0.1934690990993774
0.12687852542432757 0.1553397234946698
0.14515639553068244 0.1746860425657
0.11988118562239927 0.14171063708027745
0.14836224342910118 0.1733088116752108
0.13726570667278026 0.16123037490680014
0.1554843613925441 0.18083004007963852
0.12072451475750204 0.13747395813836796
0.14019308310283138 0.1549952949875991
0.17869425167323938 0.20249177712841418
0.14638120836784266 0.16922261601407784
0.1699602684882302 0.20365668488088973
0.13041791355426235 0.15912962307886055
0.17150687747328802 0.19840398321561104
0.11780657774072141 0.14234692402011842
0.1536997218419698 0.1787105986636466
0.11704284042178101 0.14347447595181917
0.13039236539011226 0.1578906314608384
0.1694096498769035 0.18893982323444072
0.14382977235652297 0.17175387758152788
0.146988765373004 0.17636112360431172
0.12723458959818415 0.15038312984691313
0.1450162457734352 0.17081957976679574
0.16402147966774008 0.1879307225560326
0.15041916652508389 0.16823601766264598
0.1240400569607404 0.14731540783189082
0.16888538985121318 0.20356578017859245
0.12812765173590415 0.16002232546367443
0.11231630094244523 0.1321427518116933
0.15694318014847505 0.19141033421557985
0.13415074872005187 0.16266154266330088
0.135675888637087 0.16297342797225542
0.12510246901379743 0.1540338419506213
0.12146774317614542 0.15091925739211054
0.1672179743485481 0.19943947650637028
0.13510629158878057 0.15072887974202978
0.11982140538596571 0.14521085573435077
0.14349926075305106 0.1665836218611376
0.13474341034562656 0.15977443654067683
0.14466781441353666 0.17322409766830676
0.1063290143647581 0.131080326900493
0.2004576725842641 0.23091802762212818
0.1709048483516116 0.19707921890787725
0.18946602215220412 0.21216264255707817
0.19149321350903542 0.22528138182716115
0.18399061210986792 0.21228432665905156
0.13735456058321627 0.1685522383349567
0.1399821924982948 0.16580980023202732
0.16522504175893668 0.19925107677063283
0.12931486860900374 0.16146901958714915
0.12194082185537093 0.14468869994102676
0.129318612080957 0.15509117627745692
0.16250255638351782 0.1848569532821573
0.13089990977911883 0.15084775786659124
0.11671225741243903 0.14889856801330142
0.16290144553496683 0.19699874775104204
0.14338810767114246 0.164299200877385
0.1122002173660562 0.13624116737890485
0.1682259734884747 0.1981917828397311
0.12133515799064509 0.1434445444416494
0.19609762821110932 0.2197043138599806
0.1590559604410214 0.18860308424802122
0.11626665024263047 0.14094723769029718
0.18285724232120107 0.21672723386013149
0.1688437568613823 0.2066094387970438
0.14278037454549072 0.17462037926916885
0.1392945573242731 0.16637545255931474
0.13216009960038202 0.156271446108745
0.18476682052705348 0.21616390130203395
0.13882932915539622 0.16474298916660973
0.14947502812398225 0.1766008437010949
0.14331503931763487 0.17063457632702073
0.13151560693756367 0.1576823912811844
0.10558901083539993 0.1261767707589856
0.11329564237789787 0.14039940457390773
0.13623738672520214 0.16752835887482878
0.12239487501833332 0.1397311798955338
0.12226639948961518 0.14671218863230892
0.11602733631491498 0.1356340672308817
0.12718222417562286 0.15045068856626237
0.19468537157306 0.22101633898632211
0.1666223008586802 0.19620221466738597
0.13684184537595123 0.16932832252834787
0.1356179798007556 0.16721267292184314
0.12683757119558922 0.14249658304973611
0.1298916260591719 0.15978002891344129
0.13081345616844245 0.1527118513825784
0.14274197883902065 0.1663935515098563
0.14278760470730126 0.17103871937425105
0.1351653297163195 0.16361247012094635
0.13347113144379966 0.1629795619253912
0.1625612286715789 0.17970786076894454
0.1496514902410359 0.18270191161058164
0.09983124901551806 0.12288488443901996
0.13728707305022336 0.1637091139424673
0.12092803930392967 0.14646657855120998
0.1427122943525981 0.17282406893413993
0.1344161603776794 0.1603445381521377
0.15035694845399175 0.17626668412801236
0.12643392345792426 0.14330265785598617
0.18371438633446918 0.21481597164253127
0.14184293212384702 0.17246351613559363
0.15239817572884795 0.18136407787815903
0.1669271082111867 0.19242835894330043
0.1232861604340913 0.1527790143487699
0.16411767233251426 0.18894904979722388
0.12944921772023368 0.15778076138916275
0.18101021657769753 0.2112042942295341
0.1473421804368261 0.16652759820515553
0.14372954679579514 0.17229735532231022
0.14516014538272953 0.16454130185796842
0.14020091393627226 0.1670514750071277
0.13419778756141845 0.16123970603106055
0.13151380399619356 0.15867903482790427
0.1578052602682321 0.17550260913233592
0.1410405610248911 0.16776647257766408
0.10960789657807654 0.13670723177462787
0.12954193826173308 0.1493918696322336
0.1657580324891094 0.19556414928328858
0.1774742198968323 0.2112228006901539
0.14167827970527008 0.17797173182282733
0.12850401760851354 0.15599865871961072
0.1389567485292683 0.16026072892527224
0.15467875284304863 0.1793698635485134
0.13094851204188435 0.15673323424483018
0.1900475411989407 0.21287396419932475
0.18423907952330262 0.2099910799923685
0.16373302356205904 0.18878763407395774
0.13971806894131417 0.16905189627025807
0.15415973001283992 0.17887403256472323
0.15792677622666149 0.18957017114277178
0.1351795267494941 0.1636602875107396
0.20600503852968996 0.23954586737522285
0.1905540497147007 0.22193933401352384
0.17139095919954805 0.2120002799693526
0.11986944708415938 0.14814893003260807
0.14765996226939873 0.17467435572046794
0.16226881975009744 0.18329560130015848
0.15916000759382962 0.18692971091866453
0.19169541927961703 0.22380322201457847
0.15589320301092185 0.17708123088916083
0.1680880246867417 0.19132987728985754
0.13960187973495877 0.1690750327826896
0.1625178307588931 0.1867028908662706
0.1809002845171218 0.20956908156301898
0.1755875422514221 0.2070445357481113
0.1126024652434174 0.14523725714425698
0.1643956122302173 0.18798017469568468
0.14685230748024886 0.17590628301713454
0.14525050222674338 0.17773101712578332
0.13117689835120602 0.15938645280795344
0.1252059666790926 0.1527179660125519
0.1368948278854951 0.1533596180910915
0.14215385075973133 0.1592232031498482
0.15695748220347536 0.18088732130288046
0.13609332878059408 0.16405752380993627
0.10197581793525629 0.13383245570881472
0.18807691088692116 0.21425797352288298
0.14676215366549145 0.17961311168332614
0.2013562486997812 0.23304164530396104
0.17400745596973208 0.2056654815648379
0.1306111456466494 0.1553403588882587
0.10932909533720189 0.14132843207146362
0.1256930158092273 0.15186637804208747
0.1883458142202071 0.20844569162144658
0.17868486842593823 0.20951403851064485
0.15756400685274674 0.1835446924386019
0.14158980446068237 0.1665336301412781
0.20867239429700835 0.2358483392648387
0.13861688246486095 0.16296493998123082
0.13239219824982562 0.16039632811335372
0.1575624654686775 0.1806278400885396
0.12924443063864874 0.1592670410524319
0.1452446942481276 0.1642062557604034
0.14280787268453357 0.17393355801619956
0.2128864357364816 0.23561120014386924
0.14166778121676601 0.1674736745689071
0.10489253724481395 0.12901333957906944
0.16343358302664787 0.18625451373330015
0.12055757101579254 0.14224881976472342
0.21147562161595757 0.24337021715094925
0.15416086956427288 0.1754725417968291
0.15860738921340028 0.18827406266808464
0.17388857578411002 0.1943271199135302
0.16920590536399038 0.19583401475545215
0.14914763248582058 0.17355433342480328
0.18961574038354786 0.2180429163126508
0.1255614239512145 0.1503222697362535
0.18678532761189126 0.22188324509079055
0.15329462729682447 0.18202208004941553
0.14260160642075181 0.16816431140789936
0.13661852832243568 0.16283588660774892
0.21221701371496993 0.2427245892053295
0.16181412907589254 0.18920061007424838
0.14685140088599355 0.179925154999527
0.1773910830073451 0.19925078149833042
0.1349758255722757 0.15555281014541236
0.11478772533603665 0.14591497940914222
0.15877763808611367 0.18975480948633008
0.1260886372350562 0.15555068612139455
0.1477951666303974 0.1714951005434819
0.1355464406922211 0.16291793611975278
0.16132282526915323 0.194097582039917
0.12738628193017065 0.1560869710187519
0.11856772421339105 0.14506355640322818
0.18379183620083042 0.21399995094488325
0.13346987261500937 0.15909427152193548
0.17032254220975634 0.2010045923415475
0.18018425311229763 0.21337829532283212
0.14089747132795796 0.17269179127846862
0.13030395939989808 0.15149357565230448
0.1802020228953672 0.21210264776655172
0.13324783112474722 0.15881774294031087
0.1317902032675131 0.1610993495600463
0.19102421334463598 0.2162378447446949
0.1350369361264961 0.1608965443836168
0.20152216545970894 0.2323891026696785
0.12025864098257567 0.14451423031366664
0.1542777234425922 0.1817872423336279
0.13734382402106157 0.16468780632444857
0.16923649528176074 0.1950179830474109
0.13276934126369874 0.14860386303064427
0.1450043899902126 0.16773424875956588
0.18218741299591693 0.2115139550676041
0.12272192579570546 0.1525007930663962
0.14749301264435538 0.17298681358981516
0.13276117667960408 0.15169652519281518
0.1636138133607552 0.19884041485184106
0.1456681616124565 0.16825896738033366
0.14129607062709074 0.1638283328202176
0.17476891368544467 0.20118797146865677
0.16782623041825318 0.194737328257119
0.20543558434980436 0.23314382628249794
0.11572887854364951 0.13457699613614113
0.14591652944401615 0.1676897135159226
0.14153148814624816 0.1580409300050436
0.1993270875221187 0.22320571893388413
0.1539832901475396 0.18226160415311835
0.11496580735314435 0.13604340493216868
0.19201748903744872 0.21986444848351605
0.1707995951727582 0.20382983573837396
0.13708481052779728 0.16531638335805918
0.15731067365421805 0.18976619205069767
0.16774166174785968 0.1820099763752819
0.11897444369478775 0.14781642752558807
0.15051063263472933 0.18205413549598012
0.1764771102774423 0.2092433879821936
0.13650271177398388 0.1647808856663558
0.15414258903389785 0.1738994952728595
0.14146366845990016 0.16559789105374623
0.17558519955295904 0.1940197120526337
0.1364313390653498 0.16523635685682392
0.12666936640235388 0.15444573109950266
0.16038746536349108 0.18255167970193442
0.15403330894326234 0.17827649784455285
0.13154566632731973 0.15861530625602902
0.1236677399042025 0.1484781527066056
0.15954161667220024 0.18824128242626242
0.15042844343543144 0.18028632714036988
0.14104109157113345 0.1598098547383696
0.15501994525050347 0.18521628545770166
0.16688230177829236 0.1920273433894034
0.1295467348848333 0.15406299389919292
0.1961105249588956 0.227999874753559
0.17220891980771968 0.1922183018303326
0.15189748335917228 0.18267648377978787
0.12745241399834137 0.14810430834594765
0.1617527508370911 0.18576018989421997
0.13011544995388344 0.15595791248204297
0.13731070446021712 0.16262888679279405
0.18166673604483893 0.19811978331122132
0.11518558731023595 0.13981634004181875
0.17410539606189818 0.2030643765611842
0.18300152794424676 0.20647178244165282
0.16221288376549775 0.1960579724459008
0.22176046247501166 0.2541690644102753
0.20303964861250762 0.23452886036825843
0.12384042661262291 0.14767412192812024
0.15313521575895264 0.1775008700106724
0.15172202916817987 0.17555457865956425
0.17092824902180118 0.1985857833465218
0.1853253321771728 0.21326889005686017
0.1403089450046182 0.16232418801656254
0.15397215837742023 0.1926280424416215
0.15851601536833193 0.18259362834896875
0.1267874720692134 0.1512423932542276
0.12823918947533655 0.14900610872307485
0.16012926562689098 0.1815256286435785
0.16470298121387092 0.19121793497887937
0.16984633130186189 0.1987062421782876
0.14140260150319073 0.16898235341823212
0.13168112336446355 0.1576956126507569
0.19858684543815514 0.2291605406972355
0.1501737501510261 0.17991464319329803
0.12043050831325697 0.14088567026241366
0.1706595097992451 0.19136406582265056
0.14137775460855256 0.17386865860148526
0.15354577498194807 0.17484547174252552
0.12325418011743573 0.15262232866638153
0.14194967376710607 0.16489927961428924
0.16944259860118027 0.20609188313632354
0.1725299090848151 0.19710420955713825
0.14440461860443374 0.17338045214870598
0.09989783397212687 0.13758363156113262
0.1480541768537349 0.17878744300914534
0.13359122485994063 0.15849909466373227
0.1372377804950146 0.1632369337034704
0.12150754934203617 0.14384788872239407
0.09612882875944573 0.12137291447778821
0.19309274923345895 0.22059511090910766
0.1553746449004832 0.18122423265594284
0.1524370717700678 0.17192688628693703
0.16849770171928924 0.19709015196784546
0.18699182137927806 0.20377893899824762
0.14662648646931806 0.17925520103795264
0.1845969485676695 0.20516908060390815
0.11252446926932548 0.13139202730237876
0.19842562617529624 0.2290682867034492
0.13677151177882466 0.16124697478977262
0.1414260114991477 0.1693819122201851
0.13628380846502605 0.15997626350627736
0.14476835626537746 0.17412228295825802
0.15463122597050172 0.18137639574376047
0.15454978187825988 0.17886523125819287
0.1649972038363048 0.19876606971834718
0.12809438617933 0.14560209805667806
0.1608201158462544 0.1886878907567851
0.13620667119826613 0.15900555800498395
0.15964306939752584 0.19043143799957288
0.18618457797398677 0.22218220768472086
0.14898383953796399 0.17513267978556066
0.13411945240085132 0.161716879950051
0.15557097495800765 0.17922924534352713
0.11892680275420305 0.1466222310073215
0.1395108578730557 0.1660068670279644
0.1628843900971608 0.1939389033451047
0.1520097332683789 0.17872432191527063
0.17946745057549876 0.2090349934348256
0.15054258877187693 0.177669326765163
0.15291046210651654 0.18382232312896565
0.13807181441019267 0.16676777112474803
0.13496921049123795 0.17002393653370595
0.1385608115122567 0.16353145046987103
0.1938443302529698 0.2188462711368721
0.1583248674521872 0.1876716070528643
0.14142532414942235 0.1623798472333385
0.12735774964297694 0.15231583406044816
0.16306856779139428 0.19237237203621874
0.14833700577670514 0.17166054030689368
0.1693815179115678 0.20318149797515975
0.15807734822859396 0.18064330903678283
0.18903334571847574 0.21187342989024008
0.11169314006052489 0.12980308493295986
0.14817158954259585 0.17000295025741555
0.15829145854980523 0.18964588763733284
0.11891357470229498 0.14633207038444104
0.1654955906358503 0.19019651944055338
0.17157360341949593 0.2018731900450882
0.1248863103624158 0.15249901657086248
0.11339455478291056 0.1413880916937636
0.16374637616564547 0.1895366555518045
0.1411685080791986 0.17562636550230726
0.16592977592572233 0.19919407401611558
0.14184364955216724 0.16823124770836098
0.1692611668102851 0.1995343769169482
0.1354154876817236 0.1482362370030364
