0.28476770690710296 0.2983394038322781
0.27913404771854233 0.28531327071199486
0.2829945036622664 0.2962624139805196
0.27627165091538775 0.2873471049620215
0.2650556441816236 0.2808908982354721
0.2955825503436479 0.30508550475124085
0.2722340518180219 0.28222659038229636
0.2658673963737754 0.2759029705129593
0.279287676432463 0.2842440644793068
0.2804809549185727 0.29121619896863343
0.2720997817964545 0.28792646303639824
0.256625642930793 0.2744492244136051
0.2576816528838155 0.27312671717205594
0.2746407571300485 0.28095694988059017
0.26049680506163314 0.27290501282276625
0.26930507045651825 0.2817853039579647
0.27065553864295 0.28279357616980894
0.2589490229957374 0.27113049287916663
0.25710786597173596 0.26945526367622813
0.2547028874707541 0.26934331902417546
0.25834945387756697 0.27213016595615336
0.28223354229890435 0.2928174508146821
0.2672376057892742 0.27996047510039634
0.28332371198290773 0.2920369503171785
0.2530797700606064 0.2657528608831351
0.2738134186573514 0.2834648173598312
0.2806482464728767 0.2894092126973964
0.2683400652642464 0.276368786948382
0.2715151330259153 0.27846643445697555
0.25652000953151866 0.2603704385942938
0.25447018489551604 0.2588438021354716
0.26929678220848674 0.2797348475526572
0.27479921726241147 0.28446787055483497
0.25532562246590357 0.2689479543039356
0.277773662573325 0.28375661905941946
0.2823394140493213 0.2914832913769762
0.24877593400544545 0.2581598409784297
0.27811273594384045 0.29218282936484813
0.28019779285561847 0.2894746373522567
0.27190834630697003 0.27628083225923583
0.278755540713256 0.2882585179678986
0.27224114008721856 0.28180820927697947
0.26391488881701103 0.27093139731888094
0.27541313886040936 0.28537599286886417
0.2790608455880855 0.2826551946421494
0.25839489913569613 0.27059518751810524
0.27126253972850295 0.28822210359144457
0.2706929385102876 0.27877535728183234
0.2686641768449596 0.27734832450340297
0.2767787147716013 0.28748389572742183
0.2716813627559787 0.2862306731841838
0.2801430662081111 0.2856870758428879
0.26262119997665634 0.27243727009271274
0.27516124322439356 0.28379257597344604
0.2916301965934118 0.3073848397611218
0.2799333827482619 0.29208166972923466
0.2675664891500721 0.2734215053425907
0.26322715542179653 0.27415160189221893
0.27158564389373946 0.28076973147113626
0.2745951619691717 0.28094397305994623
0.2717218544164993 0.2796304763754093
0.2728416334742122 0.27994921883656404
0.2821948227994862 0.288258913709692
0.26103458059806817 0.2681259044010985
0.291595302841705 0.29781940944226387
0.2704973754370315 0.280638086565056
0.28036314645289623 0.2877807036336766
0.2658597839995053 0.2748767800511839
0.2717630598441063 0.2856768107343222
0.27673100270424184 0.28196039720073623
0.2939325690862859 0.3070068295546603
0.2607375253936773 0.26664076607327364
0.26214957985730575 0.2689077062880331
0.2771701590229652 0.28624936410504676
0.26690959071644804 0.28268419737146777
0.26882726964891274 0.27651522877726964
0.25597307179258527 0.2684700631133672
0.2840224477059355 0.2912557206022703
0.27081480636448835 0.28542892962723476
0.277160139465889 0.2832315120020202
0.26957201356263066 0.28111346936458104
0.264864620392037 0.2737827160375826
0.2597123275161748 0.26680136876583854
0.30450857563419015 0.3153799188911849
0.2668345293039286 0.27713415234092853
0.267207492694672 0.2741607175330314
0.2869763240046322 0.29506429518648286
0.2649638563837172 0.27612609705064445
0.276560707261563 0.2862648701048946
0.2683406781140439 0.2758831152702536
0.2662546186091798 0.27537647150418193
0.25421317389760545 0.2644858229188799
0.2558352735448075 0.2583034332327369
0.2754972538194344 0.27864314918868
0.2745131612904148 0.28120273732798007
0.26902111211086827 0.27470200599126043
0.2886154448229872 0.29879611729999184
0.27762050456547127 0.2833877411244807
0.28420795241945324 0.2924513035922266
0.27447165183587424 0.2911075016119515
0.27531572508642566 0.2907421554256375
0.2691035823678352 0.28151998849076854
0.29446120280277727 0.30653893680676453
0.260918792844422 0.2628947208209402
0.2528953905629362 0.2660763847502778
0.25865108733496717 0.27218829552869417
0.2753991694919879 0.283759672989828
0.2666634982339816 0.2746904835180315
0.27789719377288163 0.2909334589364078
0.2755718982444911 0.28018003300214583
0.26001758947634246 0.27514720135404425
0.2618710625194042 0.2695167397938545
0.2802650071556188 0.2872823357341335
0.26973484915240065 0.2810571610442179
0.2898967978342215 0.29740065813029054
0.27960573835524183 0.28825061987740347
0.28165234869606204 0.2931548799105635
0.2743271184036468 0.28832193819444507
0.28324383300284717 0.293313528152697
0.255444964102354 0.2648792421904667
0.29156679905723104 0.30299599505545904
0.28665210510189243 0.2955435652190144
0.2668460532208138 0.27680814183746233
0.27644147650992135 0.2820202786934733
0.28467442228607776 0.29370804762605635
0.28490501721325384 0.29509948956552606
0.25106943578891733 0.26101924709958646
0.2632535110971286 0.27190787453930154
0.2707183457149189 0.2834466398951696
0.267867235039709 0.281379201273177
0.2762516541741608 0.28157046175508493
0.276012316316847 0.2860849482100237
0.25640736747978377 0.2647645444700003
0.2621436532800543 0.27466252466382685
0.2643136549075002 0.27771167003966535
0.2891785039101484 0.29899080446084125
0.27097561254979835 0.2829773492082013
0.278571756843833 0.29142266189468635
0.27937558873251 0.2877127410413446
0.27036134040083293 0.2784290095892668
0.27503468818829585 0.28548456206419276
0.2862955992691591 0.30147267745181516
0.26518226697138697 0.269014461728833
0.2804258501608218 0.29392124298058003
0.27175835233480394 0.28014543193552016
0.2804613678958348 0.2923524568712806
0.2563843439927187 0.26474688291451676
0.2414405574049742 0.25646594032748654
0.2831854672854297 0.2920079830166943
0.2611747448710694 0.2691420015112574
0.27618489154704745 0.29082187178972474
0.26915120628908307 0.28449345649515295
0.2732606374830131 0.2844792067740299
0.2690683912321484 0.28052362422284277
0.2735505609814017 0.2732105609560602
0.2771847049575623 0.2841245773876619
0.27195659960167223 0.2786917627029042
0.2727920769845225 0.2847574898550013
0.26266209779145683 0.2749340995734036
0.2661673469565047 0.2755594431879576
0.2740226463729103 0.28035875165748253
0.27459370001830224 0.2841737569558108
0.24795281048001405 0.25753733304674
0.26192394383864587 0.2720843447745824
0.2605887271486527 0.26988837975256585
0.26677064675592443 0.2763335389862544
0.26861171934892586 0.28226487665664496
0.27671120001617516 0.2870750731949319
0.27573192594880586 0.283524722394467
0.2784275612931639 0.2895840372458591
0.2724195716819947 0.28557730358948763
0.2551116878364107 0.26856920788707095
0.273944404796761 0.28404649565936146
0.28644211290196486 0.2957859125016223
0.2764431789592554 0.2868197220014241
0.26252298241567545 0.27435876642483553
0.2741838954005632 0.29089465390185826
0.27359812681912865 0.27990455037751144
0.28339834823600485 0.29585344515935874
0.25464454753840743 0.2627529748599343
0.2766521992614187 0.2910866209141517
0.26506292359876654 0.2744717338554072
0.271752852877198 0.28062083028375573
0.2783684812489945 0.29010557202329
0.26905347125201107 0.28274301126386975
0.27483030581449747 0.2824884092679502
0.2679990987637596 0.28139352886227154
0.2945016620891311 0.30378847327373576
0.27382985587385694 0.28720898199383904
0.268498254200762 0.2823595802968812
0.2939329189948357 0.30307227600301356
0.2904694388522679 0.30266264111512253
0.2646277884038369 0.2783581731411029
0.2651302418757667 0.27085530962724585
0.2798082189012366 0.2836356479795468
0.2724875668309193 0.2833881714951091
0.2953769334052658 0.30611399156917507
0.27832858929209525 0.28962813668071347
0.27146540776796363 0.28278226247771604
0.27906586474168094 0.288712771886192
0.2923902150529949 0.30017194329095626
0.2755458375010525 0.28497575275362075
0.26738978232284244 0.28573864712861563
0.26788471316150064 0.2804215201716925
0.27537784470580645 0.28108897636872066
0.25087563129870233 0.264403056742377
0.27443643866613604 0.28388022761739445
0.2910720837732308 0.2986507807514565
0.27555826991849197 0.28593941971900966
0.2939975781014213 0.30920775589756994
0.2788283045206504 0.28944737068306003
0.2774787686907339 0.28772574594506267
0.2606428794895423 0.2656393550877447
0.2844582711140278 0.29634396483166014
0.29003830342209574 0.2982241711187877
0.2796436548861037 0.290278318738685
0.2713564901591474 0.27776867801227917
0.2639500276383535 0.2688100180246895
0.28219599012387575 0.2936763994397148
0.27134732288936453 0.27779424986372003
0.263485185112794 0.2775627696611871
0.27212941144160113 0.2823423238839901
0.28323648706201615 0.29293335692784794
0.278732557449673 0.28644987819438317
0.2764705403809057 0.28630390390327193
0.2657812405517998 0.2749340571324236
0.27203347505669667 0.2846402536312716
0.2520915166693015 0.2589009925035766
0.2829353128038737 0.28980646416125655
0.2691582986023966 0.2824818564252944
0.2750039746418337 0.28548329914010356
0.2808649048135676 0.2875658240865255
0.26262115604758773 0.26459841223680297
0.29925007109658347 0.3121898734361846
0.300671739628098 0.30645936330998197
0.2855504425542698 0.29439024488732085
0.2770254829640761 0.28322975929570826
0.2593520399029585 0.27207092952491596
0.2693328408483753 0.2776023688358685
0.2553813210966893 0.27421960998481637
0.27875408952066644 0.2875204452131263
0.27148802966504765 0.2792104242610177
0.28037016396458736 0.2902011139167286
0.25907518468216706 0.2721910958774012
0.2775234012636987 0.2874008516915213
0.27182731288543305 0.2811201345165837
0.2711694428983841 0.28069412359501295
0.3073529522218441 0.31524084818013665
0.29211084231280227 0.30367777681275376
0.268347210835661 0.27637608962399807
0.26645465172268795 0.2791577101689392
0.2641218591622347 0.2760805991569701
0.2831430868171213 0.28700731791215894
0.26282530495581113 0.27478755730383
0.2658316447143786 0.28139415635620746
0.26538787334161296 0.2732583826612733
0.2596053304720826 0.2736470605171796
0.26403700145097 0.2765522444586356
0.2657248423844026 0.27432446554076084
0.26683573811394345 0.2764343796359913
0.2614311863242766 0.26724205942174006
0.271965234480402 0.28887874435694433
0.26779338050088936 0.27362967913980635
0.28405339981857924 0.29377156729622333
0.2830976313257875 0.2935066598640675
0.26559312678108604 0.27263393545125186
0.2560890949072108 0.26280081296036045
0.2733788792137816 0.2886977864306298
0.27130505681404504 0.2843297268570285
0.27211066253988586 0.28040647304682675
0.264068000902214 0.27079186134632793
0.2805581742283645 0.2875398204439658
0.2500522307744432 0.26261924877545334
0.2783539166726574 0.2873863253643971
0.2606840795603046 0.2732661309423279
0.27548988289309323 0.28613951421535627
0.27401156429891443 0.2816993591682439
0.274448341767077 0.28774762584701263
0.2649870167650451 0.27529478624537684
0.2506921538317823 0.26144628589138097
0.2694607531838517 0.28447922686306365
0.2608367581819743 0.2716905717707349
0.27759454233317166 0.2932028647520128
0.2827030667070868 0.2929999656011901
0.2715581528522449 0.27978005581701976
0.28661992358172594 0.2982057003569366
0.2670923027849472 0.27953006198963476
0.27534088123443134 0.28352746602339784
0.27529743527597533 0.28699819143331246
0.27241499520694384 0.285131765202997
0.25415188782906745 0.26036140487412723
0.26651577400994236 0.27680162808900105
0.26343166115939404 0.27814789110025423
0.272416855016492 0.28132139638726933
0.28046304335826283 0.2949073881121704
0.24983691488948417 0.26075190165002465
0.25360969629469976 0.2681124806408692
0.2700580329191394 0.27442277591220576
0.28657716761476126 0.29759942755833585
0.2822305706631014 0.292728635152022
0.2535844903316265 0.2628388277703995
0.2723543315955375 0.28447525766962295
0.26751208079718464 0.27330263370100966
0.26931804803881276 0.2782331043617046
0.2706342067305039 0.2829797604768622
0.2791185787398307 0.28879840176869787
0.2576446712545459 0.2706138822721527
0.29118317530333865 0.2984903893068508
0.2548796871877537 0.26698510639327955
0.26337438924658035 0.2765870007841936
0.26183410951362207 0.26941883234923136
0.26086350808379055 0.27255657228852165
0.26239388448006523 0.2699902208444573
0.28269883536285456 0.2901285513370817
0.26580491682235136 0.2727971976926786
0.2726053872754511 0.28423015705624594
0.2687709667349905 0.2790042107281311
0.2718216099291288 0.2798409476540617
0.2677617213673243 0.27600913262727134
0.2726100124857336 0.27904845823254903
0.2795690825270506 0.2839694837680714
0.27007105083859073 0.2836673658186758
0.2641078496730443 0.27326977526949775
0.26740374205185946 0.27978745066315236
0.2742654353027925 0.2854124791295643
0.2854537408544703 0.2920660190324666
0.24962677723613774 0.26309642277611694
0.28055214770301895 0.28950489605139973
0.27855530030024855 0.2908135271753076
0.2636439726584226 0.27329807139451556
0.269075934575457 0.2735080140403757
0.2642258597004368 0.2688332012139736
0.2721676500843772 0.28530668404305964
0.27720960250145205 0.2869544953917823
0.2686442346456641 0.28043185348280897
0.26625548030628265 0.27920614092588575
0.2791721998073158 0.29079641614878804
0.27708825786867114 0.28277013468385864
0.25993845814193 0.2760707997894878
0.2672116781642055 0.27050933021101425
0.27464954775540673 0.28215231458092277
0.25416407182303435 0.2627694600203851
0.2718249913220538 0.2771639292083407
0.2707530416500122 0.28333496841724154
0.2721482182417853 0.28293315016936305
0.28977535877961996 0.2939489379701749
0.27398739915975256 0.2827914420361616
0.2614755075245525 0.27250247395069954
0.2704367976433953 0.2801355326295862
0.287729447766373 0.29660685750066906
0.26919398915433895 0.27383658966119356
0.26216989952196046 0.2749864613073025
0.27783943253359594 0.2891412372130498
0.2797074716569867 0.2914492915832743
0.26425561414135007 0.2742033732883268
0.2892969612344858 0.2980432600776854
0.2637846218684454 0.2709549015201097
0.27639268347119583 0.29476046148187984
0.26537849932882823 0.2696301889807086
0.26475778941705674 0.2783625490063795
0.28512049960247227 0.28823905559161467
0.27169427035553306 0.2843893835317247
0.2520657789573772 0.2617771605624349
0.2584255802768836 0.2717549985066835
0.26425173523423146 0.27224592023344646
0.2758450934057928 0.28993764943313477
0.2663418029081807 0.27490868889778347
0.2763417465174145 0.28018622946827404
0.2824740116293972 0.29235421101845804
0.2869375941646069 0.300497255478416
0.2866170784690053 0.29654036130191264
0.26787322085304727 0.27373618706491604
0.2823632046225469 0.29628246723654766
0.2706470446336719 0.27914486638911223
0.27532149132329525 0.2809717953310406
0.2770662062294282 0.28603480114524094
0.28455357526015834 0.293560357379643
0.26949070357000726 0.28077808584603986
0.28696950937938087 0.29696256153648065
0.2858841651163741 0.29449071267267257
0.26828639659977566 0.2794446052680012
0.25902438836247477 0.2711707872506713
0.28101257687864173 0.28509468867093635
0.29037231231225463 0.3046103442604289
0.28346470578437327 0.29778997326090645
0.2853941815173152 0.29442704990840124
0.27591187963704994 0.28586529694662377
0.26060681377039474 0.2758965968485788
0.2865931204426147 0.2950867505101973
0.2589486197250639 0.2682081161825354
0.2831346934511688 0.29361633176863844
0.28132403241813453 0.2909585454247035
0.26398456183991775 0.27420516970145414
0.2569514770866864 0.2661717087480388
0.26000204401743565 0.2734051573770992
0.2739856180896312 0.28865901332849125
0.2635331394307972 0.2719801721716303
0.26369218583420095 0.27740241572566393
0.27736078397560543 0.28726559653594214
0.27033505395587526 0.2793331505569286
