0.16381057173662847 0.17388098303511126
0.1587666836219826 0.1613673448195914
0.16553728790354827 0.1769428635674169
0.16645183123742696 0.17535978558141663
0.15279748056182774 0.1640314333927026
0.17542607207976957 0.1799274724508128
0.14878140535008139 0.1570144323605275
0.12892328508444087 0.13629491263833743
0.1508532166412042 0.15720538176556076
0.1533509440188128 0.16354085743398966
0.15416268566969 0.16757112430939483
0.12276043939103858 0.13597620699859958
0.12541797453769735 0.13347189798033218
0.14897562608532108 0.15608771144186898
0.1267296604938198 0.13723796161153823
0.1473982210312425 0.15605414656878924
0.14270182478862672 0.15012175940419845
0.12260971316311185 0.13188848083955212
0.12790430694180413 0.14056771657629766
0.11952922053780714 0.12929379316533154
0.13084330875684663 0.13891258035942095
0.1748723183127471 0.18348752427073298
0.14981468069386666 0.15797529017568318
0.1566372616956786 0.1623320302337404
0.12582217340203075 0.1375640587455959
0.14716641593912363 0.15486399031216994
0.1488755405971015 0.15212108327829102
0.14319185891983388 0.1505758335741309
0.14428778981387075 0.1495551850707603
0.1102302745429852 0.11620322311931906
0.12690998528656966 0.13169203815100694
0.1446720373775289 0.1522199596892488
0.14794674255713947 0.15629792874312443
0.122680267666857 0.1322507647831084
0.14865891180224514 0.15216613604449006
0.1753750857907218 0.18420818472129774
0.11254993983519197 0.12223820787214773
0.16234768906981734 0.17399263050356978
0.1593206727721117 0.16439875304602766
0.12787518466752837 0.13551699478573753
0.14755382557848076 0.15645528286120722
0.13783281147384874 0.14910461159118807
0.12651613412471968 0.133685573782536
0.15997622929895172 0.1714108589372807
0.16589889252454001 0.16988963711818478
0.1310590007944038 0.13730620211837893
0.14254854187041985 0.15253142252171356
0.15759984419487974 0.16478762333288474
0.13683168866818812 0.14268487804091848
0.15558370512802647 0.16189467477307493
0.15667780426503147 0.1682203623371811
0.1695173129164409 0.1735361169375541
0.13853113199713513 0.14817427946137438
0.14302461081920267 0.15170574804437753
0.18703506205916404 0.19923731081774243
0.15329983237589745 0.16222075953729745
0.13889612927199027 0.14461676625308856
0.12712253061978193 0.13536259170425002
0.15392974840772236 0.16499871870741378
0.1473104517760582 0.1520934934967105
0.14733918000175508 0.15579405295099857
0.14485242292081743 0.14888090063734682
0.15363864200475041 0.1564960616691244
0.13833606591210246 0.14172598636091854
0.16635593035697588 0.17228562091408406
0.15022807130994933 0.15703053272452086
0.16884549965959644 0.17410019103765761
0.14289908736435938 0.14887544501583896
0.15195730910261662 0.1618765045740679
0.14596482308319658 0.14990682046405954
0.17282942490093256 0.18320654258433064
0.11949996153715606 0.1229118451660672
0.12260618232083317 0.1324471438488651
0.15481902372318804 0.16071473922081636
0.14954790870207418 0.15960964129117747
0.13976448261915211 0.1458749612265378
0.13044655982829836 0.13717858696958496
0.1564007612587086 0.16386131793541633
0.16384949090423181 0.17469999519929308
0.1576010329926811 0.16116140973762472
0.14480455633378042 0.15631037473192064
0.13197458863849118 0.13704302305234214
0.13740832205859677 0.1419272047923036
0.19776308308801388 0.20558491968723414
0.14487172159335182 0.15176997855203544
0.14478158287281287 0.1534234864531521
0.16884591790170533 0.17773231552279503
0.12334818918367382 0.13058349505888914
0.13523915600849915 0.14394812012278724
0.1445112111443215 0.15141938296635618
0.14990138362452798 0.1527408606215293
0.12818139489392158 0.13751097200672147
0.13141633446914994 0.13413299676821344
0.1388998973320457 0.14559822036375214
0.15742640370224403 0.16595737429313004
0.13602809157849421 0.14356782956124461
0.15737442983167296 0.1686152642145118
0.15965316395754947 0.16665701649045914
0.1774307944852692 0.18392972004382382
0.16347856917911363 0.17417944584430742
0.13266742715039703 0.14467264490431622
0.1464142441948035 0.1581273695339821
0.16707297790978876 0.1763157258751104
0.13029667707199963 0.13233651078117303
0.11360255905479567 0.1232368923505633
0.14018250309565858 0.15058091028213832
0.15021539546182575 0.15872438598922556
0.15759493809895286 0.16492562776226039
0.15441527927099588 0.1652466984544999
0.15345244366411373 0.15866463631045988
0.12984618343439697 0.1409655501951905
0.12821897118511208 0.13562337604052582
0.16358200283528176 0.16793134200513196
0.1322690053032999 0.14255128835366568
0.16448496237711496 0.17456381975763985
0.15787239379912826 0.16508556685700185
0.1681759957213976 0.17702707183945096
0.15155601687612047 0.16227320479802992
0.15744079396982194 0.1634508213905828
0.1262526233053419 0.13477530232716578
0.18119273801832475 0.1911414754024627
0.15566803594749828 0.16064889919995423
0.13816094618735597 0.14742093892973707
0.15158022913023517 0.1551279798364289
0.1902574513968256 0.19434690831806936
0.17276542751577986 0.17632613104886202
0.11723358904388925 0.12696530073456766
0.13475363945369415 0.14196986167670175
0.13911905580828046 0.15076909641790762
0.15273617210447304 0.1599741555076783
0.14396146777296148 0.14991933366037027
0.14591756025658986 0.15511698008991773
0.1327843178122057 0.13968930222535844
0.14140590682480958 0.14822659077232433
0.12663322045796502 0.14108315440652086
0.19215105812807678 0.19985083504810128
0.14741924962748812 0.15845868251805356
0.172925369491321 0.18481442440028076
0.15278006767104643 0.16264681231584657
0.13309034789242166 0.14337907703538116
0.14475607103770743 0.1529577264856017
0.17504954510562987 0.1839334516529829
0.1336985977745827 0.13633711368197515
0.1559129068945857 0.1686686865736157
0.1546525030543533 0.1596328139866184
0.16408798888865225 0.16826821496404923
0.11958508539768807 0.12989054285171897
0.10913726633990202 0.11973813021379691
0.159738238313368 0.16830617544757379
0.13417950541696455 0.1367858761323252
0.14016259572829587 0.1515936499919086
0.14602828361763662 0.1566675847170767
0.15673833478224825 0.1640676476640649
0.1427339005722242 0.15155591664524268
0.13760343288545987 0.13699534560132207
0.16388707152879525 0.1655988592047918
0.13606412787338606 0.1410325372395048
0.13727533676887554 0.1471892583897108
0.13804998241657335 0.14878130850668755
0.14046258435216608 0.14851116196450467
0.1461134055410379 0.15214143520071235
0.1618218423370169 0.17056540312657448
0.10952361525410266 0.11818341570446803
0.1260026147817397 0.13693249897535698
0.1294463410012657 0.1362282738234916
0.13243759081554068 0.1382718389625133
0.15050032084317458 0.16222719135197122
0.15279788793103935 0.161878345355179
0.1526014457168393 0.1606790224157838
0.1456787252407544 0.15719052889207394
0.14204341846406726 0.15567788141211583
0.13780049944211978 0.1455409282035975
0.1450192872561056 0.15016070539977594
0.1745697492238393 0.18064232880557052
0.1576034902799059 0.15893503739849235
0.12108885179574744 0.130789929924521
0.15950640287560244 0.17252204180438932
0.16055839782640302 0.16667447683874587
0.17082823619102575 0.18037828196395334
0.1211261550656458 0.12862585655541794
0.13813406637550552 0.149808052609153
0.1331921006436294 0.1390829028257001
0.13958140345460066 0.15020443675853123
0.15890788350231272 0.16626271208637716
0.13674923993854687 0.1484469898573875
0.13689714154630955 0.14574916596853787
0.15377781271902988 0.163262717917
0.1859780837648837 0.19475355085977614
0.16011541996368345 0.1667327476903241
0.14012323923132614 0.15386839701635474
0.19138680838995734 0.19963320000286836
0.1593940498175511 0.17169615942852576
0.15383168703662659 0.16061818563739355
0.14024896430489167 0.14709448793929392
0.1515644779174995 0.15255349660429643
0.1314301479321987 0.14007482680986724
0.19222919632595833 0.2014708456960902
0.1573505794630184 0.16352706448109308
0.14545935079611574 0.15456399490109715
0.15784994717426606 0.16569519352098874
0.16024167166405973 0.16516749269401154
0.15096783431456096 0.1594891452447038
0.13815074821135054 0.15250559550490048
0.14873034998755127 0.1568361153586805
0.15427568581923545 0.1575189932065935
0.12679989560799612 0.13417534014931776
0.16125217893815882 0.167380844734883
0.17658056421153442 0.18278814986783765
0.16842053324833306 0.17624976440800666
0.17866205794171716 0.18923786957652594
0.14546231694055098 0.1553230470604867
0.15989339124859517 0.16654500351347717
0.1324940898967026 0.13686684517174472
0.16535679481963425 0.1776293035481852
0.17366853877056176 0.1779871745314816
0.15837983175097886 0.16655895761577452
0.1391048684047705 0.14384496398084173
0.13554177534716785 0.1383190062728388
0.1718970593832196 0.18005360958711572
0.13857299887477606 0.142935508735258
0.13450845979538747 0.1444557711610048
0.14863054564058503 0.15826820076761938
0.1429702440942869 0.15376625695203952
0.15821296967373782 0.16156057814005423
0.15076766880192108 0.15739886554363014
0.14104878318127045 0.14784691264559333
0.143553674011852 0.1533669094451678
0.12993440418265575 0.1388327391660917
0.16437495819924314 0.1707449784217707
0.1429218382383201 0.15650000655408855
0.13966229200364913 0.1474560923279897
0.152932978788228 0.160375899208152
0.1316636976017207 0.13709245100999481
0.19340719222261998 0.2034143706738719
0.16784838385203096 0.17387894825616634
0.17251073311460555 0.183178847051455
0.15004429438949446 0.15353599524944805
0.12497126244143866 0.13688978705027122
0.13701813295092952 0.1454959923521704
0.13004448304329663 0.14238268225474537
0.16197003241572103 0.16907229717467387
0.14391942150050982 0.14970573299779513
0.16593276812748847 0.17281403780302396
0.12167328109033967 0.1321897148176823
0.14995745593910503 0.15881186187660487
0.14037434076762123 0.14876406739240985
0.14222785363387483 0.15235662906673525
0.1900653775828874 0.19595108646512313
0.1548440466447114 0.16463979240145235
0.16889122618249283 0.17574880099398116
0.1377732300693558 0.14774780628375692
0.13312716614364192 0.1462426268802155
0.17170275895175244 0.17123372706719173
0.1267938960579106 0.13810189738764947
0.14348249546215244 0.15264577987908517
0.1501989961476914 0.15630606600730612
0.1464525924293314 0.15827784748382917
0.13516363140594498 0.1450813961703588
0.13790126207665113 0.1457172667195356
0.1405012517468622 0.14667946056927125
0.1419876186739749 0.14663779462784648
0.1609014146569901 0.16961220887793432
0.13813430731394882 0.1420296699167073
0.15816162796538105 0.1631971346050055
0.15360723550678299 0.16215084350323927
0.1370582465233795 0.14417986401373256
0.11844683099931695 0.12497429525217431
0.14809001067479405 0.15921149859926018
0.14789258186025767 0.15871157806854233
0.14071898740162694 0.14708394593678956
0.1366117458486473 0.1419979436745996
0.18456256255317893 0.1873816865681862
0.12846922478760991 0.13549270699964613
0.16628079009015934 0.17356647284851204
0.13764685513375438 0.1473833762659
0.17806151343320667 0.18369283737328634
0.14880511177663605 0.15458768945470677
0.16660520272076748 0.17554518798782281
0.13422303595648935 0.14236108957489252
0.1227268302377318 0.13274059674498057
0.13288040886926006 0.14581968181173302
0.13874562165319146 0.14713545958200816
0.15828210973112403 0.17002337736381337
0.1797798512836426 0.1909599815735117
0.15869159994780227 0.16759276784089971
0.15799767996350508 0.16626288436976117
0.14542579798861352 0.1543160505862254
0.15393798861137706 0.15861223147288805
0.14902996894688553 0.15832211614263184
0.14808670546152305 0.15615936675688227
0.11485501324125569 0.12024099107153266
0.12040578878871101 0.13236238468042127
0.13240950200004312 0.141925389157416
0.13871832449553967 0.14600565610691266
0.1701619103124191 0.1767853421043975
0.11001629588151203 0.12062942900083487
0.14256779332405903 0.1536957353680824
0.1499941059127735 0.15292966146327525
0.168389662764039 0.18078945984740966
0.17020770117335765 0.17551032915035808
0.1204993462236421 0.13027528233328284
0.1465894298475218 0.156406193066599
0.1434025447466688 0.1474503123815045
0.13928581149299282 0.1470044046593001
0.14439418800638715 0.15553584052475966
0.15715912073591434 0.1646608945123304
0.1265527508519362 0.13568193515795837
0.16865957888263597 0.1740489910216921
0.13219968722367006 0.14323987112672437
0.1400429814371877 0.15106959605310197
0.13998453427508317 0.14489023740346124
0.13632468203994763 0.14659731648620292
0.13743621333264464 0.14168511752383622
0.17259350546573324 0.18054117072408887
0.13940529353372114 0.14435458901048726
0.1463165105191507 0.15427230990593604
0.1492636542871776 0.1598198196674011
0.1459452542261814 0.15698996934659556
0.14085038421891277 0.14391817099841495
0.14652297424165575 0.15000581739208646
0.1516149429592864 0.15565427050755418
0.15130875057879287 0.15851721006664798
0.1295952691436511 0.13783737194764348
0.13582786162397492 0.14522595058857582
0.14320351238992202 0.151917990217423
0.15432724311679147 0.1593282560927047
0.11159272200895169 0.1211569897294019
0.1671116863917398 0.1699028841048834
0.16364251206160813 0.17349989437839763
0.12318706063170214 0.1346753039088546
0.1353223860548865 0.14323248087647117
0.1326235253203322 0.13699058710630518
0.15099748741687116 0.16159103191406501
0.14162902166346547 0.14976049341806513
0.15298633323765806 0.15980255096406798
0.13068117872247784 0.1426276681194473
0.14749580277893207 0.16109470509720364
0.16679805391136046 0.1703100454957571
0.14545998692709183 0.15873834114038873
0.14023211752399684 0.14488379078398728
0.13942174998532872 0.14678888798475423
0.11959281866310753 0.1280267682177249
0.1394152756571047 0.1470782638863272
0.15214578717388688 0.16165052866409793
0.14854780802097498 0.15508502436820035
0.1861332263510804 0.18845012554066998
0.149347829558947 0.1565846705995613
0.16206909483998105 0.16784978595470731
0.12954012498294804 0.1402650627307022
0.18347787386522316 0.19232400273853376
0.14475574598199714 0.14999835757609511
0.13956906485632156 0.1477891865058298
0.16307463944766123 0.17317041555130383
0.14550523584925243 0.15478643564307465
0.1349426743743178 0.1436846917681318
0.18666423857960923 0.19000093330700182
0.1278509228220293 0.13309242771495972
0.15897594087932537 0.16977660963355504
0.1444496971861474 0.14635696532355966
0.14125546293404295 0.1519083506750306
0.15530055131260975 0.16064510809715113
0.14132419308770566 0.1522897047430534
0.12303020852877032 0.13193057260991664
0.13141653515152527 0.14308352533935312
0.13501042555464388 0.14004294479547238
0.1734233446080037 0.18134080320831128
0.14305192968717315 0.1465181740302052
0.15784990478388958 0.16240640050937297
0.15783172374018814 0.16595925832868363
0.1648618840081668 0.17493655464890479
0.16932226908042966 0.1781005722196742
0.13756241092708527 0.14350820245901133
0.16577481163790306 0.1776235474114696
0.13329570313398453 0.14442645150533767
0.14904162887533456 0.15383824385616093
0.16558788262084176 0.17232158666247532
0.16158020052557479 0.17138664940527898
0.15066825694409786 0.15967787829699615
0.17714972184459107 0.18291790526119203
0.17367886515732775 0.18129302355524
0.14115655894986712 0.1504746799638792
0.12895101902737321 0.13854804378912247
0.1502483556887955 0.15688736045390148
0.16267641101771776 0.17444849374586216
0.17344667372658326 0.1846455669787406
0.1542455687530745 0.16279829047421307
0.13950359838139637 0.14621239966332555
0.12417560843225527 0.1347155073934004
0.1604081320618175 0.16685509194069262
0.12584043346127982 0.13439933126266762
0.14718912157335715 0.15749644920071326
0.15434392505502406 0.16372392503412345
0.13336065465837968 0.14327388763561638
0.12133571982960449 0.13164266721983936
0.12104881966238887 0.1345303848651565
0.15147101236559102 0.16150051584172614
0.12671880873486294 0.13234751202772185
0.1288872063669166 0.1406861805417582
0.14674345984197615 0.15440828053405767
0.14785077315084974 0.1524133727588656
