0.2553018670402241 0.28458628056589547
0.2502710694300406 0.2819515835403754
0.2589994785394987 0.28608887908144737
0.24580493509304266 0.2809966755797171
0.25419624219704084 0.2836991148763655
0.2472118251466448 0.2804746490084059
0.2729502370659112 0.29981773025040587
0.2666597785415572 0.2933185861823569
0.2624946790375888 0.2979210664457027
0.26425516771457735 0.29401199409915824
0.26260332760905475 0.2856560758161818
0.2614283253173696 0.2873917021717622
0.255908653571915 0.2811531550482304
0.26464823591088477 0.2921424362996013
0.26212342283142576 0.28922208928388443
0.2624132440973973 0.2963540628978116
0.2559465157734244 0.2865661433955223
0.2582769872081717 0.2900545117340056
0.262030998374434 0.2892208222589595
0.24577513645600585 0.27800882187533754
0.2651692548728906 0.2950316974524884
0.26422614028750163 0.28976265974754145
0.2655066673081695 0.29774371870485766
0.2542521307881033 0.2907044637090484
0.2658809563086779 0.291389557310849
0.26177366762764587 0.29320575732424314
0.2678195131542365 0.3015369037820452
0.26178882780211776 0.28976288272829903
0.2588721525111784 0.2895121006833457
0.24781993410534203 0.28205088668711753
0.2601407186166672 0.28889676693084926
0.26875443098548024 0.2984023049772979
0.26613148453635505 0.2962176776924115
0.25657649989896936 0.2817227342798599
0.25633004455354397 0.2824876600301384
0.25897985730470674 0.28463938888115525
0.2515833889241666 0.28504183270401806
0.26011427629082734 0.2892344447677018
0.25746141828049596 0.2921818800651812
0.2619816427254615 0.29425230656024454
0.25431248633541587 0.29301545343211083
0.2554641726835271 0.285708300227722
0.26290073966833905 0.2902544094440748
0.26790563408927953 0.2949611210499766
0.25867988756994154 0.2906260422632595
0.2509189139003738 0.28667446035242866
0.2587746414045264 0.29553311812004995
0.2570882646942218 0.29276069362382146
0.2579042187559776 0.28541696716372933
0.26025437202957397 0.2885270005757637
0.26637536280636576 0.2961420648429712
0.2550555712859164 0.2837055712340097
0.26248217836716137 0.2959986800508291
0.25585020029035566 0.2825591702771629
0.26310128385088694 0.2980083075773735
0.25797139988463197 0.29284174598932566
0.2635025367731897 0.2956970570964136
0.2566771722703501 0.28831005184166075
0.2517819529116783 0.2827481366155908
0.2541676464307162 0.2795621101382372
0.249898873698641 0.27624400521790027
0.27164496194380017 0.29808721211951283
0.25899435571563156 0.2871493190618285
0.25666062172852605 0.2934487495414483
0.2629703044712382 0.29483701042781385
0.2624930075327524 0.2938486180460983
0.25898875974976016 0.29304278532559375
0.26429610652880775 0.2930747872453085
0.25933351921967773 0.2908587317757178
0.2506567473513216 0.28814651528814017
0.2588672839659715 0.2933784990763277
0.2572355441508788 0.2884786945551081
0.26242249822786273 0.2861859293636932
0.2577946158373805 0.29086170181021404
0.2556966265894106 0.2807199135992784
0.2570047188729636 0.2866208620012178
0.26480814991869867 0.294529406317817
0.25413313314098335 0.28322907400325814
0.2559747467003961 0.28798441345012593
0.2527887597971995 0.2855718438287687
0.2636797464649619 0.29226996823867935
0.26666121460516046 0.29741886220016855
0.2554624897391201 0.281778902016431
0.25491549735780167 0.28834329110057055
0.2568940740102649 0.291310481509548
0.24856544235100256 0.28608216148440846
0.26291952192185314 0.2918135028807185
0.25972600263354234 0.28923269116443145
0.24740060304990316 0.2793076596097584
0.2757822472486255 0.3046079271680011
0.26028714109378465 0.2903123000790154
0.2596030177760856 0.2882908164293023
0.266035999371078 0.300193630838512
0.26059617307318844 0.2906635164278238
0.2547260675382594 0.2838010979166688
0.2634015480284113 0.2905421807778002
0.26641554372473053 0.2946897532544628
0.24969479570583003 0.28409784583070546
0.27061461508897183 0.30106183911696943
0.255305699167428 0.2844633684050098
0.2569854957168134 0.2917816663323506
0.25222077604171783 0.2887165008877634
0.26099244383321335 0.28499590813897524
0.27831427808751147 0.29740841960353476
0.2588580051182637 0.2919912651155354
0.264382649643975 0.2928870140265207
0.2706534685084929 0.30660114679068295
0.26936702748776464 0.3008598267974526
0.25458640017947215 0.28308166483841257
0.25981761956983845 0.29061773420632947
0.25605775015444043 0.28253388130752116
0.25373436142224554 0.2859017777493544
0.2571432084670973 0.28718735635422404
0.2585413833356271 0.2953962929488382
0.25509214177990763 0.28610802891474335
0.2712941115544953 0.30073308093665946
0.24817160686364823 0.2787956408506517
0.2603520253499889 0.2929064397101556
0.2642602334608088 0.2823252886910792
0.2644176261767329 0.2939739497542967
0.25279826651361637 0.28597373713796825
0.26679491239100744 0.29615078171068193
0.26165934513895917 0.29388023377281786
0.26288242115515037 0.2960454377712247
0.25371527905283925 0.28950652136785965
0.2646534277140817 0.2923531809133574
0.2548023024392674 0.2844011059642184
0.26567527242794364 0.2952939119791987
0.2578847536390619 0.29248192706028314
0.26882945919857937 0.2978688038891566
0.2588856500873627 0.29513693946884517
0.25803171405502207 0.2926358535371447
0.2587887463587365 0.2893792575191194
0.25697542715607946 0.2920390991700062
0.2662104157940125 0.2951928975359179
0.2602247994867026 0.2924715674865758
0.2503264495892673 0.27999431901577787
0.2641033585760365 0.2943252989737312
0.25821748186592625 0.287958215022601
0.2656058436342265 0.29162903675875107
0.2501709524697962 0.2812954003403952
0.2555959812585326 0.2891951683607351
0.26281332210257013 0.28877460744337724
0.2541562260131464 0.285949456784007
0.26658883416950463 0.29896756022018606
0.2513217548902233 0.28597487577327324
0.2539446705756974 0.2772007589449257
0.2543392798370986 0.2828991068234873
0.25171679718860196 0.27728406501759306
0.2563147437302663 0.2857949865026206
0.25768966035945207 0.2840811386981365
0.26108169812033494 0.2904804820839758
0.26219133694042723 0.28889587506966724
0.26660961994785504 0.29244559748837395
0.2510317973738831 0.2836594351044347
0.2638289235979131 0.2918287387340621
0.25212885518971145 0.28625045424471557
0.2599675680676462 0.284051859842737
0.25915203768606193 0.2946066073914352
0.2695068884033277 0.29771035969227116
0.2542778042217904 0.2874132318221388
0.25875412137702564 0.28950006470573814
0.2618819495189623 0.2936984698125793
0.25736527971406314 0.2900795793340467
0.26386989513175363 0.2946107755989817
0.25766497714007125 0.2886054781063678
0.2567587640426956 0.2894363235249392
0.26458181394084906 0.29354053035159516
0.27143000828326364 0.2980837984517856
0.26272603992120325 0.29462066044456553
0.26300676698624875 0.2953968877115261
0.26056077382109055 0.28930245669229254
0.2669400306705684 0.29217051263572896
0.26945526312374285 0.29391213366608965
0.2602586069568583 0.28748854316544914
0.25904298163074885 0.2903924471768297
0.2678514748453562 0.29710624868155544
0.25776201091102097 0.2870168921889893
0.2610397984223645 0.289624402146019
0.25724533175112774 0.2880187414676257
0.2684002363114589 0.2928478835832303
0.25391528645808376 0.281177762464426
0.26318088454281946 0.29109375879913735
0.2513703881166944 0.2805308753649241
0.25945199343344505 0.2893580064683242
0.25661254517735504 0.2891218015631205
0.2614709962470324 0.2926171598430203
0.25460708207486127 0.29049159265904034
0.25740225259830807 0.2914638307773002
0.26010791836011476 0.2883682835378805
0.26429183057730854 0.2942213547188423
0.25725419849956827 0.29250244627814165
0.26331826564617383 0.29307221767950237
0.2729723753507679 0.2993638512503335
0.26320759824867274 0.29396841271712354
0.2651017390230389 0.29223025989099377
0.2575909738313288 0.28526943862664933
0.256427027076476 0.2811554859452399
0.252948244441915 0.28417732580762717
0.2676001084791243 0.2993505874197784
0.27156470742145944 0.29600333628762204
0.2541298122594478 0.28788160501729754
0.25610634683478595 0.28368680956390124
0.26121115236488623 0.2987967280294007
0.2635452112002735 0.29818453967827663
0.2653966937750084 0.29255726483231687
0.2567876644914078 0.28490884993116444
0.25616543721791346 0.29034765503861837
0.26151622767669425 0.2900549666271174
0.2603875446766164 0.28378182246841244
0.26639073012992487 0.2983178414664324
0.2659926063681159 0.3010594537009532
0.2666449952052537 0.29077800332793713
0.25762988536507997 0.2886652422207177
0.2585865371798003 0.2912534070062505
0.2607421865738012 0.2912511182007388
0.2655165742719687 0.2911482288070295
0.2619362265080103 0.29172193916356554
0.2621918814339226 0.29812333152535464
0.25501760107801125 0.2815875041479324
0.24942355276578757 0.28056671981673187
0.2569424501637784 0.28790972547052346
0.25733078550585026 0.28958658482249433
0.2586226022036623 0.28664340228928775
0.2543536930118773 0.28610539253577727
0.27007414350292813 0.3021489777096373
0.26003257806666313 0.2920588211392484
0.26323840313252084 0.29456827210402875
0.26225729736314524 0.29566262253914616
0.2572353509070759 0.29347236002040855
0.271538949604154 0.30282358654149044
0.2496592312410204 0.28300427012663737
0.25752372798974865 0.29102231408605156
0.26050446034105695 0.29098728551331937
0.26754433955968926 0.2973208680801983
0.25100596218354737 0.28798701813671695
0.258777058558179 0.28720268969741947
0.2531151530682653 0.28731151747151645
0.25914031542719423 0.29587064353921494
0.26528043545769564 0.29591141290711015
0.26494297400297 0.2928663159691662
0.2624828092129377 0.29391463942607576
0.25211932783043434 0.28666936144520677
0.25401100597406084 0.2888498284036885
0.2454203962369091 0.2751843771807589
0.255202444126203 0.2839872622451047
0.26291736861870585 0.28828229342805267
0.25633968490558046 0.2853427534274849
0.2676813249980623 0.3003287605895104
0.25791762520225675 0.292347073068428
0.2660709328955045 0.2967564317948523
0.2630777431458487 0.29342048115217284
0.2636917286242547 0.2914864303609217
0.2561538204182724 0.2897550483892668
0.25335970385485845 0.2872288298040177
0.27005631694063775 0.3013995292728956
0.2536956851915289 0.280605052960865
0.2556232795440292 0.28223315893595163
0.2639181643211011 0.2939773061574944
0.26295299326232385 0.28953380814212676
0.26109055526747627 0.2916996760057468
0.2626411011278641 0.29442711408202926
0.2514763483583476 0.28251817761954734
0.25747132011549934 0.29046039569255416
0.24939210840076537 0.28062545360359553
0.26006043122570166 0.2870891089841616
0.2524450702347077 0.2799515869859491
0.2679105874920668 0.29400995811929204
0.2653070387489378 0.29555333075652496
0.25968089349310686 0.29725277032802044
0.26012650015003413 0.29220652484503495
0.25417494902503407 0.28566485450161705
0.262312128985145 0.29522686751262506
0.26512847862255345 0.2956954029441471
0.25819776052523463 0.2916871029138646
0.25792362848981937 0.28639489080655944
0.2654436464212789 0.2972283868655092
0.2583277811175716 0.29100044381792606
0.26715413197989146 0.2930798696864397
0.2546453522614946 0.28706837573544924
0.2600197384823563 0.2912141222820566
0.25868385314525477 0.2924848719651091
0.2583845531924171 0.28448894556037857
0.2657949899235191 0.29607000280866047
0.2615465067997054 0.2902634982590783
0.26270606270231467 0.29070228070686466
0.2524643449934145 0.28523129740788405
0.2557124985079799 0.2842333286310359
0.2699795623280571 0.2978735866122643
0.2612933251559672 0.2947295208850256
0.24997208069187124 0.285521102020102
0.258210681099641 0.28896509244482776
0.2625790184715532 0.28907232962551077
0.25560901047798623 0.28438561135029894
0.26233509801839955 0.2922618380368539
0.2590592398413892 0.28747754307021206
0.2482669206711971 0.2804712507318385
0.2518179572286102 0.28756009835194496
0.26973431040667334 0.3014454922227782
0.2570480496702335 0.28377821440956497
0.2588441490917748 0.29105627091607816
0.2509118138219043 0.280255868039817
0.27094539709979343 0.2991563550605327
0.26099059973605365 0.28517449799373684
0.261547836052856 0.29097487250957477
0.25863847128006096 0.2882378424453298
0.2679836170886281 0.30311008288818375
0.25774146891382077 0.29028723699157766
0.25956077384205184 0.2936717207534637
0.2525045709315104 0.28699833816238113
0.26216510202782783 0.2873001322393068
0.26161079763821765 0.2895015489596918
0.2576240378983393 0.28643088050851606
0.26963840350881846 0.29343496083197296
0.25914051450868625 0.2894450123181837
0.2548242070269782 0.28817168550597017
0.2557342869014498 0.2824395236864817
0.2673001136498981 0.2992263647607783
0.26189209866898366 0.2924819755610095
0.25313510980311044 0.2827347995535337
0.25642258429109177 0.28973037051755535
0.25197534842735453 0.28203408567339777
0.27094241408618935 0.2950175556094528
0.2674664466786773 0.2994529004844037
0.26259446361210886 0.29589362124514046
0.2648589740013013 0.29220455213249047
0.26339751517103044 0.2926420604955615
0.24836914948339617 0.28130773463723746
0.26168014866593425 0.28665009570098643
0.262199853803258 0.2955616151044318
0.2514437319508369 0.283668037591455
0.2568768271888095 0.2836457430389858
0.2586641977285499 0.2920799693438607
0.26929316624137817 0.3004159738071706
0.260744054600869 0.29203517303681514
0.2538458892318247 0.28728844533196574
0.25322008615904645 0.28432189545977915
0.2613259119175777 0.2866514672977551
0.2582622785531011 0.28731188083501086
0.25222591743219863 0.2821773618314522
0.25756381956053104 0.28882505242052486
0.2695194173509487 0.3027272672367862
0.2622438987250751 0.29442649566173307
0.25480526067633286 0.2856590743185259
0.26388967611869535 0.2940135525522788
0.25404166197814926 0.280517973750678
0.26559180676760463 0.29847449549983507
0.2656142113150246 0.29415472154171496
0.25495743676988836 0.28488281159733303
0.26331874653270126 0.29245639951561475
0.2560909628100996 0.2910517689920763
0.2480454095839945 0.282926251567447
0.26433125770667676 0.29389065121556013
0.25575105455825914 0.28914229111599454
0.26137854261294313 0.29091783973237434
0.260355579185236 0.29790134697404574
0.2659211453080535 0.30113553320202524
0.2583683980008391 0.28682469985176107
0.24615388819578668 0.2758246106657368
0.2666193765469432 0.2949132249722954
0.2629236919941431 0.2956964185261815
0.2515625967412874 0.2828848111332506
0.25962766275752114 0.2825884255196788
0.2562360699132085 0.29205405596675466
0.25633990532472667 0.2828086039112757
0.258457994362324 0.291286848946287
0.25438965553922815 0.28225301112914525
0.25277052251268445 0.2887356974345855
0.2598603728502385 0.2914219641230623
0.26829079509090425 0.29306771495045014
0.2584729528076619 0.29075168299107934
0.2590419668731702 0.2901727915171299
0.2547080359064951 0.28420885907716026
0.2681163298178799 0.2974858412599167
0.25395164027143685 0.281859032351906
0.2562323936484362 0.28599083399459946
0.26218397157493156 0.2928623975557176
0.26807989083963113 0.2922646422213873
0.26643380131313565 0.29539923461047585
0.25511429431706617 0.2886786513476386
0.26363184538933415 0.2991530667868923
0.2674306065341557 0.29355894784544695
0.2566478323757489 0.28299991281832054
0.26562989571990836 0.2850665682124672
0.2633949387632367 0.29788875856294006
0.25315249407140655 0.2828199420559029
0.25743834168122737 0.2892092976505081
0.27160337842011656 0.29743478726890105
0.2678508264708467 0.2897333527540992
0.2662239553134032 0.29483911354703357
0.25820361537706077 0.28691738252306204
0.25770103214838974 0.292267752510652
0.255930820119206 0.28809517508056126
0.27120599227783543 0.2969088988077537
0.25987434520517577 0.29062946091624425
0.2535676229478011 0.28341781823012513
0.25559257938218577 0.2811994780980438
0.26564509494502847 0.2980905778932524
0.2522420334188463 0.2875416941685806
0.26515806473348563 0.2997956700761896
