0.14222388601013408 0.15998432773051352
0.13639404303552602 0.1575597131356495
0.14292952669088507 0.1524455858577613
0.13300252600536216 0.15676248175319973
0.13308486311262288 0.15494500475579367
0.12469407848906715 0.14657314394225182
0.16913418735242128 0.18826676255144584
0.15623967797155422 0.1694764600830782
0.14494115302960378 0.1654034961113032
0.1468001918830391 0.16648611326575455
0.15420699900314336 0.1623335156574131
0.1415154898859368 0.15774976889974437
0.12477271013533146 0.1388607825245776
0.15167454695582508 0.16964992320317074
0.16162798041004578 0.17727094112798317
0.14442425911440052 0.16663844100599043
0.13310187890910502 0.15122015214595597
0.14050325602514807 0.15636894041407487
0.15540866953234875 0.17115248048550816
0.1239196715466878 0.14529828909152784
0.15781652097750065 0.16691097123634493
0.14964237524641097 0.1614441023287889
0.15302893214667987 0.17173198978192555
0.1412249494290601 0.1654106407136772
0.15510729056646552 0.16718627457997864
0.14482861577184528 0.1659715632626138
0.16235281628064777 0.1868977381027526
0.13718564918879922 0.15765282014165552
0.1486326477495801 0.16714839264407824
0.12444583770061095 0.14535722765263542
0.14058041993461826 0.16000237433600056
0.17008990281186448 0.19035818011099762
0.15768407623607875 0.17323909868604054
0.134124273401158 0.151604417733826
0.13292376646440746 0.14341630717752368
0.1496124576171542 0.15111538219491552
0.1303692440059072 0.1493747681787128
0.14382841865228285 0.16493626745407958
0.14364134588897004 0.16813529365564592
0.1413542339753174 0.16402307617338618
0.14589983446326296 0.1725844946910742
0.1411269165570575 0.15211356279161814
0.15719040419871208 0.172040449656473
0.16294506012751114 0.17376115676574186
0.1462106929484254 0.16651817735446453
0.13062989524346194 0.15692062438889914
0.14079612181869863 0.16425824331434802
0.1313704843384562 0.15725313051145448
0.13928658191899615 0.15924604617638716
0.14446437861285813 0.16089046280450126
0.16722020441129012 0.17883639792987235
0.1359517002542536 0.1536297956523891
0.16184681765750425 0.1624781850438494
0.14052719980354902 0.15417380831091795
0.16405957976697927 0.18782083044418624
0.1455009456261639 0.16720541502276542
0.14747348113760803 0.17030369949774637
0.14404647083121266 0.16365629041495625
0.12476458410396397 0.14100383240117187
0.133369938491953 0.14523419988723826
0.13820792533630136 0.1551004023372731
0.17250630816864473 0.18621102345557822
0.14329748087541472 0.16163686183043915
0.13975085107111943 0.16164240155628512
0.1470001562962421 0.16465915838843714
0.15555164916098496 0.17526477821824682
0.15000224928242603 0.17524325769501067
0.15864447983974533 0.17787600592890254
0.14833225362751287 0.17297265815150284
0.14340769117778554 0.16798951181074573
0.1521147052984399 0.16859692334929494
0.13094514892475898 0.15339193463555753
0.13561965618114682 0.14770616075533738
0.14757373430905266 0.16231122127474187
0.14435204160584267 0.14983090560339848
0.1396215704381195 0.15150596683669112
0.16937790689038507 0.17954127672493675
0.14384376302249813 0.15798856521854546
0.1432640277044824 0.1665354368827934
0.13172964649235963 0.15162213664956595
0.1527890002724042 0.17151268868582834
0.16413120051234925 0.17827127014918068
0.13557462797454659 0.15412887303962827
0.13780091004275188 0.15759920799984872
0.14211146864707844 0.16053391758314445
0.13402988760518486 0.16083168687787172
0.1532120921616886 0.16088413383327285
0.14662338893566465 0.16670022189781564
0.12594883856585934 0.14914499771419717
0.17614863817819462 0.19847200749045255
0.14856081268692906 0.16248759560962575
0.16030485184866203 0.17983380237680813
0.14436849340817892 0.16993438237318595
0.16142292714905498 0.17549795253976597
0.13793300877172343 0.15004214083798179
0.14973992775680342 0.16304056363804809
0.14972845052696487 0.17002144003543784
0.13597443197416179 0.15871929681831654
0.16303352444516805 0.18565517219291905
0.13067481475012144 0.14899800940606087
0.14178647315700924 0.1657040584769585
0.13717661735264353 0.16682018902393947
0.14219859788866523 0.1505543810615138
0.1735935521668391 0.1675719824254772
0.1428045496474433 0.1672542241860384
0.15254707895505945 0.159947794983607
0.16565369542996708 0.18827744184458142
0.15285207566881606 0.17343725354247522
0.13903221078913372 0.15230159575646315
0.14600203136419593 0.16138805939376694
0.14143782802941454 0.15333780256693103
0.13307048676674343 0.1564635148803339
0.13776338201468172 0.15820657823064804
0.13785656465545304 0.16056021607685633
0.14599629775073888 0.16168917609193384
0.1729686697301831 0.18566260714531754
0.12909638457013511 0.1495247357063054
0.1397347106655579 0.1572991209664425
0.16344107615975326 0.16013162071964254
0.14834468203704504 0.17029448349832918
0.13397468340097546 0.1532354572556804
0.15566406862760343 0.17248404692285618
0.1579877354917657 0.17876667009674613
0.15293517167386467 0.17852859028618012
0.13827011990319493 0.15885951706447285
0.1421213579960545 0.15953714572458433
0.13926702762510987 0.15389124023370904
0.14957271664804808 0.16776447198729547
0.13877702486602192 0.1630604158688543
0.16424885807938142 0.18719519434910692
0.15429130050559284 0.18009728425927898
0.14221389130318954 0.16408779274767119
0.14052857660261836 0.15987611426710813
0.1448499684324898 0.16948620020071187
0.157599939483866 0.17872052456356474
0.1433833046537564 0.16242403039184308
0.12308040173933243 0.14109890433285333
0.157438267065021 0.17595644234721733
0.15071603005726975 0.16677329258840226
0.15307839045757687 0.1722533053121859
0.13367864614729397 0.15063365060717243
0.13887112837714977 0.15839201569086706
0.15844420646682797 0.17253205041491387
0.13083534704476837 0.1514088187157223
0.15585078588459894 0.17911906018419466
0.13168917040845177 0.15509893709831477
0.12896453925316365 0.14466546280953807
0.13227691037655126 0.14823832227382094
0.1307751653633576 0.14002634130366198
0.13755970194403375 0.15926800497756416
0.14135566860030038 0.15536977163236496
0.14089146978988518 0.15536212189491505
0.14378752656511354 0.1620545939705831
0.16572866541389505 0.16741527887424326
0.13887759826115434 0.16017260192532712
0.14578699509808787 0.16301354361910333
0.13511559435514534 0.1565312638637653
0.1514540792175428 0.15124596682128796
0.14675094342096812 0.17288460359462723
0.16072983947643407 0.16912253080780215
0.14105587390887644 0.16017530246219847
0.16806719148569077 0.18522473559322042
0.1498495164156005 0.1709352392116873
0.14502014715717856 0.1647671403471927
0.14875876696148943 0.16628458304047228
0.13242963863697244 0.15057293389051205
0.13511239221924465 0.15552627380706702
0.15364662390072625 0.16928932297333465
0.1616512040881724 0.17324421177602176
0.1493555188738471 0.16737752319734533
0.1600340968399496 0.17901407887052437
0.13900675550531888 0.16105272472568638
0.15643787255786643 0.16235862068757037
0.15767048938243083 0.16573912484972156
0.1471091364645457 0.15899524672428503
0.1459669230506118 0.16360523215340714
0.1493660643859466 0.17420143479475744
0.15042514103008275 0.1682841772661562
0.14343384010051988 0.16009129530637548
0.1301901044307489 0.1509812984461292
0.14945979329131484 0.15112170708120665
0.1371429101327519 0.15324327381547317
0.15071139484890506 0.16552498111825242
0.12719392757224518 0.1446131477917224
0.14103711142535488 0.16103210361082823
0.13950062415514913 0.1613594086351751
0.15783800493343542 0.18132205943911517
0.13097916119896527 0.14997738039939096
0.13280088817557192 0.15363676211978486
0.15600893476428793 0.1782443703905141
0.1585621096140982 0.17700990879272477
0.14128276230043074 0.16192422120870523
0.14339948518532222 0.1590111365397164
0.17017043674298982 0.19112976847814997
0.1693428058253084 0.18716801921761522
0.15796785436641098 0.17866969719916917
0.14296382899875734 0.1604986666923162
0.1300677407811678 0.14233628968481063
0.12829504919134715 0.14802436056786447
0.16576867096430653 0.18469233076494496
0.1698312324930445 0.1845230884945385
0.14630268096981525 0.16837687782790486
0.13543366219841285 0.1516665193728386
0.15655837586500027 0.183350401356855
0.1499676102577142 0.1759994511329363
0.15033606813821362 0.1662180257784824
0.1396656798124907 0.15546677631952333
0.1423411115716042 0.16183923986473048
0.15917174938318215 0.16762636054752245
0.13195547322623852 0.14206964681130696
0.16730009485825403 0.19283181081396242
0.16083722604090367 0.1843347198964232
0.14611186565092923 0.15895614219625187
0.1555496311245005 0.17823654462899116
0.15085798466234296 0.16923405526358465
0.14007743366587558 0.15965262861425883
0.16295089406062438 0.17876368019448843
0.14402320346052072 0.16013978465964313
0.14556052957873392 0.1718244686800512
0.14059731260873065 0.153205166484264
0.1335782701572367 0.15342385555711183
0.13931405674424807 0.15402471586766614
0.1433733546599121 0.16859449494055856
0.14932793518124995 0.15617056461821846
0.14268083855386923 0.15990570492115735
0.1804729797285809 0.19852430720508915
0.14619202861082176 0.16699996080562576
0.1572543463940462 0.17991723532370502
0.14194655217578808 0.16433146666096093
0.14819561345531448 0.17384155291061212
0.16147414103128097 0.18093832078676317
0.1444885669491162 0.16855671240094477
0.14498493641737356 0.1706121230966237
0.14580119938771574 0.16219644001375216
0.15527849829490625 0.17438506706440055
0.12489142405114545 0.14938449771530385
0.1503723057675671 0.16761309821330334
0.1378547903073961 0.15991025740188897
0.15980633383587678 0.17777426454375667
0.15862154619484073 0.17770531619911112
0.1419127751901688 0.15628132888644033
0.1487819708485211 0.16503879251163625
0.12272259265991337 0.1428802110859065
0.1430225991087928 0.1646187947052667
0.11981905447658385 0.13743470558616183
0.13268686976737817 0.15218966042663432
0.15922941781711947 0.15260076674529424
0.1313649384219316 0.14454664418636534
0.1591028109085102 0.18059479907282078
0.13903058143810315 0.15681025946267513
0.16613450070522018 0.18567953856802927
0.16341399574590187 0.17424266768794397
0.15415429822159143 0.17081951509271476
0.14035695315949326 0.1636435419256283
0.14024734761482963 0.16649150476451638
0.15897448722411012 0.182987159984913
0.12833620231178178 0.14260802296093913
0.14507102443418898 0.15157521669238505
0.15504220168877172 0.1749351391812102
0.14575135075906687 0.15632418045504642
0.14917051795523306 0.16478120921464148
0.15484813493150726 0.17427442695260015
0.1301412288933575 0.14532046832539663
0.13775221339979812 0.15365141274719366
0.12690043174551077 0.14477524665591898
0.14028612446564265 0.1564925729306511
0.12985975084791462 0.14916051031893005
0.1570365685917989 0.16243467345822943
0.15392885362702127 0.16956421366327457
0.14426694891817476 0.1664673254121085
0.14753639554282816 0.16983818582985954
0.13288878460043382 0.1513781099945611
0.13687249480456024 0.15823405900161322
0.1530771962277355 0.17422968603132938
0.1349534925307958 0.1543680172268029
0.13841019622793546 0.1543171512189066
0.16586301762693767 0.17841471935371567
0.14932540065245895 0.17541760466572268
0.15706816179744992 0.1728990274550981
0.133483962655202 0.15824917424628712
0.14901216759384245 0.17167725403453515
0.15103349675412084 0.17141719024648383
0.13863704322204276 0.15226718501729694
0.15656375135240697 0.17544657783229253
0.14982463259249199 0.1652718495526821
0.1588455506388247 0.16855740733430052
0.13458172459599316 0.15820028106864545
0.14656892873994526 0.15891871182692732
0.16309871648355173 0.18240845624891402
0.14445200434761118 0.16147316493460423
0.13172938594931516 0.15232298490895177
0.14379496904026592 0.16381321251506573
0.15249062104904665 0.1662038263118011
0.145162425871081 0.15754619605813014
0.1523564212270945 0.16775186586842106
0.13222554712549592 0.14531987587969977
0.1297108093210092 0.14674589721031506
0.13247541004538158 0.15755986331657135
0.1666028965611999 0.18838884143723206
0.13710097573781121 0.1526468676026416
0.13845739195511203 0.15865510666022148
0.12951489830904217 0.14658185833712384
0.1525055534474153 0.16879730577901092
0.1474221393972 0.16216301276904607
0.1364973280221002 0.15300876766422108
0.14776923409935075 0.16973690029108135
0.17795245440704174 0.2004829868584255
0.13111117021410057 0.1516644138712772
0.13539460803379524 0.1545317878079211
0.12714227869472636 0.14913006887324934
0.1531101099418565 0.16168168091653323
0.1422941012191669 0.1545816431708344
0.14416637564077034 0.1612406379871257
0.1610428896108006 0.17840025397422338
0.14996640966046165 0.16595081233953773
0.14730180979658547 0.16932320903152748
0.13974985384943406 0.15023304357536793
0.1695043411564053 0.19207096751790295
0.1430737053596237 0.16018797673211474
0.1366482851148314 0.15208229214861516
0.13739446229612096 0.16168097337580067
0.13389500067076507 0.15086021225238833
0.1654641675489619 0.1761902380259222
0.16103052774539384 0.17934527543447587
0.15307856902587955 0.17527171148375753
0.14925921428609265 0.1663935621600521
0.1531792247656071 0.17274316839768358
0.1306101858922892 0.14403019460429328
0.15982085426375975 0.17306886083173742
0.1591280075250759 0.1795873308603639
0.14044264134415993 0.16331108578596112
0.13763757696166568 0.15489137503969685
0.14469543859207537 0.16315126309915287
0.19046450205743318 0.20480157496201054
0.14233888839298117 0.16310730052915448
0.13580299531315831 0.15156380139813516
0.14292651873948842 0.15966117925465553
0.1474728364249132 0.16100132726391905
0.14964568042938814 0.16930925413615328
0.133384402039228 0.1498825399832172
0.13713508608916541 0.15818236047804834
0.16079722833079066 0.184414281824725
0.14361073774377708 0.16337397641919643
0.13847538947853155 0.15414812840593337
0.15825252278597318 0.16805073059302636
0.1357653833991787 0.1499825503551035
0.16178697064091346 0.1850345039733017
0.15380173095466243 0.172440306073619
0.13656069447059935 0.1552692740501543
0.15393986679102253 0.16611268238692387
0.14612483728003425 0.1708996409970234
0.11989458934872373 0.1425449223118946
0.14677192752731555 0.16167014694380138
0.14733649676910512 0.16726410158626592
0.14706416065656894 0.16584576786568322
0.15674310003650158 0.18872474334414777
0.15719840879637734 0.18173118213765338
0.1436439505528233 0.16143893776370297
0.11804611446868314 0.13413603928900003
0.15589287140344793 0.168104478123195
0.15920659645276697 0.1752390424549315
0.1340448422986203 0.14928803448325517
0.14669330535983227 0.15431121552018123
0.13134090063714468 0.15632467377494796
0.1394798711526782 0.15449251120193597
0.14718288683255973 0.17016362524014367
0.14076435372139737 0.16170566280343532
0.13540032548093772 0.1572265608638928
0.15193379650169928 0.16766619057262974
0.16931922860336757 0.18101299454673894
0.16314557615089154 0.18419519451658659
0.13067707116959532 0.14861244455682182
0.13632097417010466 0.15846344841508614
0.1485641759370935 0.16925677437628292
0.13065137339590985 0.1459687882811057
0.1461767551876415 0.1685408643859413
0.15556308419669923 0.17842783324149816
0.15087414582208528 0.16314208041874653
0.1536815262614889 0.16477595338797232
0.1286393791010524 0.15261623738155375
0.1591958182677629 0.1854282024260672
0.1616831710284473 0.1712101950590432
0.1407532172662361 0.15806473462103884
0.16182574061541222 0.1610410161169264
0.15703302312643447 0.1834262540938305
0.13850677513167142 0.15270775286686378
0.1339667115223504 0.15182944476947946
0.1708311267382417 0.1872050410737787
0.16746837527916122 0.1779960759354736
0.15400032532062446 0.17399658784450844
0.14276261162335385 0.160995472003018
0.15495653638705142 0.17525332993621698
0.13792543443966343 0.15807852273913653
0.15738538405006508 0.17449020168322973
0.14871048997376168 0.16782678083842145
0.14211439025368916 0.1586304009822285
0.1477569159019828 0.15280284109223424
0.16199538015885057 0.18648528583704524
0.1397985690979192 0.15976183019506127
0.15401216472187673 0.18001238041011824
