0.2753945005570133 0.28157823395840403
0.25624422092918525 0.2635811105622768
0.2751119425254781 0.28797248582552476
0.27775492732392676 0.2860549180573222
0.2531704008205984 0.26403788189193717
0.27084369490860255 0.2708460236540445
0.2801149133632069 0.28870100569461665
0.2694396800647956 0.272162784145475
0.27407225641528904 0.28350153250929927
0.25788261135665314 0.26380684151927175
0.284672202354118 0.2894977157036365
0.28860758534249165 0.2949517247030648
0.27307642670985555 0.2813532710223173
0.26332660999964425 0.27033066795522115
0.26530660062370837 0.2722339834199258
0.2894056718163706 0.2944046585095032
0.2803701857922819 0.28758554517049867
0.27568624218490767 0.2819660820715249
0.2685284377621344 0.26612639279216577
0.3008994307986482 0.30830788442550405
0.2830412651487424 0.29395656950674515
0.28186446958667377 0.28734876929490566
0.2658057834120257 0.2720021559284008
0.2683565790558615 0.27322414646739734
0.2792948741652535 0.28486104699037107
0.26896330205539665 0.280469459186638
0.27334712735977224 0.28261587084950074
0.2530929527711421 0.2636744399985379
0.2849516001038521 0.290825528959423
0.2776300370913102 0.2847925556526403
0.2793102819593573 0.2831440157864218
0.28694368048534 0.2901709992156281
0.2736504266574603 0.2827393534284734
0.28556889276645486 0.2977783158231199
0.2543590388302993 0.2586415573055843
0.2640334810003488 0.27682253730519213
0.2652224615871021 0.26634144780371866
0.2864645388201921 0.29892336599122454
0.2740457835829613 0.28368503005332985
0.25892857640968386 0.2608264148091051
0.2858910256593803 0.2933208996227964
0.2668532749217146 0.2757939670484815
0.270988608689327 0.2767181768879616
0.264287320347555 0.2752344747778713
0.26947920528863506 0.27540932482120156
0.2791211853027809 0.285965867734933
0.2633519990368559 0.2681325332847036
0.2856415107099445 0.2947950501753766
0.3030984311169793 0.31265369661709325
0.2756675081152986 0.28644030992852787
0.28354382079183277 0.28991259652721757
0.28140820326398897 0.28898299397381766
0.2835592218546386 0.2888315364261532
0.27300133489449313 0.28277268833699953
0.28764073832965514 0.289906326359265
0.28996032442481484 0.29274276248618936
0.29578298494211513 0.30610655645454754
0.2706070271046391 0.27376110154552347
0.2676255795219813 0.27799085560688447
0.2866537762792265 0.29015894780739665
0.28541868045675634 0.28955700656158945
0.27852574141808484 0.279912589164226
0.28476582038797205 0.292319213772998
0.27442077072288495 0.2822695410574983
0.26862308274408525 0.2807111675946456
0.2727057894458045 0.28604299059940175
0.28483706196630404 0.29478630560409763
0.2671566485860789 0.27217451571530993
0.2664120543216334 0.2772856147135266
0.26296622882224197 0.2741839161573118
0.2912884345760683 0.29932734578098785
0.26531303470139267 0.2655418548785335
0.27862840571809855 0.2842997462274245
0.2649465292611285 0.27751626765807463
0.2720169923580672 0.2799632364274964
0.26299379590546695 0.2780324810967509
0.26619342212180613 0.2728794471492079
0.2563528571430995 0.2667452045892378
0.2674535507437254 0.2757371792892844
0.27440663481485733 0.28169773248591645
0.2905285926438973 0.30271169162733863
0.291396603732338 0.2950511779279082
0.25163049764296147 0.26500773818120477
0.2677626997317039 0.26863949311085183
0.26447553668607415 0.27111401073334923
0.2783548565615585 0.2886063247267264
0.27673152432247716 0.2885593026656052
0.29710804819385167 0.30707605472815847
0.2942688993877767 0.3003698701461048
0.2758632488217429 0.2877946489792209
0.2826710471886862 0.2887792960939126
0.2873722555380305 0.29771431591532843
0.283442015721626 0.2872049075239972
0.2868926765661963 0.29161740764583505
0.2753146730985521 0.2825769908600509
0.2570365748838983 0.2629651369297993
0.27662861718623233 0.2845689757880197
0.28756535410492906 0.2975713619715842
0.2735281323445807 0.28088357639518696
0.2913015546320821 0.2992527651825393
0.2726883160396996 0.28079250946120377
0.28061995147921165 0.2831513907041808
0.29183225043155364 0.29652277067645577
0.264707226970372 0.2710991440154212
0.2613767058809984 0.2731763909354685
0.27143498112174713 0.2797826735282708
0.2784756198653332 0.2850677327663871
0.2674430486680884 0.27301302994464816
0.2717945201991978 0.2812686504551088
0.27666345833471656 0.2813756596217217
0.28073843751152827 0.2905872539452263
0.2918759553064415 0.29728510575540296
0.27880779909949915 0.28075208842389676
0.28227006895129503 0.29452335636050736
0.2803492877826442 0.28952323932955865
0.2702926012775298 0.2768028235278415
0.29765977750399664 0.3041694021737973
0.265942222200804 0.2757765621012764
0.27086815874239156 0.27498399522101347
0.2819480731567798 0.2888137442644649
0.2712925675333347 0.27985609888886004
0.2835854044978657 0.29470544030852236
0.27248773700262097 0.2808964376114706
0.29028711088908776 0.3067523703924329
0.2729634344722949 0.2761027880863747
0.25340213965856784 0.26743385926020286
0.2727618210524839 0.2803065185929877
0.28398785162782525 0.2953536625812413
0.2724444433390449 0.2845614208114775
0.2857989261203689 0.2930138324152029
0.2764536905231838 0.27847817621339116
0.2746661749831948 0.2800607140884683
0.2662359693862572 0.28140126248787123
0.2693639393247706 0.2748607632108897
0.28467610114127356 0.2942587560434994
0.27807920461493807 0.28610068375059283
0.2742525370492158 0.27556243020565646
0.2768106990233876 0.28396905693380564
0.27971425645066833 0.28937390153071957
0.2799804426426219 0.28931773261698507
0.27375923370232824 0.27684000075985954
0.2917855991610734 0.2998070201814744
0.2845080265255814 0.29548460186881315
0.2692360520237887 0.27394536743721315
0.29235509767017204 0.29952878265485494
0.2776722879081727 0.28766499036382964
0.2750527359135437 0.28368897484836814
0.2681875006207442 0.27224367820667816
0.2765930531365383 0.2888172710733718
0.2843273199307141 0.2954747482192168
0.26546539348746395 0.2747380766926963
0.26476909027200257 0.2770525548345272
0.2588706324143138 0.2620879161285087
0.2691884158838805 0.27501816320825007
0.274611526334807 0.2886923217470793
0.2785390489224924 0.28752552832554523
0.2837786591566863 0.2947945492497972
0.2663391658111195 0.27915171949221285
0.2952095939240822 0.2990698686017266
0.27839908671669045 0.2880958211336094
0.2735369053650954 0.28220540024404045
0.2638625426588997 0.26887888057833986
0.27633183363250025 0.2834283607266824
0.2798790278255423 0.2871433386214899
0.27652738821382983 0.28237752572082425
0.2652209919275174 0.2746550569214711
0.27786680513148054 0.2819428003742543
0.27634277660929685 0.28179729452037483
0.2733624153155084 0.2828097904948798
0.2669011408108099 0.27872551328943684
0.2820659679786023 0.28777860786808046
0.2816250325550964 0.2905984778237114
0.2714098569160917 0.2749920757004655
0.27725346182013433 0.28175724887696296
0.27508397746660024 0.28035437927185813
0.2840328544640955 0.29127966995738325
0.27653156118939076 0.28039121009341794
0.26468155008322125 0.2716955671618789
0.28787074456265915 0.2965191905134302
0.28146810725821053 0.28815866232126186
0.2895507907236345 0.2929686597256072
0.27907040575585607 0.28440991219203854
0.2670509635512302 0.2748686602699564
0.2627416838219091 0.2757774655749978
0.2641875543941375 0.27163108577620226
0.2549087894938747 0.2611223315672808
0.2805912795951068 0.28473513354389207
0.3030197064198566 0.3153369924513102
0.2739230182876373 0.2839398393537822
0.267157737248323 0.27301025368874915
0.28214871545674775 0.2918257623998741
0.28024268896222465 0.2885037011729495
0.2587712468086416 0.2683853342929445
0.2718748716426729 0.2772528303080273
0.2723820167714766 0.27419884804700523
0.2520205268424155 0.2608653695625283
0.266806306143045 0.276523683613534
0.2889569807864518 0.2978309928049429
0.28162546547211686 0.2931913694483095
0.2754181674766651 0.27669916126366256
0.28099134933025716 0.2881982516277041
0.268621231744995 0.27934391719658364
0.28677958337731596 0.29196962512115754
0.2839766753611849 0.2970287603698895
0.26732515649454236 0.27224635735803293
0.2791731614647227 0.28621935734626003
0.27051348093698674 0.27543858337889104
0.2794656567336178 0.2872913468610103
0.2710181541864188 0.2757803030200075
0.2832671369304937 0.28983231239000745
0.28316498315697497 0.29230181927304344
0.28299206566066354 0.2895257875378799
0.2850859623515511 0.29402999700142207
0.29370793311848786 0.2981839062456822
0.26333417147567445 0.27504686793328176
0.28473209377123393 0.2949495767201659
0.27770932465650433 0.28836664509851645
0.26399602092515173 0.27548642425119874
0.27444587511835705 0.2854516355734491
0.2608294881982287 0.2679873904267974
0.287905692161408 0.28792415722586434
0.27070636596968906 0.2782837548135889
0.3079299375816696 0.31197907405457015
0.2816919227442865 0.28526223714188587
0.29590680340362885 0.2940007509747013
0.2588837064341577 0.25728831190666884
0.2877806697785832 0.29620797156203815
0.27629726461826176 0.283252242097891
0.27562277461383033 0.28487632177605476
0.28255910412538343 0.2882887267280894
0.26479122360660134 0.2684973060355989
0.2854061426193627 0.2939986397677165
0.273695623930942 0.27570130513747443
0.27599395361328605 0.280684404042232
0.29204003386812144 0.3033680738158755
0.2909006209909384 0.2983691436140153
0.2784129977268699 0.28682283138836934
0.29373330402932823 0.2971966503694481
0.2832798307797005 0.27788659346841393
0.2883181817057722 0.2932901292507543
0.2809065124278177 0.290527983806574
0.28136524968846005 0.2921176528034497
0.2733368373090208 0.2822722338653635
0.26837495772436837 0.2747194568810528
0.2671465994227402 0.2706012795381538
0.27137277446932234 0.2760445136164034
0.27537932932055803 0.2803453150686341
0.26352181824447823 0.2728080111982667
0.271928533741526 0.27792880540507564
0.2571322368499985 0.26430979709596636
0.27624885479466105 0.27989530459394796
0.27829639422490415 0.2888307178568406
0.26167826328029287 0.26515089685124776
0.275069501347576 0.28180955816187814
0.27091103523953136 0.27848642067148954
0.2755672261183872 0.28583545804924737
0.24841210512903508 0.25493639545621083
0.2746274889375594 0.27904477608666806
0.2780665054340201 0.28753375198290543
0.29181912960605494 0.30340577998592144
0.28815139149518587 0.28974547300765396
0.27611953379585047 0.2777251185240168
0.2762620119549305 0.2824149262847501
0.2967690853666622 0.30691340832540076
0.28699006143922867 0.2969357861208154
0.28144190466703867 0.29293224618317654
0.27944883470722026 0.2892436137297461
0.29052797910703526 0.3019529320035587
0.26368490451862725 0.27093922962390143
0.27723969446017727 0.27728785240282333
0.2731259151594575 0.2773408882534495
0.2977200954260607 0.2998679892044158
0.28059590693606445 0.2900662255952427
0.26819005956068576 0.2735499259409473
0.2622510662559972 0.2650865171559065
0.30082838678116525 0.3108766293152289
0.2723416527963492 0.2782730518200351
0.2710941759407859 0.28379841776866993
0.29901097774156626 0.30236258879864064
0.2830833006524899 0.2821623226801511
0.29617489242559397 0.30308909383061206
0.3082316949664354 0.309367637726327
0.2771190838537383 0.28528427088632724
0.2590157474316899 0.27124101950726776
0.2872600031052198 0.2974123508986024
0.2600810167292762 0.2617368727431787
0.27292713940639574 0.2820566897792206
0.2628759000752267 0.2682712908601414
0.2690116041433985 0.27722198512457563
0.2788078101379094 0.28718988353416036
0.27949201793741857 0.28261823370255595
0.2781777334312672 0.28908662882328756
0.2841765789459338 0.29563913056724767
0.27802856221258104 0.2887380215156646
0.27107210789457786 0.2774415930933786
0.2835161725190765 0.2938408971135059
0.27520663050162086 0.28301674725701165
0.2827273953134048 0.293800847267689
0.28400902651649496 0.29136428662617
0.2810500486534331 0.28670552968256746
0.2870621454292292 0.2916110482823836
0.27987931794837984 0.2883485459657299
0.2662070183963469 0.27367198202402837
0.26320663990172366 0.2628147924878197
0.27607360936838843 0.279997147624514
0.2935806829978992 0.30250767426796615
0.26645003298960795 0.2709649844110864
0.2834946373781547 0.2934803673586277
0.2818715003438187 0.2925730140278844
0.27721383187774945 0.28345466757522503
0.264240394987676 0.27093014785337266
0.24541796402910385 0.2548597741807563
0.2608984902762763 0.2653498696141624
0.30036448896447715 0.31110717136684046
0.2844990290828789 0.2832482513142727
0.2654116493306478 0.26387793198171305
0.2731162614533134 0.2885475751687245
0.2604453763242036 0.2627224752390654
0.2734439025986751 0.2848766372812281
0.26404247085226973 0.26635801551682237
0.2748412296055792 0.28441605714794893
0.28882639434704727 0.2937016576693533
0.2843742409441306 0.29134444019839
0.2649672174437361 0.2726637010149702
0.2606099318608605 0.27338324534722286
0.2782518361913268 0.28461737010637506
0.2688024261459262 0.2795567266188049
0.27583298565293624 0.28420059072825554
0.27041120311880323 0.2726463470031194
0.2813262649356753 0.2878506586511926
0.27152646584453827 0.2819369896380332
0.26941313035813297 0.2827934841059147
0.2703929084637255 0.2747126695901411
0.28343811299678495 0.29191796103457984
0.28438922096504776 0.29327384629601855
0.25716292643235206 0.2674144943291286
0.28398359650932903 0.29302457057268105
0.2818565181661893 0.2875503026596863
0.28089656538542307 0.2946008920729262
0.2843499031185795 0.2902530743728506
0.28590175326376865 0.2958965835278718
0.2695694620193707 0.2755485338742669
0.26714501945820757 0.2697509902028766
0.2673048906814636 0.2792108963796167
0.2684989638354312 0.27819137461186566
0.2924043627796243 0.2892833853725382
0.28192888996328375 0.2909430201186016
0.28279875151642603 0.2947881685762284
0.27080917192248405 0.27604090408292825
0.27718908431404604 0.28223565276942897
0.27263099938553287 0.2793474824704819
0.290661756035731 0.29895116741200845
0.2687431794935998 0.2809571841838965
0.26574189820225846 0.27570370031048586
0.26611482565928063 0.2788275140455218
0.2741574724083775 0.2769877650830416
0.28375149148477213 0.2923152472923862
0.26639271008026255 0.27216505947408726
0.25871045898414385 0.26331639207312213
0.2755550068092132 0.2800067476703547
0.2673231308702148 0.27826308882376427
0.2712082757939652 0.2765066880061721
0.2873612197532008 0.29539212933467285
0.266906802242644 0.2713726781852442
0.28505191530422325 0.2906551754156114
0.2749794549135093 0.28282050044757207
0.2838556152529919 0.284637727045678
0.2715370201996166 0.27652295997497484
0.27842390854396987 0.2855373245089493
0.28889371249449164 0.29600269876184204
0.27486444791479653 0.2818659936192269
0.27582062766414955 0.2787494351091179
0.2889517358149581 0.29680337302601634
0.2680489276851323 0.2786522042615996
0.27080994293602206 0.278336147720125
0.27292814609439436 0.2800230788952148
0.2828702579830649 0.28748746525817526
0.27506376913510544 0.28006256091813114
0.26714915616871726 0.27835086704231404
0.26812647167426973 0.278789493129217
0.2665612745586375 0.2660293561089243
0.2827076169481678 0.2855096391001874
0.2672038388214987 0.27453070538946917
0.28050624270964414 0.29262811914260234
0.2758385145203159 0.2840296457068314
0.2769553508682514 0.285599388722831
0.2575791501152999 0.2607440057790195
0.28453672423278836 0.29647384059788046
0.27558560181109565 0.2832779431602162
0.2734237171614591 0.2771124171650307
0.2870091913271651 0.2949639193407325
0.2707374817190241 0.2833649890226116
0.2704520633171011 0.27294583502826575
0.27229071726703313 0.2796020399678812
0.2886183938972649 0.29558972270218914
0.2847903865599188 0.2907331228211911
0.2744304901143224 0.28223592874397296
0.28850109717812994 0.2996725119914646
0.26936055851902063 0.2795015721148456
0.2769917078125369 0.2909398337801157
