0.14365869759674818 0.15165622840795198
0.11859385125588805 0.12716891723536267
0.14400057152811893 0.1547999186175287
0.1440971032100611 0.1535828630429557
0.1173888742058019 0.12782542649649137
0.14803671600542287 0.14944017590867978
0.15141511106233482 0.1582377932006407
0.13497588139890443 0.1385515913229868
0.15104799006595146 0.1584378112510076
0.12402012325415862 0.12874112861109624
0.16198745632746198 0.167077228980796
0.1565680562367306 0.1637584971134074
0.1323049410134487 0.14141159106403012
0.15282484057950865 0.15916235743221396
0.12616842203528453 0.13543630453538014
0.15936738693920055 0.16699764940376077
0.1651479413393803 0.17102668461792195
0.13940074185701593 0.14755892985764457
0.14793391909866418 0.14963334853153284
0.18988938038450523 0.1972064552791491
0.15035348510688573 0.15785036327705076
0.1650644799033509 0.1702069306535091
0.12665556652466123 0.1353587174569281
0.13389531743148975 0.139020590070542
0.14239691479737113 0.14836932873680372
0.14159359295533458 0.15321181435755998
0.14211916467200572 0.14958221787407097
0.11814352682388787 0.12855974419529329
0.14478764409227304 0.1539219613132736
0.14911905615033616 0.15753021394627173
0.13551547953246096 0.14076227389323445
0.1627684354709595 0.16793704677832424
0.13670859745367928 0.1447301217941978
0.14829645371709435 0.15987343874300575
0.12221757570968862 0.12834879593848703
0.12494130131551917 0.13566279809383944
0.152543856428437 0.15285768333175836
0.15697526034269363 0.16929157003632433
0.15849696874762711 0.16733087201659974
0.13252217376297848 0.13780000342068147
0.14922519583295366 0.15538427119739473
0.13139828519031913 0.14085811959632574
0.15627935039387025 0.16315439707589469
0.1230607171521659 0.13046632319359022
0.1271460883369701 0.1333503726864456
0.156180858535306 0.16433815238248614
0.12623598882811235 0.13165459819689557
0.15846048788849915 0.16798003038803366
0.1852753523549262 0.1947225769076115
0.1410852407135969 0.1513475061888053
0.15514474550009005 0.1633685348555059
0.14271355051497517 0.14912847166583948
0.1460435767080473 0.15597964199740083
0.14067728238471283 0.15117414769924564
0.16102807003412806 0.16622380358920605
0.13576168190059063 0.14205773349731052
0.1642271912126144 0.1743608847466857
0.1433476072299488 0.14911116666483748
0.14064906085467013 0.14834863926489833
0.14623351330422504 0.1527753197803323
0.1614350440722795 0.16538663990659538
0.15374928209094163 0.15882831963624308
0.15230933005989986 0.16227812689782348
0.1465171246460606 0.15159622353423763
0.13135735901139223 0.14235670481913965
0.14578627722299228 0.15458753839953518
0.15352179916746708 0.16409452709570807
0.1369211237075728 0.14206636922595398
0.14096472439511407 0.15028116787811682
0.133555024830538 0.1434571097518826
0.16313874008800996 0.16851822640800335
0.12165783684933154 0.12628559969761755
0.15457203876060224 0.1570410941747483
0.14575033217826794 0.15751125392444362
0.1485130032727612 0.15583647590453067
0.1306932636897125 0.1425989364558099
0.14939062875330664 0.15440946955613563
0.11617141489024965 0.12636811748924395
0.13369070044760872 0.14038997348620644
0.14973830143450229 0.15570381906565292
0.16083160655210932 0.1715346454022592
0.17377943148711297 0.18081091062633134
0.11588257037644423 0.1257309858394364
0.15524824941800572 0.1555811782545005
0.12604741208512932 0.13233096894397484
0.14439497437999566 0.15403869043036944
0.14402408502727135 0.15204050434569327
0.16680612977739537 0.17831421742694892
0.1787882718600799 0.18417648638802833
0.1417796499072621 0.15258560508171187
0.16420648235160135 0.17154856459269
0.15417067219254768 0.16458673694449363
0.14948990981399987 0.15311430445585528
0.1641648680550149 0.17057199837123385
0.16023495241376035 0.16643016742237773
0.12517778506679775 0.13115671811090976
0.14307102164109978 0.14985033980541046
0.16567859268019136 0.17479870894255425
0.14506154887017522 0.15400227963526203
0.1726885445341267 0.17820178155201172
0.14669576577152052 0.15595758618226765
0.15592060479499126 0.1621923419742082
0.1809504131784593 0.18704351371312686
0.12474590828320213 0.1306776577249869
0.13681759347479255 0.14459619900053128
0.13058487798406745 0.13961837634842386
0.16513703447044498 0.17206845474261787
0.12354326594629655 0.12879329042737914
0.14819020189524995 0.15535834326957806
0.15569376705826576 0.16064024356309914
0.14376575867510552 0.1555201524780812
0.16556749656967532 0.1716401971753272
0.13540819308905291 0.14047357599196655
0.17095595597811672 0.18079758682243177
0.14055321344605687 0.15069613399615472
0.13093084488368645 0.13586731277535813
0.16603999434114614 0.175772412395585
0.13301182806929832 0.14354371542583763
0.12689338986258972 0.13532270445316874
0.14671576365904646 0.15419225071462905
0.13114631986328756 0.1402315690834168
0.16929369906880978 0.17782798639343286
0.13909248972525168 0.1470987349434708
0.16487462902558964 0.17672969523703494
0.1684557364376669 0.17379969314864274
0.12058621874689063 0.1326828071913532
0.13933308903588895 0.14761412244111508
0.1573935948301924 0.16719827206789345
0.13898270794866402 0.14959588833790222
0.1531425057168232 0.16274418992996795
0.1453040918560486 0.15042265316503242
0.14227877211276888 0.14953096206959812
0.13458265989013635 0.14637591852126208
0.14628449574242214 0.15213992069001742
0.14290931908877028 0.1513129267788893
0.15390670830526557 0.16204191690895553
0.13622909812603715 0.14043002603635926
0.15718953509084782 0.16456367240328493
0.15385455469860412 0.16215899540879164
0.1584517833035193 0.16597063191031305
0.15067355316714845 0.15431728229222919
0.15796366693314287 0.16800568792482512
0.15879980716015998 0.1686704022949228
0.13751334820753594 0.1449093445016515
0.16828430731917043 0.17574008653366524
0.1519876991955753 0.16117363129127743
0.12646671317857477 0.13791499037356117
0.1350465133313089 0.1411994751161919
0.13798530018563054 0.15028714402892296
0.1576213614210023 0.16646774673930612
0.12268978733521686 0.1311109375788347
0.13572107797324 0.144563547342777
0.12091561406438078 0.12786139998160057
0.14171418687848164 0.14921904423133595
0.1473913899056978 0.1587253399744474
0.14203797271800092 0.15235082151342494
0.16679322540563088 0.17413482094845872
0.12465678831777971 0.13759938497166285
0.1739305663211293 0.1786798192403714
0.14646383251258935 0.156144397875057
0.14092426878962414 0.1501036865344175
0.13075192456831705 0.1336897035694432
0.16273329302049927 0.17078467746048528
0.14570439120380405 0.15441478589513247
0.1404272032797286 0.14856511670537098
0.14118597240875638 0.14865032032767808
0.15288359792989495 0.15796904737169165
0.14217866452278546 0.14936550648908822
0.13937014688686294 0.14936341238882836
0.13302445688858364 0.141211499279077
0.14993177941951394 0.15659706616083963
0.15336343023531313 0.16470686870259235
0.14482814737976069 0.15095407368131236
0.15495238694201874 0.1589387512901453
0.1453227545522256 0.15348743098724632
0.1663041831041543 0.1724161398191199
0.13765812519401122 0.14267893408758175
0.12547774256427985 0.13421342440134842
0.16151794611274614 0.17217236256648893
0.17038217182606488 0.1764352036691599
0.15531644256110963 0.1601789104290654
0.15221018752283733 0.16022137481269522
0.1528186880042448 0.1582483899310522
0.11972677611369915 0.13109930150870863
0.13666602941601805 0.14010824078353165
0.12585423866091225 0.13061329573407465
0.15562178402225071 0.16274640128731663
0.19830718815885046 0.20622258188760706
0.14447395489594317 0.15357416469034577
0.1282845421221912 0.1344374115267466
0.1539323736533461 0.16451155179768154
0.16036403362073226 0.16756377430631925
0.12313748737712009 0.1322534784123983
0.1378106658490578 0.14418149640353994
0.14969728579789077 0.15476702397777925
0.11079583305433871 0.12083303732823986
0.1405147371140494 0.14856291291169224
0.15014260191131037 0.15933631951278435
0.14784716188905045 0.15633390248488457
0.14567557862359892 0.14978041847042217
0.1749105257394083 0.181415896543948
0.14435721388753392 0.15441892392482637
0.1595327081449721 0.16343121716178632
0.15727962803021298 0.16818994345913907
0.13530416110862414 0.1407748337214484
0.1535832008808131 0.16017378186848552
0.1318321561047282 0.13789653115583358
0.14736877655641584 0.15373213665797042
0.14680520469523062 0.15113514824431512
0.14312875412397064 0.15020467549085662
0.15368675208992455 0.1631114697841228
0.15187525404764432 0.15867982633575312
0.1528833426386561 0.16160132501082355
0.17966452626340812 0.18635532112416933
0.12613160378035934 0.13570784864125854
0.15262345733052235 0.16125466531298463
0.15776031600269486 0.166388006256587
0.1349418063954151 0.14307553276970697
0.13620173145846043 0.14546532116021157
0.12165183492522917 0.13065208953115892
0.16474171686528982 0.16797367577536956
0.15695939010451004 0.16348479071350838
0.18447956715633934 0.18997921102367396
0.1562453340155657 0.15930037371157163
0.15901661286677454 0.1613414783583881
0.13301768352708887 0.13662157107817494
0.16161351581961497 0.17031183268012004
0.15597448010895104 0.16160391286716805
0.1409313613423476 0.1505208315526536
0.14544570849697772 0.15228000236669256
0.13608308730363164 0.1419698378954757
0.15217481829734186 0.1595964106761434
0.1342695385532072 0.14105307129475841
0.1527727294411477 0.15801849272078128
0.16933713712558854 0.17937770571929262
0.17072223675456616 0.17813415777118402
0.15016825673461093 0.159659799394203
0.17221081615760558 0.1761576159424804
0.16704525837141596 0.1636270223778035
0.16164621643018745 0.17048964347619233
0.1415498930445826 0.15116589996086213
0.15571701701662446 0.16703914289223934
0.1399056262015288 0.14944659596636603
0.13668429581022004 0.13996084631691977
0.12945980136457377 0.13244182061780185
0.12716796046372592 0.13323136319089784
0.14990279722054703 0.15598037408924348
0.1195264891297195 0.12950271689086065
0.15549047936012297 0.1604010140696952
0.11859207517124022 0.12689150284175343
0.15449274514211883 0.1585850623734874
0.14270910347953722 0.1547905053270161
0.11594185155757789 0.12166272109397061
0.15118908724623084 0.15896689539324685
0.13087075691971925 0.14037411981729842
0.1506347195790129 0.15807562881327414
0.11325505508192364 0.11806944462459305
0.15267147672895987 0.15681965554235386
0.14462789571282025 0.15549623550051264
0.1720372244674246 0.18098998574346092
0.1657813822263437 0.16980953703238005
0.14994961677640883 0.15538266607765738
0.14137190309540515 0.14784567313339034
0.17454388838984786 0.18198726659076506
0.16001427426010376 0.17038230183191713
0.1572844322610106 0.16809673554994894
0.15748118177217457 0.16650118443509793
0.15259304366010173 0.1637668706266919
0.143573892357506 0.14957980085583725
0.1563608987125826 0.15952024051469968
0.1257540093742693 0.13324072769621145
0.1700914096342624 0.1746780051196078
0.1615397627042868 0.16983320614704334
0.1448545611583099 0.15180075635076365
0.14473273400277162 0.14886548519413453
0.17823163446191592 0.18813893744709667
0.16551019419826654 0.1697229064066555
0.150606670837088 0.16162893123550698
0.18421445689590132 0.18721517725547512
0.15541166005856596 0.1570422540478201
0.17897587300303336 0.1860252151446821
0.19122989414742386 0.19707268466027633
0.163929724390251 0.16827651820864864
0.13041179964876723 0.1405257617267802
0.16625165759707222 0.17572418063388368
0.13033128729137022 0.13433824688431284
0.14799349716589194 0.1561293476221949
0.1281956968567786 0.13304595742380113
0.12525964278982638 0.1332143685247999
0.14917922126781713 0.1536170651009092
0.14580749277246624 0.15295852735049328
0.156275813041572 0.1655760122321358
0.1489439274099449 0.15936924914110406
0.15660212324230843 0.16471688276478474
0.13887368752001664 0.1468648054335856
0.14647779832399732 0.15432219772312974
0.14512870419737406 0.15418039900574698
0.1640333937927588 0.17348141146743237
0.16636162287585818 0.17141406380603308
0.14958129440822882 0.15634762788469028
0.1563093763565456 0.15960491164212165
0.15183280586437392 0.16085412301213148
0.12880475095091884 0.13662650054051373
0.1235016580677089 0.12833354308913916
0.14235838527635264 0.14617030764719185
0.18037935398898092 0.18775348708304843
0.12346952913258076 0.1305163842548991
0.1628487107608813 0.17027474988845911
0.15459694053353037 0.1641011224942452
0.1392862977173564 0.14867394011495388
0.13031613285111987 0.13607711162419558
0.11095921454521766 0.12056691147555125
0.13158357084584127 0.1360816361192325
0.1743269942871351 0.18395347940031323
0.153422223314433 0.15775204374263138
0.13887893661560405 0.14020091629120002
0.1492357244486149 0.15962312359003328
0.14315955365230368 0.14932901866454384
0.14221754776727977 0.15225551240043794
0.12973169495378165 0.1340868089173681
0.15477612672228827 0.1646744518310793
0.15956386043477047 0.16891364983374066
0.1535116013125174 0.16058136322068273
0.1455937244696539 0.15319099465024977
0.1339957558526703 0.1408821918100022
0.1394282623170883 0.14829309570329574
0.1417651606127966 0.14905158178523073
0.14531688662392386 0.15278127605601816
0.15484276888174578 0.1562793137369905
0.16705011063776798 0.17182871938554242
0.14078039137959628 0.14997216876418987
0.15327949015081294 0.16020636296613477
0.14563815818171225 0.15166044040379084
0.15318130034638464 0.1614465275560138
0.16318584866043356 0.17300013496836744
0.11847772253576574 0.12929729129222095
0.17244199557760678 0.17891762747741677
0.1475072807363727 0.156730127812814
0.14296111266335584 0.15370786625095886
0.165144610834561 0.1689141206214624
0.1624568822770344 0.16857306798885538
0.15199934248140887 0.1595648586319746
0.14166892693181468 0.14767718433682742
0.1396773811411753 0.14978399484960928
0.1354645316659309 0.14315240889688624
0.16594481573253564 0.16839970907159113
0.1547730490663949 0.1640563760076105
0.15164920565085618 0.16178008153173187
0.1383476463334665 0.1429843255131565
0.14902608822054955 0.15512544060296635
0.13586133315640914 0.14312570632281027
0.16561488724404258 0.17533078039137506
0.12887104675758268 0.13844219640963995
0.1354252028570319 0.14266874945321892
0.1367073756709486 0.1490716224979791
0.13891021431342276 0.14632093942146396
0.1620955405567756 0.17099891389244928
0.12727404766796122 0.1338119596523827
0.12419235349692664 0.13253939654860925
0.14565076657137363 0.1520499980152195
0.1343506972110856 0.14335298583700798
0.14463806428739845 0.15011944694516613
0.17588915032216454 0.18538999510006612
0.1432852748930321 0.14852242385794395
0.15249104929416837 0.15958216673228126
0.14338495152227487 0.15057109222803428
0.15125316810193024 0.1544102766948873
0.14015181243917785 0.14945183128701028
0.14348129245814203 0.1521831697310889
0.1649226200967053 0.17446701752585508
0.14984906900569675 0.1534199834687918
0.1361264549677812 0.1430520586835309
0.16401607106522495 0.17193360636133342
0.14519057057695567 0.15327015412874379
0.14042861022981576 0.1453972045607185
0.14669623820351982 0.15407816751939943
0.15308480711039968 0.15812982633724
0.14036858159296495 0.1462243466985105
0.1192304228130948 0.12701133540354267
0.1479526949620155 0.15659078685579125
0.13163248488080218 0.13637476691357261
0.15044530893750616 0.1525106152854109
0.12889969448018002 0.13630562693856252
0.17503965898030888 0.18491864433193206
0.14578040381797064 0.15428037309037207
0.14530932096960247 0.15526805251766332
0.13483703081458814 0.14115408737432544
0.16530485818411111 0.17668802264901362
0.14028737003818093 0.14795008947520583
0.1428830406986408 0.15009866342235703
0.14826265075253936 0.1564724200632304
0.15833005339541328 0.16949375906488925
0.13956120095074112 0.14558294337699393
0.14012934090085793 0.14775126065550773
0.17472361758395344 0.17861893688242372
0.16121009982623866 0.1679649709800009
0.1339230971097801 0.14199492896370342
0.17617699073674734 0.1849623646280057
0.13338459668026595 0.14472574054482826
0.15359761140794442 0.16467651322176965
