0.25215817520728895 0.28458628056589547
0.2496344806990394 0.2819515835403754
0.2535773570005704 0.28608887908144737
0.24337972626765733 0.2809966755797171
0.24970632475135496 0.2836991148763655
0.2435787470850362 0.2804746490084059
0.2649679020206254 0.29981773025040587
0.2598143284653121 0.2933185861823569
0.25805881498029143 0.2979210664457027
0.2557450283244694 0.29401199409915824
0.2529925883606707 0.2856560758161818
0.2540225009559561 0.2873917021717622
0.24963972455704347 0.2811531550482304
0.2594237454787407 0.2921424362996013
0.2555934984772707 0.28922208928388443
0.25829838345389494 0.2963540628978116
0.2525375192692151 0.2865661433955223
0.25577708521036124 0.2900545117340056
0.25659951055796004 0.2892208222589595
0.2412842029337378 0.27800882187533754
0.25665450822656494 0.2950316974524884
0.2552074188647437 0.28976265974754145
0.2608360452724309 0.29774371870485766
0.25246571341162405 0.2907044637090484
0.2564808945705516 0.291389557310849
0.2556566836537702 0.29320575732424314
0.2658077956275436 0.3015369037820452
0.25828417897202954 0.28976288272829903
0.25430511781109644 0.2895121006833457
0.24436649550680986 0.28205088668711753
0.25366565595737783 0.28889676693084926
0.2626101605757447 0.2984023049772979
0.2602503122657416 0.2962176776924115
0.2511963278552383 0.2817227342798599
0.24961230772743614 0.2824876600301384
0.2496744934651285 0.28463938888115525
0.2474886758653203 0.28504183270401806
0.25223790985832845 0.2892344447677018
0.25443155823548536 0.2921818800651812
0.2578167483625742 0.29425230656024454
0.2532806251670185 0.29301545343211083
0.249417444625248 0.285708300227722
0.2558379890512368 0.2902544094440748
0.2595593262236596 0.2949611210499766
0.25380827751356444 0.2906260422632595
0.2462925147118502 0.28667446035242866
0.2549226622644359 0.29553311812004995
0.25265982992634456 0.29276069362382146
0.2536043556241133 0.28541696716372933
0.25599550921115355 0.2885270005757637
0.2596956425272571 0.2961420648429712
0.24980997105836772 0.2837055712340097
0.2540372850437727 0.2959986800508291
0.24881181252180404 0.2825591702771629
0.2574242185736914 0.2980083075773735
0.254384585580445 0.29284174598932566
0.25783143703955974 0.2956970570964136
0.2536399894902267 0.28831005184166075
0.25077798059982526 0.2827481366155908
0.25065776011366536 0.2795621101382372
0.2446145959934664 0.27624400521790027
0.26415764839099043 0.29808721211951283
0.25585625181702903 0.2871493190618285
0.2543290789749346 0.2934487495414483
0.25873415717658826 0.29483701042781385
0.2600991370361856 0.2938486180460983
0.2562749070718415 0.29304278532559375
0.26005832542023855 0.2930747872453085
0.2555261897773042 0.2908587317757178
0.2489088528626653 0.28814651528814017
0.25217939621913577 0.2933784990763277
0.2550048489225339 0.2884786945551081
0.2553176667267007 0.2861859293636932
0.2540669207371908 0.29086170181021404
0.24341770664422427 0.2807199135992784
0.2494503451036583 0.2866208620012178
0.2595255906145642 0.294529406317817
0.24487251049575026 0.28322907400325814
0.25462180055088246 0.28798441345012593
0.24684524582499154 0.2855718438287687
0.25786879755437864 0.29226996823867935
0.2626736711063253 0.29741886220016855
0.24959910256390497 0.281778902016431
0.2504730187992729 0.28834329110057055
0.2518139500036735 0.291310481509548
0.2461444613945218 0.28608216148440846
0.25631105973884327 0.2918135028807185
0.2546484435133834 0.28923269116443145
0.24483704001262105 0.2793076596097584
0.26810154564296484 0.3046079271680011
0.25320846519403245 0.2903123000790154
0.25845300511742003 0.2882908164293023
0.2623542484721904 0.300193630838512
0.2546937652409452 0.2906635164278238
0.2444741989992242 0.2838010979166688
0.2533656391945876 0.2905421807778002
0.26315464797792854 0.2946897532544628
0.24667261247439048 0.28409784583070546
0.26635371284672654 0.30106183911696943
0.25011963048123403 0.2844633684050098
0.2536609997220436 0.2917816663323506
0.24972890174526682 0.2887165008877634
0.25117455874814487 0.28499590813897524
0.2675372125393775 0.29740841960353476
0.25553031047713115 0.2919912651155354
0.2551532620472871 0.2928870140265207
0.2680015160569687 0.30660114679068295
0.26570808203620555 0.3008598267974526
0.24743741344881406 0.28308166483841257
0.2540820972967432 0.29061773420632947
0.24753245026755652 0.28253388130752116
0.2504438748223893 0.2859017777493544
0.2541395641126811 0.28718735635422404
0.2572469301699098 0.2953962929488382
0.2505848819278259 0.28610802891474335
0.2638985794926302 0.30073308093665946
0.243501455590104 0.2787956408506517
0.25690162079787043 0.2929064397101556
0.25059939982672513 0.2823252886910792
0.2576892677222762 0.2939739497542967
0.24812245222325344 0.28597373713796825
0.25931069468845347 0.29615078171068193
0.25595923093551415 0.29388023377281786
0.25937286737557874 0.2960454377712247
0.2496285816202636 0.28950652136785965
0.2585911445918518 0.2923531809133574
0.24999142196036392 0.2844011059642184
0.25983407520544416 0.2952939119791987
0.2529807042566097 0.29248192706028314
0.2609631355812516 0.2978688038891566
0.2566755416272199 0.29513693946884517
0.25621839864306123 0.2926358535371447
0.25133071546223956 0.2893792575191194
0.2539250817376412 0.2920390991700062
0.26059449433567533 0.2951928975359179
0.25415400191607657 0.2924715674865758
0.2459814053747694 0.27999431901577787
0.25831340720817936 0.2943252989737312
0.2493168779047339 0.287958215022601
0.2568620573546882 0.29162903675875107
0.24548301318577898 0.2812954003403952
0.25083465324501064 0.2891951683607351
0.2562818592144984 0.28877460744337724
0.25096851017747246 0.285949456784007
0.2631833614033738 0.29896756022018606
0.24852174071151245 0.28597487577327324
0.24266429040667678 0.2772007589449257
0.24673357534052856 0.2828991068234873
0.24417871834307353 0.27728406501759306
0.2503721857127575 0.2857949865026206
0.25247634326155605 0.2840811386981365
0.254855954352819 0.2904804820839758
0.25746310905534403 0.28889587506966724
0.2568902403417794 0.29244559748837395
0.24767755710697686 0.2836594351044347
0.2591524684228694 0.2918287387340621
0.24777250674704673 0.28625045424471557
0.24906041030934303 0.284051859842737
0.2534853249700933 0.2946066073914352
0.2599193347451594 0.29771035969227116
0.25023099199179255 0.2874132318221388
0.2507318746488915 0.28950006470573814
0.2575427087818772 0.2936984698125793
0.2519073361189511 0.2900795793340467
0.25864432293585143 0.2946107755989817
0.25084802279482743 0.2886054781063678
0.2540118949447345 0.2894363235249392
0.2574384682230327 0.29354053035159516
0.2666830274245903 0.2980837984517856
0.25618469733992794 0.29462066044456553
0.2591952111467287 0.2953968877115261
0.25673388141940395 0.28930245669229254
0.25706385196821585 0.29217051263572896
0.2602065621714148 0.29391213366608965
0.25133215788379604 0.28748854316544914
0.2527547821589904 0.2903924471768297
0.264211046039967 0.29710624868155544
0.25130981636975 0.2870168921889893
0.2557829737116054 0.289624402146019
0.2529247541315013 0.2880187414676257
0.2582595417725237 0.2928478835832303
0.2485982172799191 0.281177762464426
0.2549051107047402 0.29109375879913735
0.24662158625556246 0.2805308753649241
0.25653624486714594 0.2893580064683242
0.24999438060363227 0.2891218015631205
0.2557276886667209 0.2926171598430203
0.25199845643944696 0.29049159265904034
0.2558458628947325 0.2914638307773002
0.25572049463911356 0.2883682835378805
0.2599586659852492 0.2942213547188423
0.2526151654156135 0.29250244627814165
0.2563264630344412 0.29307221767950237
0.26827059227047084 0.2993638512503335
0.258599100474042 0.29396841271712354
0.2590633654684107 0.29223025989099377
0.25356614591597604 0.28526943862664933
0.24983624875290295 0.2811554859452399
0.24733576770479782 0.28417732580762717
0.2624623020774438 0.2993505874197784
0.2647029698501684 0.29600333628762204
0.25045831922112494 0.28788160501729754
0.2468045726550663 0.28368680956390124
0.2601921847241481 0.2987967280294007
0.2608504277232737 0.29818453967827663
0.25624894665908116 0.29255726483231687
0.25013821526825203 0.28490884993116444
0.2556532337557731 0.29034765503861837
0.2525657892317985 0.2900549666271174
0.251414087147367 0.28378182246841244
0.2597949759760441 0.2983178414664324
0.26354694369169374 0.3010594537009532
0.25765576681541064 0.29077800332793713
0.25198089091434805 0.2886652422207177
0.2550556404992148 0.2912534070062505
0.2540654195144471 0.2912511182007388
0.259078798759338 0.2911482288070295
0.25394770211286766 0.29172193916356554
0.25862864386908396 0.29812333152535464
0.2506421802811067 0.2815875041479324
0.24330783761803007 0.28056671981673187
0.25069250963469375 0.28790972547052346
0.25443824432909 0.28958658482249433
0.25032353375844923 0.28664340228928775
0.2529563612182273 0.28610539253577727
0.26364143042040555 0.3021489777096373
0.25801474707291333 0.2920588211392484
0.25727306142697043 0.29456827210402875
0.2597110707461387 0.29566262253914616
0.25188745754806025 0.29347236002040855
0.27007539348355153 0.30282358654149044
0.24401093786946426 0.28300427012663737
0.2534401302310164 0.29102231408605156
0.2539280473776466 0.29098728551331937
0.2602851828444378 0.2973208680801983
0.24889933395673494 0.28798701813671695
0.252241178409818 0.28720268969741947
0.25127729723139025 0.28731151747151645
0.2550424139829491 0.29587064353921494
0.2591733253597285 0.29591141290711015
0.2593168558114871 0.2928663159691662
0.2588498818864391 0.29391463942607576
0.25070286315368634 0.28666936144520677
0.25041569892749094 0.2888498284036885
0.24153583164132317 0.2751843771807589
0.2480492282405247 0.2839872622451047
0.25183846583216646 0.28828229342805267
0.24866525221706365 0.2853427534274849
0.2637311520522815 0.3003287605895104
0.25475386346632795 0.292347073068428
0.26163611118007274 0.2967564317948523
0.2579415806500097 0.29342048115217284
0.25754957432743514 0.2914864303609217
0.25060176766859005 0.2897550483892668
0.2513193256810372 0.2872288298040177
0.2651943318558149 0.3013995292728956
0.2458215306775377 0.280605052960865
0.24518743034443968 0.28223315893595163
0.25879893733167 0.2939773061574944
0.25522551952760897 0.28953380814212676
0.25553468886120695 0.2916996760057468
0.2582567119258701 0.29442711408202926
0.244703601473319 0.28251817761954734
0.25059136046141084 0.29046039569255416
0.24426702252993962 0.28062545360359553
0.25528479834074086 0.2870891089841616
0.24621505419583323 0.2799515869859491
0.2607040473275882 0.29400995811929204
0.2581840863962957 0.29555333075652496
0.25731274029768036 0.29725277032802044
0.2562899455519286 0.29220652484503495
0.2512113338705282 0.28566485450161705
0.2591419187949089 0.29522686751262506
0.2586695634393867 0.2956954029441471
0.2523897994479367 0.2916871029138646
0.24931048447809795 0.28639489080655944
0.25888350961016193 0.2972283868655092
0.25753856515004164 0.29100044381792606
0.25493980098953595 0.2930798696864397
0.2524912516291847 0.28706837573544924
0.2549381247074621 0.2912141222820566
0.25463395122236565 0.2924848719651091
0.25219893104843727 0.28448894556037857
0.26033159226675434 0.29607000280866047
0.2545937589221519 0.2902634982590783
0.2566735740719136 0.29070228070686466
0.250687352324638 0.28523129740788405
0.25103830837260316 0.2842333286310359
0.265539786258603 0.2978735866122643
0.25697067999585665 0.2947295208850256
0.24429984294410984 0.285521102020102
0.2531847776067263 0.28896509244482776
0.2584718963725578 0.28907232962551077
0.2486485905659057 0.28438561135029894
0.25583062011841357 0.2922618380368539
0.2515127524836968 0.28747754307021206
0.24276025535352969 0.2804712507318385
0.2495646599344489 0.28756009835194496
0.2656514575678126 0.3014454922227782
0.25318904688144955 0.28377821440956497
0.2533035741231247 0.29105627091607816
0.2456366990638892 0.280255868039817
0.2645528970777469 0.2991563550605327
0.25354187098003766 0.28517449799373684
0.25910862738193985 0.29097487250957477
0.2530875694285901 0.2882378424453298
0.26391777511497627 0.30311008288818375
0.2553876753417812 0.29028723699157766
0.25437459271781787 0.2936717207534637
0.24980810256120822 0.28699833816238113
0.25314944496333114 0.2873001322393068
0.2572102453962561 0.2895015489596918
0.2533404029239862 0.28643088050851606
0.263108266527297 0.29343496083197296
0.2542776099177847 0.2894450123181837
0.25021710233218497 0.28817168550597017
0.24696302251184518 0.2824395236864817
0.26369208587869075 0.2992263647607783
0.25447266152293513 0.2924819755610095
0.24641352520983154 0.2827347995535337
0.2526615249315857 0.28973037051755535
0.2476699384692096 0.28203408567339777
0.26260577506784777 0.2950175556094528
0.26339467433556324 0.2994529004844037
0.25908449008381856 0.29589362124514046
0.2617971664750037 0.29220455213249047
0.25994039424332166 0.2926420604955615
0.24152757421733123 0.28130773463723746
0.25164288263490003 0.28665009570098643
0.2557354582974819 0.2955616151044318
0.24401074289670036 0.283668037591455
0.2496054843824569 0.2836457430389858
0.25421202225815087 0.2920799693438607
0.26329913267005706 0.3004159738071706
0.25890356940994425 0.29203517303681514
0.2474383243426832 0.28728844533196574
0.2508694139918655 0.28432189545977915
0.25669853860595965 0.2866514672977551
0.2532792042218942 0.28731188083501086
0.2439668946131974 0.2821773618314522
0.25203282244301145 0.28882505242052486
0.2646828523853069 0.3027272672367862
0.258076655490011 0.29442649566173307
0.24942971741626999 0.2856590743185259
0.2538326840722826 0.2940135525522788
0.24857155070163098 0.280517973750678
0.2596034125183967 0.29847449549983507
0.25906980307182137 0.29415472154171496
0.249745264581289 0.28488281159733303
0.26028538410201935 0.29245639951561475
0.2571622731946456 0.2910517689920763
0.24091707066799176 0.282926251567447
0.25850935573244416 0.29389065121556013
0.25220238992092364 0.28914229111599454
0.2570286811336436 0.29091783973237434
0.2589820933916075 0.29790134697404574
0.26255868493069506 0.30113553320202524
0.252517728320247 0.28682469985176107
0.23971738892044445 0.2758246106657368
0.26283870591464037 0.2949132249722954
0.2543654648926645 0.2956964185261815
0.24630596447770184 0.2828848111332506
0.252580849136844 0.2825884255196788
0.25267120390210723 0.29205405596675466
0.24926523918909937 0.2828086039112757
0.25411106363323727 0.291286848946287
0.24811963551246813 0.28225301112914525
0.24671608480808857 0.2887356974345855
0.25427121121877955 0.2914219641230623
0.2612081509361007 0.29306771495045014
0.25282389761132334 0.29075168299107934
0.2516826852939692 0.2901727915171299
0.25067143902641165 0.28420885907716026
0.26401217282522443 0.2974858412599167
0.24956290572345902 0.281859032351906
0.25184715448364536 0.28599083399459946
0.2559068201539104 0.2928623975557176
0.2580959526162299 0.2922646422213873
0.25901344677045385 0.29539923461047585
0.25034142754131483 0.2886786513476386
0.2581817745634094 0.2991530667868923
0.2598281581479124 0.29355894784544695
0.24776412550329446 0.28299991281832054
0.25799085592497484 0.2850665682124672
0.260212968792447 0.29788875856294006
0.24596017987017715 0.2828199420559029
0.2529125252252962 0.2892092976505081
0.26617501722756215 0.29743478726890105
0.2584484470315178 0.2897333527540992
0.2634824848752142 0.29483911354703357
0.2534416981303687 0.28691738252306204
0.2536171931231314 0.292267752510652
0.2504368055075097 0.28809517508056126
0.2656459724363901 0.2969088988077537
0.2527188366775086 0.29062946091624425
0.24902286374078667 0.28341781823012513
0.24881345873144084 0.2811994780980438
0.26162042951867703 0.2980905778932524
0.2468698348563496 0.2875416941685806
0.263491204211162 0.2997956700761896
