0.13999544389004875 0.15998432773051352
0.1356053983760015 0.1575597131356495
0.13132954855468218 0.1524455858577613
0.12928131096860587 0.15676248175319973
0.13048094873226876 0.15494500475579367
0.12219821541529302 0.14657314394225182
0.1614406610962833 0.18826676255144584
0.1488830908331585 0.1694764600830782
0.13812700641871506 0.1654034961113032
0.1376799268801529 0.16648611326575455
0.13945309935814015 0.1623335156574131
0.13289726368182678 0.15774976889974437
0.1178875814506043 0.1388607825245776
0.14515319022053616 0.16964992320317074
0.15187983926946597 0.17727094112798317
0.1391105743702054 0.16663844100599043
0.12975255281903444 0.15122015214595597
0.13592577975067613 0.15636894041407487
0.14797775992247186 0.17115248048550816
0.11897181248723823 0.14529828909152784
0.14044888555756288 0.16691097123634493
0.13725923196297138 0.1614441023287889
0.1452468062167523 0.17173198978192555
0.1387797971335663 0.1654106407136772
0.1422824016376744 0.16718627457997864
0.1381790299245784 0.1659715632626138
0.15964520693169426 0.1868977381027526
0.13379227743932132 0.15765282014165552
0.14226560117043696 0.16714839264407824
0.12019785267328194 0.14535722765263542
0.1340961775409869 0.16000237433600056
0.16404545912223717 0.19035818011099762
0.1494294397213725 0.17323909868604054
0.12827313650317196 0.151604417733826
0.12254100910565488 0.14341630717752368
0.12816387289990303 0.15111538219491552
0.12399791218322324 0.1493747681787128
0.13611532079979316 0.16493626745407958
0.14101901002876707 0.16813529365564592
0.13658717470744786 0.16402307617338618
0.1439367176605663 0.1725844946910742
0.1281213713261611 0.15211356279161814
0.14608139349060126 0.172040449656473
0.15052084053683434 0.17376115676574186
0.14117834413986385 0.16651817735446453
0.1272491506167167 0.15692062438889914
0.13572176680026532 0.16425824331434802
0.12889518497522026 0.15725313051145448
0.1359201141761814 0.15924604617638716
0.14023512867913868 0.16089046280450126
0.15228771719870118 0.17883639792987235
0.13082706290463936 0.1536297956523891
0.13418540683358804 0.1624781850438494
0.13153879512949418 0.15417380831091795
0.15740535884694173 0.18782083044418624
0.139227337345913 0.16720541502276542
0.14392332435781574 0.17030369949774637
0.1406868134263733 0.16365629041495625
0.12157645170166932 0.14100383240117187
0.12815315474293223 0.14523419988723826
0.1327879851758202 0.1551004023372731
0.16012362452280726 0.18621102345557822
0.13916684369293816 0.16163686183043915
0.13433616186952801 0.16164240155628512
0.14219424593654176 0.16465915838843714
0.1512953053854857 0.17526477821824682
0.146062994753265 0.17524325769501067
0.15304565263423758 0.17787600592890254
0.1444233291564053 0.17297265815150284
0.1405445624120526 0.16798951181074573
0.14398446005979956 0.16859692334929494
0.13003176748709724 0.15339193463555753
0.13061750000459985 0.14770616075533738
0.13770288611165443 0.16231122127474187
0.1219511895799402 0.14983090560339848
0.12874145829311995 0.15150596683669112
0.1548482183770564 0.17954127672493675
0.1291989619121097 0.15798856521854546
0.1403030282936458 0.1665354368827934
0.1269128307835172 0.15162213664956595
0.14727600440614597 0.17151268868582834
0.1556867471326431 0.17827127014918068
0.13107738665493843 0.15412887303962827
0.13204603606385276 0.15759920799984872
0.1322443340815823 0.16053391758314445
0.12980791092606317 0.16083168687787172
0.1381897569453908 0.16088413383327285
0.14197102623531932 0.16670022189781564
0.12475421945785584 0.14914499771419717
0.16960316936792927 0.19847200749045255
0.13830316193163444 0.16248759560962575
0.15833925130131357 0.17983380237680813
0.14401705302811244 0.16993438237318595
0.15062289229594364 0.17549795253976597
0.12338060760122538 0.15004214083798179
0.13700333809669527 0.16304056363804809
0.14628234932626227 0.17002144003543784
0.13120179061326906 0.15871929681831654
0.15688974267628586 0.18565517219291905
0.12557521367891478 0.14899800940606087
0.13924057542879062 0.1657040584769585
0.13623344094345188 0.16682018902393947
0.1286415330933867 0.1505543810615138
0.14935708129718026 0.1675719824254772
0.1401089751265751 0.1672542241860384
0.13467106526033848 0.159947794983607
0.16199995074168091 0.18827744184458142
0.14851470386017437 0.17343725354247522
0.12798739348328037 0.15230159575646315
0.13328364415796407 0.16138805939376694
0.1303998698709151 0.15333780256693103
0.13053803562417107 0.1564635148803339
0.13469731360287757 0.15820657823064804
0.13532760065277005 0.16056021607685633
0.1383713162900606 0.16168917609193384
0.16121233743063668 0.18566260714531754
0.1237477421691454 0.1495247357063054
0.13536361347713505 0.1572991209664425
0.1367242939836062 0.16013162071964254
0.14273329074615 0.17029448349832918
0.13067719572092468 0.1532354572556804
0.14528815754846705 0.17248404692285618
0.15122543843865818 0.17876667009674613
0.15044736746592283 0.17852859028618012
0.13294447111988075 0.15885951706447285
0.13737843287301815 0.15953714572458433
0.13241293477398783 0.15389124023370904
0.14298640066715523 0.16776447198729547
0.1323377011217157 0.1630604158688543
0.1575655725494169 0.18719519434910692
0.1494194805830628 0.18009728425927898
0.1407198655243603 0.16408779274767119
0.13154834171956953 0.15987611426710813
0.14289300585475156 0.16948620020071187
0.15054593033563082 0.17872052456356474
0.13671735227850806 0.16242403039184308
0.11842591637747243 0.14109890433285333
0.15159580523266664 0.17595644234721733
0.13888488710218733 0.16677329258840226
0.1460539796002381 0.1722533053121859
0.12660325212055498 0.15063365060717243
0.13350584870043805 0.15839201569086706
0.14882386615587617 0.17253205041491387
0.12364038910255964 0.1514088187157223
0.15274744063159193 0.17911906018419466
0.1285359432459666 0.15509893709831477
0.11841260607176549 0.14466546280953807
0.12340458030389877 0.14823832227382094
0.11696206549869807 0.14002634130366198
0.13400830002441283 0.15926800497756416
0.13531875469965865 0.15536977163236496
0.1310090692865088 0.15536212189491505
0.14011103031399763 0.1620545939705831
0.1436673158755279 0.16741527887424326
0.133367628191712 0.16017260192532712
0.1401767763769717 0.16301354361910333
0.13154379536636568 0.1565312638637653
0.13130928346095705 0.15124596682128796
0.1431302461432511 0.17288460359462723
0.14206460441432364 0.16912253080780215
0.1342543905123319 0.16017530246219847
0.15360116512560681 0.18522473559322042
0.14568323953600043 0.1709352392116873
0.13819762676034658 0.1647671403471927
0.14327175039804735 0.16628458304047228
0.12651073951431205 0.15057293389051205
0.13100883088986207 0.15552627380706702
0.14390576655404302 0.16928932297333465
0.14978191949828076 0.17324421177602176
0.14082431844622798 0.16737752319734533
0.15203487458008266 0.17901407887052437
0.13524749815909912 0.16105272472568638
0.1413539899321767 0.16235862068757037
0.14315944695533897 0.16573912484972156
0.13427386476896694 0.15899524672428503
0.13815244081899128 0.16360523215340714
0.1483858365821908 0.17420143479475744
0.14296005765393324 0.1682841772661562
0.1374544272077289 0.16009129530637548
0.12349127160606017 0.1509812984461292
0.12960545501952322 0.15112170708120665
0.13205514215765873 0.15324327381547317
0.13970077375872186 0.16552498111825242
0.12262954341633837 0.1446131477917224
0.13803479152558418 0.16103210361082823
0.1351724562568766 0.1613594086351751
0.15348891035069948 0.18132205943911517
0.1258093871273332 0.14997738039939096
0.13067218070480205 0.15363676211978486
0.152343095841116 0.1782443703905141
0.1520009942009778 0.17700990879272477
0.13376941696218048 0.16192422120870523
0.13255160139827207 0.1590111365397164
0.1644702299633171 0.19112976847814997
0.15883416976481185 0.18716801921761522
0.1523380520225853 0.17866969719916917
0.13907183794564537 0.1604986666923162
0.12211161729322424 0.14233628968481063
0.12305505890580473 0.14802436056786447
0.15733075990597384 0.18469233076494496
0.163780593652136 0.1845230884945385
0.14095531473730355 0.16837687782790486
0.12419633792881825 0.1516665193728386
0.1540976173032808 0.183350401356855
0.1467267531155324 0.1759994511329363
0.13818603831909249 0.1662180257784824
0.13146589891871646 0.15546677631952333
0.1383322301709676 0.16183923986473048
0.13950278803169794 0.16762636054752245
0.1227247367645553 0.14206964681130696
0.16092833017194788 0.19283181081396242
0.15671276857893382 0.1843347198964232
0.13647363532135293 0.15895614219625187
0.14990457574386337 0.17823654462899116
0.14465190932484565 0.16923405526358465
0.1331240382437855 0.15965262861425883
0.15536292483647077 0.17876368019448843
0.13490261883105084 0.16013978465964313
0.14237070858399845 0.1718244686800512
0.1321092993450986 0.153205166484264
0.1255289362224709 0.15342385555711183
0.12927294418986082 0.15402471586766614
0.14302753078313069 0.16859449494055856
0.1333676077572569 0.15617056461821846
0.13898530240934623 0.15990570492115735
0.1712210673114349 0.19852430720508915
0.14340161945799887 0.16699996080562576
0.15022157256262603 0.17991723532370502
0.13968003605314971 0.16433146666096093
0.14358254087203684 0.17384155291061212
0.15658100544322473 0.18093832078676317
0.140644204270424 0.16855671240094477
0.14103272998581995 0.1706121230966237
0.13658575286276795 0.16219644001375216
0.14727296552179733 0.17438506706440055
0.12280197970053762 0.14938449771530385
0.14167936873413237 0.16761309821330334
0.13502348209569306 0.15991025740188897
0.15057288796113968 0.17777426454375667
0.14989927602942865 0.17770531619911112
0.13373687094370257 0.15628132888644033
0.1395353985810427 0.16503879251163625
0.1195875591300357 0.1428802110859065
0.13790855452421555 0.1646187947052667
0.11302315089641336 0.13743470558616183
0.1266939355636374 0.15218966042663432
0.12889319688135908 0.15260076674529424
0.12082267095229567 0.14454664418636534
0.1534876976885333 0.18059479907282078
0.13289063289026937 0.15681025946267513
0.15750676491994986 0.18567953856802927
0.14718800677058677 0.17424266768794397
0.14787739517737222 0.17081951509271476
0.13463283166022563 0.1636435419256283
0.13833056640766295 0.16649150476451638
0.15488962972283504 0.182987159984913
0.11903203848295933 0.14260802296093913
0.12575990084411268 0.15157521669238505
0.14937227281511298 0.1749351391812102
0.132600143437402 0.15632418045504642
0.1396325323670082 0.16478120921464148
0.14748419133826282 0.17427442695260015
0.12105462584140232 0.14532046832539663
0.12753016433344547 0.15365141274719366
0.11936460269921084 0.14477524665591898
0.13576283326723415 0.1564925729306511
0.125291457568555 0.14916051031893005
0.13883715027955854 0.16243467345822943
0.1421052711194146 0.16956421366327457
0.14030788711182396 0.1664673254121085
0.14307284091544928 0.16983818582985954
0.13028707087945235 0.1513781099945611
0.13448852533266978 0.15823405900161322
0.146585113414489 0.17422968603132938
0.12777686623892234 0.1543680172268029
0.13035850732760035 0.1543171512189066
0.15326201745188675 0.17841471935371567
0.14817684696131786 0.17541760466572268
0.14584188672800677 0.1728990274550981
0.1316432921044767 0.15824917424628712
0.14418843862955263 0.17167725403453515
0.14496587088822352 0.17141719024648383
0.130319512553567 0.15226718501729694
0.15099083332349658 0.17544657783229253
0.14062784871697412 0.1652718495526821
0.14309858936656933 0.16855740733430052
0.13173754803076287 0.15820028106864545
0.13561950236565432 0.15891871182692732
0.15907710909934256 0.18240845624891402
0.1373737155166408 0.16147316493460423
0.12563923962731366 0.15232298490895177
0.13831446764179633 0.16381321251506573
0.146352070409854 0.1662038263118011
0.1337986830613617 0.15754619605813014
0.14274178321115832 0.16775186586842106
0.12279729863564166 0.14531987587969977
0.12363381834610498 0.14674589721031506
0.12944750915580588 0.15755986331657135
0.1624777512613404 0.18838884143723206
0.1337714367687506 0.1526468676026416
0.13168908735894883 0.15865510666022148
0.12434576417791811 0.14658185833712384
0.14351933647036685 0.16879730577901092
0.1391665980605157 0.16216301276904607
0.13371094256880992 0.15300876766422108
0.14443965923664578 0.16973690029108135
0.16829908056516343 0.2004829868584255
0.12783180421751825 0.1516644138712772
0.12949766204163296 0.1545317878079211
0.12383008330519608 0.14913006887324934
0.13692039690682056 0.16168168091653323
0.13509695696676496 0.1545816431708344
0.14113332355085592 0.1612406379871257
0.15475468729219377 0.17840025397422338
0.13987282351686442 0.16595081233953773
0.14293504583681052 0.16932320903152748
0.12815370819037444 0.15023304357536793
0.16223451076842466 0.19207096751790295
0.13154139891146577 0.16018797673211474
0.12768978908485348 0.15208229214861516
0.13485468389084054 0.16168097337580067
0.12823860049142186 0.15086021225238833
0.15110711725776443 0.1761902380259222
0.1528237081613648 0.17934527543447587
0.149657441686456 0.17527171148375753
0.14605624723009114 0.1663935621600521
0.14898999892069684 0.17274316839768358
0.11730194341473968 0.14403019460429328
0.145735772656463 0.17306886083173742
0.15153217533795782 0.1795873308603639
0.13239094013807384 0.16331108578596112
0.13008337309732543 0.15489137503969685
0.13643589806007578 0.16315126309915287
0.17782934538923628 0.20480157496201054
0.13844002356423502 0.16310730052915448
0.1258008732096324 0.15156380139813516
0.1388498888819597 0.15966117925465553
0.14047456639099495 0.16100132726391905
0.14532911158928705 0.16930925413615328
0.12532188761447388 0.1498825399832172
0.12930258371309902 0.15818236047804834
0.15625591546920004 0.184414281824725
0.139238564954787 0.16337397641919643
0.13143697783541938 0.15414812840593337
0.1403776411794759 0.16805073059302636
0.13165753819718207 0.1499825503551035
0.1556959689172511 0.1850345039733017
0.14618934876370993 0.172440306073619
0.13144621400609835 0.1552692740501543
0.14416237812715998 0.16611268238692387
0.14579331309480617 0.1708996409970234
0.11363579880537054 0.1425449223118946
0.1348233125175639 0.16167014694380138
0.13969479916418887 0.16726410158626592
0.14288786289913222 0.16584576786568322
0.15691684770845354 0.18872474334414777
0.15283124680558854 0.18173118213765338
0.13753289560409 0.16143893776370297
0.1117094981342867 0.13413603928900003
0.14505919655753508 0.168104478123195
0.14573895586804508 0.1752390424549315
0.12557922809324937 0.14928803448325517
0.13363089762033714 0.15431121552018123
0.12895168439045449 0.15632467377494796
0.13021299814082973 0.15449251120193597
0.14190963742734283 0.17016362524014367
0.13522395079515184 0.16170566280343532
0.12885835181569158 0.1572265608638928
0.1448700910481817 0.16766619057262974
0.15702756774468146 0.18101299454673894
0.15717088375286417 0.18419519451658659
0.12414547792099155 0.14861244455682182
0.13520029693325658 0.15846344841508614
0.14384422127509747 0.16925677437628292
0.12458277036461943 0.1459687882811057
0.14169663820983444 0.1685408643859413
0.14904116194945316 0.17842783324149816
0.13963682624865964 0.16314208041874653
0.1393700568545789 0.16477595338797232
0.12538214426194236 0.15261623738155375
0.15391558096669258 0.1854282024260672
0.1461418592610947 0.1712101950590432
0.13021900396902183 0.15806473462103884
0.1404801557000099 0.1610410161169264
0.15440266898561836 0.1834262540938305
0.12982378077113335 0.15270775286686378
0.12801730660489566 0.15182944476947946
0.16614254011230564 0.1872050410737787
0.15418600154170573 0.1779960759354736
0.15294316021590612 0.17399658784450844
0.1365405186695656 0.160995472003018
0.14680984471256875 0.17525332993621698
0.13243655720490025 0.15807852273913653
0.14888773439227607 0.17449020168322973
0.13952498523637188 0.16782678083842145
0.13861949655905992 0.1586304009822285
0.13259519617852178 0.15280284109223424
0.15909012646618262 0.18648528583704524
0.13004100000298957 0.15976183019506127
0.15137236470119558 0.18001238041011824
