0.28329138737383286 0.30030669189124953
0.26941204253329315 0.2898608292075707
0.261743145423854 0.2812649758774961
0.26964019659191246 0.2849336606753444
0.26207295345763637 0.2780394790267579
0.27190078303310106 0.2863908873555667
0.26237020604921507 0.2844071166599254
0.27151290001902456 0.28766469808957507
0.2765059351280759 0.29863659566251427
0.27170951920702263 0.2909203087698179
0.2702669258163519 0.28577955826744594
0.2717952571831707 0.2891156748215887
0.27057478368672877 0.2881769853695363
0.27110639794212205 0.28565037220170325
0.28925806773266505 0.3049673328732678
0.2683832965432501 0.2856145888754679
0.2776650554823219 0.29886763590063853
0.27485744016296393 0.293928155379086
0.2632111395403854 0.27848678726585296
0.2658064944611728 0.28693696417966963
0.27196776891226054 0.29093550555757075
0.26623945679229144 0.2858912915388509
0.27448457760745215 0.2913760316507338
0.2667961526951213 0.2810151297649445
0.2632407834117267 0.2807008114400755
0.2581130129636285 0.2784753093192622
0.2768590062138284 0.28973637663024393
0.26739900478823553 0.2829764925013355
0.2569505986038171 0.2774001059653953
0.27895496168004097 0.2991766717709178
0.26181321652765843 0.2825409896670888
0.2599440775877998 0.27548277779785274
0.2740485238359693 0.293917938427718
0.2801711018401846 0.2942939775303639
0.27021707524492744 0.2871159642837093
0.26120639305214205 0.27941728080298495
0.26974854938940035 0.28699727755389276
0.2624447326036443 0.279650609761076
0.28029462732407007 0.29690388014050967
0.2730140145304721 0.29191032868981154
0.2635463313008909 0.2853906075183704
0.27428615401097023 0.2906646596958608
0.26934806795348704 0.28603314767866095
0.2623284100660304 0.28231100240080687
0.2699423011981961 0.2883323173480229
0.27016550648408294 0.2962704966487636
0.2798329115489309 0.29693730379595723
0.26151125349023707 0.27979473387773046
0.2693821716110106 0.2878127132880679
0.2692323361876449 0.2850474226426934
0.27674693624655505 0.2930256095785021
0.27780673008250806 0.29598849700159985
0.27370320749867155 0.2874753341490167
0.27692865150091295 0.2964910134282313
0.27233743950206346 0.29172606424666425
0.2833775351550998 0.29720732691531565
0.2795894279160601 0.2984545892062727
0.26485911549632496 0.2843217998464381
0.2863854621536156 0.3051684898506687
0.27787470619109234 0.2902154440767068
0.2712458259550396 0.289737673693044
0.2721133820501358 0.29372567210908407
0.2633282388722389 0.2820317549889819
0.2717265294114079 0.28675313508456857
0.2583234734263933 0.2778477983358153
0.26709068299133043 0.286877359969886
0.2854253964676564 0.3038432891111826
0.27533718134920293 0.2935916838517956
0.2786458640231901 0.2950659535910378
0.2658047738786192 0.2861232164145904
0.28017766403511823 0.2942543990579709
0.2658743218342489 0.28370755370858725
0.2583855474195044 0.2772797319209096
0.2831679934275988 0.2991937469205663
0.28431698387064674 0.30644507285174355
0.2693253521105459 0.28827829991861453
0.2743178909638556 0.28953757015421155
0.27118030679925725 0.2889915276885079
0.274427346074442 0.2904773680842348
0.2753013451429413 0.2947122371886192
0.2644343867797962 0.28253615649966457
0.28325752903411777 0.29971928097651196
0.27309494112822297 0.29034377310913395
0.2826160405063067 0.3010440507976756
0.2779814584818207 0.295778714869435
0.2681479329042335 0.28710061112164376
0.2708735805319889 0.29158702127243014
0.2607401959663004 0.2754217397027034
0.27337979569389387 0.2926879731824091
0.28562121196414436 0.29949926281175887
0.2862766777854706 0.30137285420127863
0.27947773321310126 0.2968950326204192
0.2609895963791681 0.2788469336929037
0.2792808207188325 0.29761312213950597
0.2863892291873242 0.30460793747930215
0.2762848498342683 0.29019462086409864
0.27958381488329476 0.29970373513044246
0.26723271793830594 0.285225098556909
0.2737079026903681 0.2909082783929175
0.2663561124350273 0.28274260735982465
0.28110744322649706 0.2927343193320848
0.26613711821664837 0.2815238540541934
0.29084223632857964 0.3083256598383657
0.2663056378199498 0.27950841656788716
0.2715754639308035 0.2919706793188642
0.2693774723414666 0.2850467836126381
0.2664657851782047 0.28395555472716894
0.26684926430810085 0.28702672395795203
0.2822756628572635 0.2938667224099618
0.2670028294115241 0.2775484512863926
0.27694579511795064 0.2983109676326971
0.26438927723148575 0.28626227391284503
0.2802107174513935 0.29265126232260574
0.2764305571380546 0.29131330359466456
0.2568588227981924 0.2703185496871281
0.2755143669784767 0.2908658042156812
0.2638395068527684 0.2820380039188781
0.2748627364082499 0.2886171635406433
0.2608729192583654 0.28319550882071676
0.26593182529295617 0.2802456289826943
0.2758415182256442 0.2902051876958634
0.266114570002207 0.2831799814333507
0.2909958904075175 0.305385269077613
0.2694019980825801 0.289385463903709
0.27448427156553756 0.29046119881338445
0.26721106000555334 0.28115848184182496
0.26396946883723815 0.2833565332839061
0.253194941261288 0.2696909277029231
0.26881028481096086 0.2868891905868255
0.2756860082910541 0.29307227683856124
0.2667943613433667 0.28912891069039165
0.2773091021666747 0.2969883401196465
0.2726523798645293 0.2881361020808774
0.2771970566483968 0.29421219074503463
0.2873057433125176 0.30630476837829584
0.2645340414675807 0.28585128265990645
0.2651063297664911 0.28221201951873637
0.26059409509617304 0.2757651371096808
0.2775028939121307 0.2925520828633568
0.26403248922661693 0.27513991676096977
0.27871170813362306 0.2947402022302371
0.28126996706345964 0.3022330208432867
0.2681569776298876 0.28119327427387014
0.2836267385383586 0.30356785405090203
0.27778654305065187 0.2937636470437166
0.2798678062028175 0.29780835935248284
0.2643582863451311 0.2839800698164553
0.2727303292687427 0.29375809843314066
0.2553001683501275 0.27552239908809806
0.2656618257081422 0.2834867262186063
0.2693664124036014 0.2931174468668789
0.2582882782253084 0.2765219629241961
0.27294658600731747 0.29420785129994476
0.2659068163480226 0.28636866816963985
0.2645549184223961 0.28412185743981677
0.26809678130173326 0.28477840750188954
0.2644860139277433 0.2802447144895745
0.26788145565149546 0.2802384355638299
0.26618239804609695 0.28255962212911595
0.2564278065645492 0.2737769368375603
0.2706681541009799 0.28629177391211413
0.2713784461471691 0.2941759310426402
0.2566007240825184 0.2747193973298211
0.26470772305255436 0.28173128891699256
0.28479089314674394 0.29940071742584395
0.27065685574972487 0.29069394354776357
0.274251332709838 0.2918370730356466
0.27456804460162926 0.2954863630837749
0.2798126262903483 0.2946457801808995
0.25631164259408123 0.27097917674990935
0.2743178839551586 0.2921153910444592
0.26540171114341177 0.28241853558253116
0.28354800341572156 0.3020517821209828
0.2706137051873622 0.2871779472642645
0.27421947016403087 0.29037039776076135
0.26159399773883474 0.27455417874947863
0.28564522530495273 0.30090824231393376
0.26842235541053683 0.28133433527341245
0.2641985114157534 0.2814276594612179
0.27848156883100067 0.2979536780173733
0.2639947474707852 0.28326926472905734
0.26054471231834775 0.276420160837136
0.25365227065031254 0.27371402135596995
0.2723874774703983 0.2888060252961181
0.2738361848135645 0.29428016668957363
0.26152719995152757 0.2759572401810498
0.2727426256957729 0.2888771360951021
0.2628129108446772 0.277870203594435
0.2761580930397198 0.2899950763956931
0.27843415357340034 0.29679106743363964
0.2708931303961812 0.28827954516100224
0.26216692762568516 0.28035236939777136
0.27690633017901034 0.29346647423714495
0.2847169631398759 0.2997203061374738
0.2831339965858564 0.30083283279646783
0.26702344079774065 0.28602718358016027
0.2668780853764805 0.28546411334973776
0.26481924859392486 0.28071328800948725
0.26753775825210463 0.2851470969625119
0.27622934539390986 0.2915567145447662
0.2734610439945929 0.2878827143146688
0.27077665304610277 0.28734288561881666
0.27139746473439325 0.2879977871963361
0.27531213923580644 0.29190060194552897
0.27454824474121575 0.2922432941028517
0.27874983304407286 0.2936590542278384
0.2784424095356027 0.30076711858731975
0.27748519069801547 0.2968864575762978
0.28002133583456995 0.2939326942113982
0.28549022160892407 0.3009659510766228
0.2838508616405463 0.29834327509516145
0.2714243944475029 0.2873952200073689
0.2707953441550127 0.2911391594100008
0.26745049877565913 0.28418774658101853
0.2715558900586665 0.28429602334379755
0.2720828003173741 0.2886940066142633
0.26905126920857675 0.2858941116187813
0.2686892585120639 0.28056812779733153
0.26273569061370994 0.2804940574106916
0.267541134346107 0.28665322058450293
0.26981852814361906 0.2838314856663976
0.27589919790156925 0.28899975216995644
0.26712002612414953 0.28859232277290225
0.2735604492456684 0.2919902466445797
0.2753512369291537 0.29364447621506684
0.2764261868428921 0.29651293825756364
0.26797863007266554 0.28503858890809947
0.2744989626720006 0.29108831248227796
0.273013445761926 0.2965324484861512
0.2667091195790663 0.28357229805851564
0.26933209584775636 0.2884336838098788
0.26491121288362207 0.2836311839744256
0.28044262625438265 0.2970212897292471
0.28299194715536213 0.30395578428072045
0.2687292077474025 0.28865324966325073
0.27969794906748163 0.2960536597229966
0.2723272275421843 0.2896183260089111
0.27150038272188853 0.289510559869724
0.2770904256018141 0.2967989312933109
0.27415783575975616 0.28549083108859674
0.26919071639640263 0.2875243165433958
0.26370439032866316 0.28021360008290536
0.28182679316559345 0.29752312688462856
0.2678248491542276 0.2839008603446407
0.26653222109119734 0.284095775867199
0.2650786627222782 0.28073045619374587
0.27003251876036277 0.28624071506100657
0.2732338077799213 0.28763287805219834
0.2737599083823718 0.29176600766377886
0.2748050026569712 0.29057928861513593
0.2742966858177444 0.29660430397617876
0.2804666654673405 0.2953035016063839
0.27706881491942 0.29457598462061974
0.2664518183010701 0.2827198913387626
0.2736859326440174 0.291514424115202
0.2719561510038914 0.287411678679247
0.26317160652296195 0.28855767780727126
0.2684501614602833 0.2861258570605811
0.2730302316424405 0.2916037134272499
0.27039590437798616 0.28733279631071096
0.2754841961303955 0.2896070513506627
0.27136588012124974 0.2897819923719401
0.28333393981158517 0.3003702933113403
0.2616238362264817 0.2777972809374263
0.2694124038358582 0.2862786649340959
0.28666705509150714 0.2998074988931426
0.26696465595845287 0.28502709408062804
0.26320266852551855 0.2824870275199057
0.2651144091654443 0.2825339130672196
0.2641437778326315 0.28061383059386
0.26528829774557444 0.28553235915815656
0.28050694569036655 0.2949014482143477
0.2785065540806889 0.2955676635447802
0.27355471271930687 0.28860046004719886
0.2785264799239327 0.29689612824314326
0.2658006667219986 0.28419674387765714
0.2556364950012316 0.27365652322556944
0.27846507252512226 0.2948940762923558
0.2730618295372606 0.2947688843065675
0.2776934733690655 0.2925109864772361
0.26495285241732186 0.280902124077248
0.2719204299741536 0.2883918839583136
0.2648913608188805 0.2809321311149973
0.27809242781874655 0.2953680660012034
0.2749567376235308 0.2934234425461932
0.2596537489537302 0.27488650431369677
0.27123932810967516 0.29124082533090345
0.2808246123579174 0.29833621759389867
0.25998027634467125 0.2803645057351224
0.27108391363301365 0.29210961867292673
0.2689158229302656 0.28465492402324444
0.2773483311597348 0.29141634250259085
0.26325688384890394 0.2774983545840451
0.2718685479042073 0.28780480923591467
0.28059008700923405 0.2952279832611419
0.24693332063450138 0.26429458174712434
0.27926037675362825 0.2983200636757488
0.26854273354301134 0.2891912438571792
0.2616695090414524 0.2752212434085743
0.2804743129425957 0.29809429360748824
0.26884307041950467 0.28674064822355677
0.28636484987294025 0.3029280567854744
0.2685817476127736 0.2870791009614834
0.2818438405901281 0.29540500057649166
0.27608278533004277 0.29607999031474375
0.2663155019896003 0.28081879369629026
0.270611871863898 0.2890539739416678
0.2707125480646846 0.28972106630604094
0.2729933957686051 0.28860535392240727
0.26109147851941683 0.2776962592328885
0.2717597145790431 0.2920144348865536
0.2785568453170476 0.3001209564856194
0.27236920356433475 0.2911430543297381
0.26750660073154725 0.2854123531308281
0.2739913036894251 0.2953657492239609
0.27739523195783566 0.2993983883743732
0.2833647057949606 0.3010645152323669
0.27851004959817083 0.29589804694106797
0.2645756598328699 0.2850283519289596
0.26340540651751293 0.28004976536902926
0.2641397395495913 0.28228475916729806
0.27874473795705806 0.2917225632197591
0.2745051991660552 0.29404290164945823
0.2592737221036282 0.2808597348930717
0.26302951263458696 0.2813916441089043
0.2732736067704465 0.2871024835054479
0.27190346995089465 0.2943297059480543
0.27378781833461036 0.2879508113922066
0.2784100021226607 0.2956013088161265
0.28039544453438114 0.29595550883058674
0.28037515256694423 0.301591948790479
0.2693736084040787 0.28692951544194334
0.2701458460070103 0.2846681482808459
0.2705213111918481 0.28859618551775
0.26234711718311543 0.277882413334534
0.2764539133133099 0.28994808575165554
0.26700080770268836 0.2808409505819289
0.27515311513823426 0.29175839143187327
0.27385547948347216 0.29316398527805704
0.25755635683080974 0.2728335937938904
0.24972601217598767 0.2723605672210572
0.2728195331343926 0.29246243093442315
0.26260097382105413 0.28127590089521814
0.27734222831322364 0.29284140872080816
0.2659040592103022 0.283173048844043
0.2751563944183998 0.2871805196314563
0.2802238106469882 0.29595566322392386
0.26849881272674153 0.2851254048483016
0.26935234138313063 0.2911983479657148
0.272565714373952 0.2882575632323871
0.27117608944263694 0.28812132745490343
0.2659614682969441 0.28312312645706644
0.27558714777562593 0.2943170839869079
0.27035469305416837 0.2869525350280676
0.2562991903703518 0.27838161202828793
0.27983438253566 0.29613779176811567
0.2811003833595453 0.2986785649336944
0.2831869704553406 0.3014020324140299
0.277610466098692 0.29097788791380014
0.2820299017057708 0.2999143910854248
0.26988350672944617 0.28327761380782784
0.26985516005447346 0.28695732874893753
0.27101483802424564 0.2875892221292739
0.26616447438496443 0.28459898244591275
0.27784147919306695 0.29700736061938815
0.2721151825464887 0.2931964767275606
0.2775601119844691 0.29131563927058507
0.26436345176429343 0.2814979035448982
0.2694799940308593 0.28716234639269783
0.2792884017684082 0.29910687227669075
0.2739621613740371 0.2872205051223068
0.26818355835394025 0.28463001300561824
0.2667285031590467 0.28416697495423565
0.2718722474198795 0.2861034642335332
0.26830488874617453 0.28343495859457296
0.2650583310576225 0.27922519133801116
0.26717173338800754 0.28824375861296025
0.25865529789125274 0.27542547031545034
0.2736780239557964 0.286177971451301
0.26211618478990684 0.2833479378517795
0.2829590098877468 0.29764767051859486
0.2710392554748143 0.2921679515631386
0.2664345146572316 0.2837610940543164
0.2590793397841088 0.2782615977294992
0.2681990469477688 0.2854616386137636
0.2871954445981063 0.3064544433240194
0.2748229713108118 0.29239008141949213
0.26409184667588964 0.28159428564209643
0.2675268435101833 0.2863744435976555
0.2657887963803476 0.2821658375287845
0.29615534853565023 0.3070063142277286
0.27018423213156384 0.2837522109934064
0.27553918393596893 0.29372590995282927
0.2692579988120844 0.28609424028025493
0.281747888717244 0.30115150783940786
0.28278700735566387 0.29693904973535484
0.2703410416598781 0.2872078951183776
0.25979649252760456 0.2765121498466671
0.27984971622121807 0.29882430023940953
0.2644560545412423 0.2809982870156811
