0.17811495064382413 0.19322738889824043
0.17373317935628377 0.18781867361970425
0.1386385989241953 0.15319103912850918
0.15280823998609447 0.1647605198216895
0.12553292647763697 0.1377705046116233
0.17038037961842262 0.1818288152590694
0.14212224281603913 0.15702098556889582
0.1589244941471494 0.1705804182403394
0.1582030182759462 0.17488361004908856
0.1518638338837903 0.16678313356578783
0.14495921084577454 0.1569994190514057
0.1575594301342058 0.169482826378192
0.14302148258979516 0.15739178318294797
0.14776230818193772 0.15971888064741516
0.17615134847416278 0.19140793062652162
0.1442878991736096 0.15866783148438302
0.15392132426140906 0.1715366437129555
0.15505917508479566 0.1694521632614701
0.13213132875018388 0.14536696666842466
0.1430470926232331 0.15821517070474994
0.15383550113976519 0.16796785215864143
0.14678960334374658 0.16150167569851775
0.16769398479342076 0.1798672341644677
0.14934731813937385 0.1594705445010559
0.14506935143303193 0.15945643406056986
0.1345138004973191 0.1487374759255646
0.15950630723727519 0.16999415987256258
0.1504799237599311 0.16258630229711643
0.12736269511960632 0.14314161026665845
0.15491793054519346 0.17121849705604017
0.1379011348778811 0.15168155591090687
0.12827638209841238 0.14189450705246587
0.15132150578297707 0.16638756896000073
0.1620511646374435 0.17543488998143472
0.14598212525211746 0.16069002886198186
0.13885639702504557 0.1511750129922471
0.1478338298786894 0.16100000621798385
0.12477341816691895 0.13923429672095197
0.17240892284380455 0.1840777752129432
0.15875410348246838 0.17292049262937223
0.1397498630947152 0.15473131332400675
0.1518701392098976 0.16605769768740902
0.13746095536724315 0.1517026600988629
0.13442392855246546 0.15158234973607865
0.1483380375276093 0.16108616071509232
0.15593212083795654 0.17540041638546075
0.16660631848117144 0.18121655587328994
0.1396683683613517 0.15436430687502795
0.1623894861698306 0.1779481624487574
0.14782256432497526 0.16002211151410548
0.1670868008987795 0.178616217324981
0.18098999721069012 0.19496959686400936
0.16152067446298843 0.17198983631053086
0.1588057003470344 0.17119022844890186
0.15175658870672226 0.16715138556018358
0.1847693890296474 0.19502307166586882
0.18729462039409522 0.19775818480293975
0.1457661983936013 0.15878823111956455
0.1600750407690595 0.17757208931685906
0.15310882245459823 0.16474891499215233
0.15091167337031458 0.16225899359560383
0.15174692321643793 0.1655868742666226
0.14043009795631067 0.15458480746940334
0.14474704954059375 0.1595967246427624
0.13725113629243135 0.15429172688287446
0.1528742234248734 0.16645965998857415
0.18031250935780405 0.19323102285507182
0.15647382012076944 0.16825695128358206
0.16157287302908552 0.17210977941641187
0.15660396719912145 0.17156905928485333
0.16460452645552784 0.1772935240802303
0.13472671630615368 0.15040886072814902
0.126301180777327 0.14099960648983065
0.16955485932318515 0.18032111080464458
0.17141212309361767 0.18739821822854705
0.14853445934058235 0.1627341343627727
0.1736725821756044 0.1835718463814814
0.16582735167486226 0.17725361865828795
0.15870915655630574 0.1710627012648092
0.18282757414164827 0.1944502226432814
0.1513509709136479 0.16485775550356319
0.16017174278831078 0.17663064643314494
0.14254177244938113 0.15650230868232962
0.16950117157272845 0.18389597977708186
0.17399510950032615 0.18662094996523843
0.14683220519662285 0.160642963279797
0.17422197312737625 0.18843679725766174
0.13743643607377495 0.149298995091785
0.1614137253052608 0.17817269226414972
0.17644874433517255 0.19121273547061696
0.1730209929002407 0.1853925347860287
0.15525217645063974 0.16939689703220256
0.15152011072506913 0.163363294637825
0.1654996678842817 0.17971477154800847
0.1820556510976617 0.19463303713731214
0.1688356810189145 0.18041595620822304
0.173002151903108 0.1873712683412928
0.14601193470093357 0.1560603247640936
0.1667946134697239 0.17927853000743435
0.13817429451668356 0.1504605415372839
0.16935580038254158 0.18119620071911344
0.1566687755943283 0.16813343324691477
0.18467698010253678 0.19972065757798577
0.14812812412319323 0.1579471567781572
0.14284208977127583 0.15902640216135389
0.15064211057397153 0.16549321870365383
0.15980299113014323 0.17081860230514087
0.14310562597624638 0.15960311647390313
0.1815157293075735 0.19113385272328148
0.14386329821971014 0.15349669431576496
0.1594126055836257 0.1741695103086397
0.13749025908116788 0.15277260857473182
0.17612711263404285 0.18630052610961223
0.16515365803134957 0.17777478376052994
0.13461829593669422 0.1446744881276551
0.15615542061696877 0.16837028716360833
0.1536641177051337 0.16757049154499315
0.17493264235413813 0.18556144215160367
0.1284683612780189 0.147469104242463
0.15283968096025055 0.16375876413437507
0.1574316273301796 0.16772199319589343
0.14404216761315475 0.15631555924084334
0.19999898390383877 0.20972825971320652
0.1542476941426798 0.17012774054888818
0.16236378316675 0.17451754600255925
0.14184200524724286 0.15304770638064702
0.140113436675233 0.1556009531352358
0.12371480296980744 0.13808948880562
0.14579374774918416 0.16114748860700373
0.16755379643245863 0.1806440671106709
0.15357728939727333 0.16911657842027647
0.15743382848705853 0.17249638825588023
0.15280485583795958 0.16549480090061539
0.1556389321806221 0.16905099931526046
0.17509420490308694 0.19085176862286746
0.1430703652429159 0.1608005974690615
0.14045948030857983 0.15397221558227583
0.12898554538568233 0.14289455263143166
0.15936339952225 0.1728747028771483
0.1386946848332314 0.1471299655217722
0.1767145231729124 0.18889426860111724
0.1826968451797251 0.1968244126242314
0.1375055664906973 0.15072647552191495
0.17980086024154135 0.19570272160180563
0.16741284458391292 0.1801403097009375
0.17507145923365564 0.19103961664332625
0.12892973968496418 0.14457541580227048
0.15811390430215805 0.1724670836942645
0.14008658013176592 0.15814135475910154
0.1514891070129051 0.16544178229126932
0.1593945036039623 0.176157649244266
0.13141720513667884 0.14672420303791037
0.1439158440543557 0.1621868466467107
0.15198139952729217 0.1651846438517485
0.13664919231610584 0.15397357177657423
0.14843697503474468 0.160457286323211
0.1444387221191974 0.15634444882280932
0.14565956903079816 0.1587770499048701
0.1594552471397004 0.17080781713942692
0.12021073851456406 0.1366546292763279
0.15230699153371788 0.1651692035625012
0.14246999836089197 0.15780197171260235
0.13087930334956616 0.14463500856188757
0.140721230478984 0.15368277805032002
0.17229562563986142 0.18300618312196945
0.14797679670916297 0.1636052636039218
0.15653547124106906 0.1677422642508244
0.1577225204349663 0.17366121139005875
0.15877282567726975 0.17008026208590374
0.12731928435196332 0.13943016065064961
0.160301473413204 0.17480504073221168
0.15338407770389445 0.16616074832783256
0.183496571518181 0.19775582987111973
0.1607325123878098 0.1746079241507537
0.17202454046008803 0.18318775416693683
0.1380918407447165 0.1508302404621285
0.17033666360390895 0.18007009857194176
0.15894419079957958 0.1692401306304547
0.13722519479202072 0.15029657896596546
0.15936553284563387 0.17515475862680185
0.14405994819686177 0.1587431654268524
0.13439055038653774 0.14800626063010908
0.13509146939568956 0.1495785198451888
0.16729518041679992 0.1805754680532709
0.14970501491841914 0.16553761766513928
0.14189000049370304 0.15386160134111265
0.1521543938291302 0.16612402774128165
0.1406005362219325 0.15299034703127407
0.16329964726449595 0.17353979017563848
0.16239257848119462 0.1775665682298828
0.1562818994531494 0.16927745679610304
0.14521951491280247 0.15548825628075136
0.16054518967302767 0.17410196992984775
0.16233947929743822 0.17666521322800535
0.18013695692929968 0.19703487658281826
0.14210023445522246 0.15730359641353556
0.13394478634500373 0.14768757239695243
0.14039956341305834 0.15352457935670477
0.14642199475575438 0.16075748423426964
0.17305665391471176 0.18460840288899807
0.15225881697460655 0.16355136160670555
0.1676424071409224 0.17902608560328373
0.15603060582734543 0.16976049306087612
0.15946863018878155 0.1731813101987978
0.1459252579212824 0.1596834466345991
0.15743260892509142 0.17191797774740952
0.16415864470873587 0.18048311759562993
0.1654527345396907 0.181990541858972
0.16611939068824283 0.17827606296875467
0.1936289017069847 0.20592046679825338
0.18634441323527678 0.19584037498763027
0.15376784202623334 0.16403531026873433
0.14305349772225634 0.15796023417266247
0.15148300225316796 0.16600410978183225
0.15104958407917707 0.16199713557781287
0.1576752576917281 0.170082045115065
0.1418294435095751 0.1569643642141715
0.14250465660278708 0.1526521255727401
0.14184158420591822 0.1557645508895434
0.15297293949472934 0.16693526309219617
0.13454858409068868 0.14693691981312607
0.1677603323240846 0.17945176258451018
0.1385127886505223 0.15568474694715456
0.16199891637110214 0.17483025830262916
0.14938443266257526 0.16335372425943834
0.16468844652702813 0.17830494648741835
0.1451061240070507 0.15761433483261705
0.14835370291047772 0.1629138638437244
0.14945428175431014 0.16788797963515414
0.15655918090215917 0.16769920405976596
0.15677310200452702 0.1694506325135264
0.14409845500257967 0.15781096090291996
0.16801323218017739 0.18161327462995033
0.17940576529053553 0.19656803447090881
0.14506103820371488 0.15769346278286012
0.16261766282649065 0.17225786742352645
0.16247085107099027 0.17416829996556712
0.15531692927034652 0.17001044534761628
0.1724783752666 0.18668088962455412
0.1455041944968869 0.15497563305427153
0.17181514843265402 0.18244582520835279
0.15641997068887117 0.17013559280654336
0.16142414803308872 0.17351704330417805
0.1397634052252316 0.15134036938568005
0.14658080012807917 0.15984684086350126
0.13491936179196992 0.14823817363368463
0.15431336592741357 0.1680659417799729
0.15291959578849465 0.1653676097459877
0.14487195785115956 0.16034899562851218
0.15739163476201354 0.17006924634553713
0.1502400963334878 0.16710026340587858
0.16256948972071553 0.17412588331945855
0.15227305820627773 0.16791027080135976
0.1460859958917208 0.15828008688534986
0.1623784841939313 0.17615606553966645
0.14600116019863094 0.16078079530132472
0.14392747628761043 0.1626281153949699
0.15974345453576827 0.17310668647256583
0.14568767288247847 0.16011885029457665
0.1582968383485066 0.1715739052122544
0.14892429875866178 0.16111173824200145
0.15363914397530049 0.1667550297365314
0.16320187283305215 0.17533789008456455
0.13797051336977706 0.15128001777092218
0.14153864794364818 0.15516031810275344
0.1892806812711394 0.20010425334857335
0.14370211999272067 0.15729787983133603
0.13903859653980546 0.15072550089634348
0.14570162621402946 0.1573071277909452
0.1487292038084411 0.16216770636175828
0.1583537547740633 0.17393898461606327
0.17103516048543005 0.1794459285181841
0.15908699890424513 0.17170447198410377
0.15913309753912586 0.17166502677278309
0.1803908581337906 0.1947274097177208
0.14520500501172035 0.15817743511183385
0.12276813989910135 0.1372832425550927
0.172536189025359 0.18426608612387788
0.17177448080180388 0.187845441355447
0.16092541092073037 0.1722645089191257
0.13799931935924112 0.1500250521531845
0.15111039917734592 0.16484747491945204
0.13583488968638785 0.15078335222961506
0.16482020665360597 0.17827483490959325
0.17380248962980482 0.1862716438507143
0.12934218586102492 0.13986344096986267
0.15294816177277973 0.17028810337885625
0.15851566660041017 0.17307301867737174
0.1377645406005985 0.15121804713581044
0.1471629288956369 0.16421400222802038
0.1402718168499236 0.15332964511956923
0.14769130506159983 0.16169127207544962
0.1334507792154963 0.1461690600169455
0.1465833831595824 0.15988256592511918
0.17315871799105167 0.18516199498657485
0.11454390301805462 0.12931730901065194
0.16780976598622924 0.18366234700924625
0.14333864825042586 0.15758323291116252
0.13900592300063624 0.1490484425724788
0.16344462390844308 0.17604777764604024
0.15145941038962882 0.16355817610485396
0.17022420726171658 0.1825254256283773
0.14365919473633612 0.15771263761106608
0.16906290542493732 0.18200046651853763
0.14282457148258854 0.15946218134014678
0.1517822263406703 0.1648775977569149
0.13948676956733536 0.1545048587984574
0.1564738750060852 0.1692308756761348
0.15025964418179596 0.16518691882427566
0.13425377469897337 0.15072892638664193
0.1406269698490737 0.15704861314489096
0.1585404860063273 0.17318162081973948
0.16351678716164186 0.17518232948946472
0.14452685735406515 0.1600700076692463
0.157529737804719 0.1745604083574925
0.1543740505912175 0.17078977698853587
0.16662160533035048 0.18004402358812
0.17369255629140545 0.18765113221235938
0.13852715227056106 0.15305450162596274
0.1411994657714584 0.15438812442367106
0.14449821752380584 0.1563968726533487
0.17371829769246913 0.18326828396104367
0.15690027460650527 0.17305774370954038
0.1335492331121979 0.15107345103741238
0.13424881813001094 0.14873820466253262
0.15404492873557393 0.16492322111160249
0.1476713365904861 0.1649955364178947
0.1549853377989449 0.1649337625384014
0.16236310966534248 0.17599883210391473
0.16648717226717616 0.1807831911820948
0.16723697019822054 0.18161145975496373
0.1590590982010802 0.17043189727184102
0.15214010075134934 0.16369175537744232
0.14652655463003172 0.15872222207721828
0.14147519906155212 0.15309037948466084
0.14964934416133888 0.16147696889886404
0.15085351521363166 0.16116570055481277
0.1548711274280423 0.16775001790159635
0.15824039576770735 0.17222863641166264
0.12566802446212208 0.1407740529233911
0.11572544365800036 0.1327566808445679
0.16047122259504912 0.17383525762128155
0.1372917543685683 0.1527952825609525
0.17938743551739497 0.19067212865981564
0.1389672730336062 0.15285013516472262
0.15854694529263968 0.16832083130780218
0.18591912246811945 0.1972030430873857
0.14183873135555686 0.1561521725755864
0.15047685319322307 0.16603465617662694
0.15069744946530722 0.16431778058598115
0.15256752366571835 0.16572508016815657
0.1361108620221502 0.14940394644887764
0.16110956686852584 0.17599976802331804
0.14978972915365385 0.16071791763135096
0.12658731238418758 0.1430379971989157
0.18728057519798166 0.19976831954858176
0.15607513568747058 0.17030752326191145
0.17308444023575992 0.18553830081964803
0.1731764895333053 0.18532513639463402
0.16674482068077942 0.1790490695963398
0.14670541323873273 0.15883869811681198
0.14732918200246925 0.16186808725436144
0.17028245202202344 0.18236459782472209
0.16121232530460283 0.17347918141765417
0.15881018563866595 0.17511396019866157
0.15475308930808224 0.17096165602014396
0.17020043496444065 0.18226926807675534
0.15073189465116194 0.16510488216462654
0.14700295624880086 0.16126121287613845
0.15603072450647376 0.17206498409150378
0.15695780746635996 0.1663851536042206
0.1466528772105771 0.15909964038208152
0.1397845574406488 0.15533279221247917
0.16312694307162845 0.17330036997631926
0.14017188619991233 0.1537728681430083
0.1482732477594972 0.16119975941400966
0.1394451735295357 0.15618590631046256
0.1435056184663794 0.1571602968040093
0.15561042974072437 0.16458584571640464
0.14089933820531034 0.1566747556879472
0.16884599604840478 0.1815553400138077
0.1575660101165122 0.17076339930113496
0.14290019859360836 0.15762660632596429
0.13396252552267568 0.1485788059812504
0.14398847853766406 0.15828376309865272
0.18478933529267183 0.1978676153241905
0.1455755722242145 0.15939472052588588
0.133975475153211 0.14842955231102123
0.155381665938312 0.17085561602058089
0.13404782833361004 0.14660324774781766
0.19084051816235575 0.1983895039906381
0.15117156718420688 0.15968182301820455
0.15617906854152247 0.16964774726572573
0.15750518957274734 0.17014466333485878
0.16925946205154888 0.1831533196653999
0.1666128515171007 0.17749009241541533
0.1447648613565783 0.15782955379933059
0.1339461960119047 0.14712238647221051
0.16799351274520485 0.18297406688577464
0.13324619211711966 0.14632147117081265
