0.28792380635080983 0.2965065475726389
0.2897807562159512 0.2990242781859771
0.28876096102597226 0.29596501004448333
0.28266759936013364 0.29119383357966605
0.2828528504606558 0.2900698934899274
0.29193723457381515 0.299588284166489
0.2852094562779612 0.29156002765270095
0.282086997367356 0.2913960299016421
0.287096818433035 0.29585058474602977
0.2724594110976968 0.2821306546506338
0.2825675423172858 0.29108665321971755
0.28475530603429716 0.2924140523890441
0.293608192957289 0.3032581194796891
0.28488395669827704 0.2913446806094122
0.27466980575384475 0.2833906220702089
0.29000143395772193 0.29577980743940524
0.2888781570664578 0.298061138073608
0.2801149192774453 0.28773163644848465
0.28420849245444996 0.29269588404306857
0.2841201574378884 0.2917122953218246
0.2823498795315842 0.2912575577693399
0.2882149252420921 0.2955224677475294
0.2834375878808306 0.2918860431879277
0.27969969897304414 0.2884896438798896
0.2787877023474864 0.28731805863443793
0.28555141770707143 0.2913845063668785
0.28287758594744106 0.2911274636677054
0.2834690845294294 0.2920474195195775
0.2777997731154044 0.2858914232999476
0.2751542932421152 0.28389608553325524
0.273570036220978 0.2831900330021985
0.2792245697776686 0.2879929996717743
0.280657628282763 0.2881722067938783
0.28021232912294847 0.288564570924745
0.2832118760273934 0.2907464949636537
0.2742413726151952 0.2837176880339662
0.29347845293439406 0.3009419889841408
0.2816755523225243 0.28911718274510106
0.28731411645648564 0.29589464161721934
0.277238671076281 0.2848644088615217
0.27274963748765346 0.2801250309609878
0.28631902272685705 0.2951852339290324
0.27597751271654775 0.28175646801903914
0.2912923030847657 0.2991330880455696
0.27227197098735384 0.2831985739513413
0.2805550629241045 0.2891257268822025
0.2781188040355669 0.2874483468450532
0.27522798990141056 0.2857289560454204
0.2680665301909637 0.2774072396253235
0.2855958694721556 0.29380042032354264
0.2880527533768348 0.29813444489750035
0.27791288470254444 0.2868929192055773
0.2828342884511337 0.2911236764295073
0.283922936415131 0.290989431688444
0.28002884516947346 0.2880922603771081
0.2858735917439982 0.2943334722776774
0.2794852986785022 0.29018125933703454
0.284273349318517 0.2922931357364888
0.28078738110550683 0.289996373867796
0.2763920932830521 0.28463593051995456
0.27841237710635647 0.2859146796265422
0.27955221821417586 0.28909742855157666
0.274630159382482 0.2831510312472639
0.27905746570434015 0.2882407037104896
0.277372776657919 0.2843895235498577
0.27302279728097895 0.2804720396810764
0.28124167680736906 0.28788060446628677
0.28120106551194 0.2893474143635568
0.27740651380492176 0.2882176280920481
0.2857277925809673 0.294516597379831
0.2817735511009936 0.2918758141882433
0.2828075386780853 0.29337984074666285
0.28526148464751855 0.2937465844576253
0.28560078725128357 0.29338446380151495
0.2812361764380814 0.2883110199887555
0.28396641750487445 0.2923305544357315
0.2763601908800989 0.2858086904606606
0.2883679741295816 0.2962303138461744
0.28779476597956816 0.29527114134749893
0.2739761378790493 0.2828940627613817
0.2749659846494385 0.28512550288797917
0.2721278037605546 0.2775051494973551
0.288263398372042 0.2958374779535459
0.27881496178458653 0.28728912622834113
0.2746227520822916 0.2823158406080126
0.2787528300331317 0.2874486441351333
0.2755287892997066 0.28712832635359614
0.2756672979982714 0.2846335112075333
0.28277707132497065 0.2904439817613367
0.28688545069420396 0.29314210751762926
0.29161220743084765 0.2995299137218805
0.2850056201876438 0.2931948552113631
0.277734801544005 0.2851334276517104
0.28280976367250205 0.29023874644585934
0.281753735035042 0.2885078731622796
0.2780434786748023 0.2872665430837386
0.27574096567920536 0.28272185653395193
0.27676212942031375 0.2855178300964797
0.2785717619522942 0.28664838382953867
0.2808664229135344 0.2895978841272188
0.2713412382655875 0.279817893266803
0.280483640789118 0.28728170481188403
0.2837134397431656 0.2921988968222314
0.27885273519893783 0.28841181112679715
0.2825010097135997 0.29070716348464076
0.28043836663141347 0.28713878542789173
0.28892585815000676 0.2951527941660065
0.2749172134686498 0.28230521175692247
0.27564173475952 0.28290127368329426
0.2766708965449679 0.2868219943349263
0.2770038370905206 0.28661315737178594
0.28666570124160534 0.29448391672017926
0.2851305735081542 0.2896431140987619
0.2827640257461505 0.2932851407953067
0.2887265719734299 0.2974427607211703
0.27337401518986787 0.28297109350821803
0.28356077363546633 0.29278332107998273
0.2868348994714895 0.29315734605652055
0.28409766569244976 0.29264212273986157
0.2839797650143422 0.2896325516837751
0.2888605656586761 0.2966242487184888
0.28198030344163916 0.2903887971487594
0.2755157775067503 0.28274875688602824
0.2778805106027437 0.28759226490265494
0.2902397062793162 0.29622839181681737
0.29183535670676675 0.3001777687483996
0.28027916860620283 0.2896266303545259
0.2848963466710622 0.2938043575900147
0.28166828270022604 0.29107414177991564
0.2938164288497678 0.30160025258727996
0.2809759144501349 0.28980201480365103
0.2855556162810324 0.29231215271615846
0.28071983812089335 0.2880912529620248
0.28815029390354585 0.29554524628558876
0.2877003921166175 0.29272117999329544
0.28433467159228537 0.29262221896304413
0.28896280139599995 0.29614983682502993
0.27582961953841156 0.2846472938491926
0.2765708554161989 0.2827557756568086
0.2714630481964987 0.2783713425455755
0.2873256588745821 0.2947123881989939
0.27622289951602436 0.28329061668740996
0.2885402619263588 0.295637060096121
0.28624279603569525 0.2930940633678314
0.27818154414298857 0.2847362709787929
0.2918466404494017 0.3019425693342001
0.28594993354143294 0.294458873234301
0.2857591745866504 0.29128763562453847
0.2818935131474181 0.29191934323279145
0.27843389145983644 0.2869029064209919
0.2804553217192278 0.28609824240713694
0.28394891700326447 0.2931026617238206
0.27437539696716173 0.28206494679799343
0.28234811080171424 0.2911958986452009
0.2879191227000057 0.29628654036310276
0.27237909821460293 0.28229513901694914
0.27995248328883937 0.287879917761805
0.2837031494725828 0.29022408885913303
0.28032384774057745 0.2877039019158933
0.2797901958840216 0.2871446385272954
0.2843044142246206 0.2928453700476721
0.2935406080969623 0.2985143405781078
0.2781031134268394 0.28659917786831085
0.28928348271265963 0.29919377142970516
0.276294900465188 0.2853754478353099
0.27690622227299583 0.2875989140029483
0.28208700913708673 0.2906575258307147
0.28602743678256354 0.2923078381740896
0.27897529276898975 0.2895299525713673
0.2847245725098522 0.2955656577127214
0.2863797482071182 0.2928232935855276
0.28669964393889136 0.29367523509811444
0.2766273223522368 0.2839945539019781
0.28731709465578675 0.2960441370337368
0.28684007095364855 0.2946040380020108
0.2848905682317195 0.291299411775119
0.2851519987923915 0.29642952404293216
0.2783455967353558 0.2874018623405872
0.2779838836439561 0.28682757028997613
0.2802288376681364 0.28734313709947157
0.2768631986654511 0.28442794693211854
0.27762167769427126 0.2858749723908676
0.2764927628007022 0.2846704461457018
0.28469834407176986 0.2935908197103651
0.2806112972994173 0.2898356361835969
0.2869292851223879 0.29300817061240203
0.28527231043979295 0.29488884767627493
0.27613526286173556 0.2847131262758318
0.2759234472334531 0.2845332123685382
0.26845227732218824 0.2784309963272824
0.2682163244132236 0.2761580147332427
0.2772278586985837 0.2843975840017575
0.28228442558794586 0.2902176761350575
0.2731781843115049 0.28287457869690086
0.2749557037441189 0.2836069688413616
0.28754291896695944 0.2968555938833154
0.28375034808662397 0.29038626686557706
0.2800328695164284 0.28902766803040514
0.2852657264493627 0.2930467444810891
0.27223886018994925 0.28126569386990824
0.2779947802821518 0.2861757617196882
0.2843814550677834 0.2917250019761721
0.28654639169536616 0.29505762360759763
0.28277538661313784 0.2888550660657221
0.27072670171037866 0.27969044832599615
0.2750403017439973 0.28477378878003196
0.2830357297104409 0.28852417151795284
0.28132304416661125 0.2906336135050955
0.2787771689937245 0.2849779367583944
0.2815090225447914 0.29024718363540214
0.29117732045468775 0.3001251217458368
0.2802801655672963 0.28779270904039134
0.29096683572618026 0.2992365261245837
0.2759778518798492 0.2849063552014575
0.2795646704497322 0.2856134138999643
0.27373067266544765 0.2829325702327008
0.28039474777161183 0.2895124980522808
0.2821833100514961 0.2914562204858279
0.27943232325223094 0.28503236153229305
0.2742359010894386 0.2817955190218719
0.28446320159772587 0.29353006933682124
0.2838595857058354 0.29230241519725686
0.27865534167824224 0.28788547799875297
0.2743422085400435 0.28328440745452654
0.2695523375542527 0.27883583284450464
0.2702798699206817 0.2774038952096158
0.2686974618748545 0.2782349549074341
0.28304096442585286 0.2909184476892317
0.2761647132119542 0.2828624777460616
0.28008490109544787 0.2885197593497488
0.28172285770669814 0.28838276435086374
0.2833525460566671 0.2918159318088221
0.2680837045174824 0.2772330887767495
0.28443030650554313 0.29293035386552296
0.26839403972755516 0.2788030041310965
0.28863603082301686 0.3002427094128921
0.2899600574682 0.2979976173863361
0.2787559100125676 0.28705297173144756
0.287789509436847 0.2957950880224837
0.2745085267462841 0.2854985454803623
0.2763986871532461 0.2840725742139286
0.28298225129928845 0.2923126263336626
0.27540325026414253 0.2841784288681859
0.27757806584736505 0.28691611155200036
0.28742042017009484 0.2941581022236225
0.2877437948980918 0.29463894450569444
0.2936968800040543 0.3025715892972989
0.2889316575981372 0.29802231584666294
0.2837737532603689 0.2919011370357166
0.2836330021808664 0.2902792982945761
0.284506557329294 0.2910115941526922
0.2694422344532922 0.2763513580340594
0.27839513389087295 0.28751438833033666
0.2872366018703016 0.29423004920389884
0.27004317660053273 0.27760752161082236
0.3029177809734562 0.31125268392469474
0.28106444694663296 0.2882659182083942
0.27473712785391013 0.283819691638187
0.2965850573017893 0.3055653362762244
0.2758216018668765 0.28334333176267024
0.27941087634419876 0.28936651370939903
0.28186890132105613 0.2921172390586353
0.27484526170048335 0.2830539249903231
0.282831601689218 0.2914066396693469
0.28769245914268204 0.29579836789050346
0.28937604004066186 0.2979426424248583
0.2769894523304974 0.28541708182743225
0.27860959578638744 0.2868508573252122
0.27671975060721854 0.2834851807234145
0.2768319313164664 0.2858738468577837
0.27046024078022063 0.28028665179149675
0.2732028530362457 0.28091995423577415
0.27707135912679987 0.28602182472695586
0.28848525568967026 0.29510803167198163
0.2851452079028049 0.29367061679876383
0.27524343194296613 0.28354331626240725
0.2863264876828259 0.2945534292037499
0.2713302590406439 0.27946780005601457
0.2767167247654813 0.28499664349196174
0.2881309849610035 0.2960437059392493
0.2761277033843366 0.2853033537630823
0.27898014645165226 0.28541094092784286
0.29211828179378563 0.29865753707789255
0.2818624141862298 0.2883233592472229
0.27237982102765423 0.2808523583097892
0.2821516814523172 0.29134744031715415
0.28603685627461173 0.29061516885827565
0.2845434227425703 0.2933410354813202
0.27821075092803677 0.28608820138954005
0.2792009107012213 0.2889275650793979
0.28345002944342806 0.28936667039425557
0.28111464097917105 0.2913265346886307
0.2816595366412582 0.2903731763633766
0.27704187659968593 0.28318661350727686
0.28895235183255963 0.297923212783853
0.2715844827220538 0.2800147843288075
0.284716975355356 0.29180200388506483
0.27771527006858826 0.28465754954260997
0.2822587787874275 0.29098040311331863
0.2879273323033897 0.292631249064934
0.28029306775541313 0.29060275628416826
0.29391736007784375 0.30136107996460276
0.2829426094380899 0.29220957356281285
0.2898989747380111 0.2990614791498816
0.27929138299249734 0.2893877126519763
0.29087122234172225 0.2977263539691001
0.2851071902849141 0.29285436297520384
0.28172988867804655 0.2907837009024398
0.283396392068213 0.29069268187972463
0.27725827140038156 0.2856974152249822
0.2771215780246034 0.28630502414462583
0.2806023859387332 0.2900868109958609
0.28210112519893005 0.29247320874827865
0.28689583255932943 0.29587534082298783
0.27516734161406625 0.28406302946886464
0.28056590388127317 0.2858251685294226
0.28371721687198026 0.29286989087772836
0.272006744127286 0.28100335482417094
0.2924883768540364 0.2974178319951288
0.2812911033914539 0.29003179919787503
0.2703532176507713 0.2770809460290102
0.2901331061260756 0.2985392193410708
0.2817452446334333 0.29060665625312915
0.2709836217824047 0.278473763687321
0.28483796312912296 0.2938698245892717
0.27260349675933876 0.28026390473120355
0.28996206813958675 0.297906338352977
0.2824206587337399 0.28781482729084457
0.28311280762329194 0.2888755117810752
0.2831053972479838 0.2917111247796777
0.28707282430811015 0.2968313219335989
0.27986029023256154 0.2891424991300196
0.2699688998018583 0.2789422219122037
0.2901527928473481 0.2989609599936469
0.29157386405836194 0.29957075974845554
0.29537927436932643 0.30454929311558776
0.2769051412210063 0.28599080378493935
0.29330651101206895 0.3004753912153771
0.2840269891832787 0.2890117313819531
0.27972314218032707 0.28686433258781074
0.28366881377020076 0.2890639304936679
0.2743962701419483 0.28087595430549017
0.2824987412171983 0.29232572906814275
0.2857501474145666 0.295417916658313
0.27753572508607965 0.2882317831363868
0.28027640292903017 0.28996061251640054
0.2861257140533104 0.2947613533798071
0.2767211077935762 0.2832545215352456
0.2753195253802158 0.2842694294106342
0.2755680370622202 0.28355437180252435
0.269493533069627 0.2800731296756666
0.2700464829205562 0.2790631093531182
0.2740330020146893 0.2813216889041036
0.27787272333008983 0.286103925895852
0.29028589350622014 0.29760037086888674
0.2736286041811963 0.2839884432541505
0.2865022562266542 0.2941288020731888
0.27319347101731256 0.28173761845202994
0.2778181666225388 0.28687463205526387
0.27863114016562407 0.28690905569871356
0.2885496890298834 0.29284831301465
0.2774240039888786 0.2851584808235608
0.2790584830005008 0.28952574245219276
0.27227946876666503 0.2824309694139832
0.28783261386150555 0.2945635801329579
0.2857198909709453 0.29330850091817556
0.2844406349122792 0.29323182748044985
0.2761203730137615 0.2844143230356121
0.2784066684948732 0.286250872415059
0.2779279721306622 0.2883376229721317
0.28379710323232304 0.2899195752758755
0.28931006295348644 0.29786457115706566
0.2712580631781131 0.2830222167545075
0.28451023533999287 0.293764549800332
0.2821978885916855 0.29139023879641685
0.2866901960676056 0.29416492965801394
0.2856295938177391 0.294748834140134
0.27603150238129937 0.28586116759654184
0.27079504978825963 0.2779875719039838
0.2742641347514372 0.27993960651067573
0.28270885961508674 0.2922004371529259
0.28185139545158416 0.29027852804723836
0.28147057174993884 0.29079261825359487
0.28254748037928873 0.29260445679425734
0.2817744880573912 0.2896934508702595
0.29046622944022915 0.30054767478974864
0.27438622627466863 0.28483821272289533
0.288882514660332 0.2965952090295847
0.28574803056304965 0.2950943500640726
0.28419998876136243 0.29297673294785487
0.2710936130451524 0.27985916677518885
0.28055411390768725 0.29108293740764285
0.28681980670361823 0.2949867351420194
0.2819631841846774 0.29125724500059513
0.28775869930314835 0.29540692857534356
0.27743384647390246 0.28597637580825114
0.2717616192739248 0.27915898888659113
0.2736148016705747 0.28288434086689357
0.2820291832430086 0.29182238817626394
0.2730521711500584 0.28211401952974957
