0.16192531112403263 0.16769238263987746
0.17953503963890063 0.18553599934232523
0.15991142746648437 0.16397210366509576
0.16854902396432286 0.1737363981392422
0.15415515504905491 0.15804591987792585
0.17050524574479772 0.17711500303796382
0.17738835083674004 0.18157885029147794
0.16924038841254208 0.1749513370741296
0.1649944859776657 0.16987838077717055
0.14489035836981 0.151426391283675
0.16356075311457524 0.16794843371797166
0.15916770995479823 0.16314495527868347
0.19511943823724642 0.20036236554291412
0.17852509948688322 0.18218199038577484
0.1408112561447955 0.14573226368616476
0.17082536280323932 0.17510188957629857
0.1812892508833601 0.18731291132249908
0.15927091504180418 0.16556127280401606
0.16034001871365106 0.16630729912622927
0.16750532326161888 0.1733845399980166
0.1628525011130123 0.16737809322178934
0.1867818322993651 0.19231956355020832
0.16255257788986235 0.16795855596964193
0.15485768390049318 0.16052451661736677
0.14268706559500044 0.14729279216249763
0.16495533407399904 0.16673815205347195
0.15128260863652482 0.15524648587314324
0.16074213293670897 0.166260154972937
0.15734344232594027 0.16081345949942452
0.1587587051737523 0.16469254886657922
0.1385265706080153 0.14469409390383078
0.15671207646623794 0.16083661164381294
0.1479340193124991 0.15211895125722094
0.16959989437566 0.17448054270612995
0.16530204054718203 0.16964572862889435
0.14352748355753694 0.14832297724168925
0.18281792076684844 0.18746937298924182
0.16495259974466275 0.16754722090418453
0.1702268978842909 0.1752701611758003
0.1465724503067547 0.1503148280343125
0.1414252083637282 0.14495228904335888
0.16988603525974677 0.17596954539508178
0.15147099742716053 0.1556550815706221
0.16778873852511955 0.17232812363094507
0.1419936459805287 0.14792437352950774
0.1618589446760064 0.16661547373528124
0.15426524082358212 0.16017427706264317
0.14633746113536214 0.15295236196587075
0.13779468445629192 0.144758154249773
0.17238080189897476 0.1784171881732646
0.16789493012723253 0.17487202913609642
0.15155343717871264 0.15747799849598704
0.1557693590786765 0.1603435128655118
0.1671524284949864 0.17100637126496035
0.14363842119070602 0.14826879309788973
0.16358052089249048 0.16951853074246317
0.15059805837164167 0.15704596288074663
0.1667168148275914 0.17286727349207062
0.15978210908860915 0.16614175482423554
0.14489143942842972 0.1496500988314096
0.16267121909052795 0.16777553073372786
0.1593203351432352 0.16489222130217152
0.1589700544759944 0.16555008340278643
0.16388006099257862 0.16872627197147697
0.13960343632923428 0.1424265040758233
0.13996746918239653 0.1438690940141249
0.15103128749574066 0.15461456308323054
0.14660155086087606 0.15083890063119698
0.16535921937861242 0.17243134958864914
0.16369698120406767 0.16944166045341402
0.16023617106481547 0.16715189473722164
0.15789862118057285 0.16345168221062495
0.16685020167154885 0.17214230400980643
0.1532977129564463 0.15771820948551854
0.1598012411153215 0.16490420801810773
0.16284038638876955 0.16713032535482145
0.14479521910074486 0.15173013749064818
0.16799047569634626 0.1730360350815386
0.17089022713617544 0.17745190246594955
0.14589443024248422 0.15222858801207592
0.15974159102377045 0.16448946962779848
0.13276366813321513 0.13535253900650887
0.16282117493125972 0.16665734377708794
0.16114367443264344 0.16711769669720214
0.15798072581687791 0.16215748210928987
0.15278171120212478 0.15771100644973127
0.1491469315539666 0.15741482021059777
0.1450192404051562 0.15034429017833503
0.16014535247770303 0.16501373636893668
0.16757664208608192 0.1719816944626269
0.1714200940286038 0.1762588187017981
0.16953942222648752 0.17507812420857205
0.14450806181686537 0.1473156750029913
0.1647452611568201 0.1696795590063782
0.14504197910193026 0.14800910518449442
0.1536723324619846 0.16014585958390407
0.14857357544751207 0.15304155952984105
0.14467893322710101 0.14975064668213178
0.15776063787266895 0.1625427895513033
0.1596948893894604 0.16649054488273796
0.1549684720356202 0.1615773519025386
0.14883102352136704 0.15271941835514682
0.17145067523202812 0.1756066963558455
0.14894428992553121 0.15469997275697506
0.16765102827038403 0.173178786455841
0.16126489704055735 0.1672427351807531
0.1700778826926157 0.1732022667906972
0.13758280471480436 0.14167638311979178
0.15010462737848967 0.1536635142354848
0.1538508366377725 0.16053908953884205
0.1620803497397136 0.1680594406622701
0.17601689661375747 0.17960056020601778
0.17088582170869143 0.17406779787327745
0.15554943965212314 0.16148213209174006
0.17760387963486393 0.1842880471060889
0.149998957507851 0.15589435202225752
0.17689374412213474 0.18423651550683104
0.16873495071653616 0.17174506291856684
0.16214572030466196 0.1682816255498868
0.15628890682808744 0.15690586222105524
0.17034521934073535 0.17522905141031375
0.15823404078334366 0.16372333233736044
0.14882597451552806 0.15194882636128504
0.1642440298552881 0.1706583222411363
0.18117602819233308 0.18732738175921487
0.189494075937608 0.19318904875658818
0.16037385705460042 0.1667391773946784
0.1555090697180786 0.159808849699993
0.15318658596774065 0.15849972387539266
0.1648233741529632 0.16956524638875212
0.1586228498093042 0.16354618211747501
0.1566423998181674 0.15881721085276804
0.1617481476850683 0.16547446366132615
0.1652635904924988 0.1711784869636797
0.16246750373174587 0.16453853953909903
0.17094270591330832 0.17609548404924166
0.16973881515564318 0.17390983172342872
0.1575620700845921 0.16248718786625488
0.1561743663216207 0.16010341585202398
0.1474329126504569 0.15174335834877767
0.17250749022095568 0.17770534252056824
0.1511872313106376 0.15483632739158878
0.16627478996113348 0.17067943690644752
0.17779643204770473 0.18104251493959128
0.16073342202306137 0.16439302983667725
0.17404231250712807 0.18096075633864717
0.15862705381618664 0.16448070704374826
0.1757910539181657 0.17983223817060962
0.15189566458195813 0.15911010320554608
0.14864574404707698 0.15383242175585593
0.15311033948135688 0.15532545079555557
0.1485909866169324 0.15459457338667126
0.15205217044387034 0.15718217524764871
0.16672664559966707 0.17184782160739698
0.19516190952519002 0.2012563273811288
0.1456237742204719 0.15123769675736673
0.1596240636112091 0.16418718709411542
0.16732264135468405 0.1700630834250769
0.15433751103282908 0.15813716953688342
0.15895206835280956 0.1633786835817901
0.16085662310250168 0.1654230371988062
0.18686884078388646 0.18932581327941442
0.16126763864279495 0.16611215610226535
0.16693300032711886 0.1737775369076446
0.16071836644547263 0.16550018009487472
0.16795874356522855 0.1735496924031287
0.15089913317872455 0.15568350817977344
0.15247333395916704 0.1576055628234655
0.17062882784201025 0.1778905057973833
0.16933709278363193 0.17531770246357348
0.17669122202887164 0.1807117858878786
0.16659654716694564 0.17192120922286314
0.1508938906538582 0.15524645295309916
0.16353918774358933 0.1683430535690911
0.16424752806357287 0.16786174183636926
0.15825710669741827 0.1610601955055665
0.15260304009272524 0.15903910553246756
0.14324264528015118 0.14753625670462364
0.15333375124481183 0.1588864215658271
0.1706598220972345 0.1751229868360377
0.15335082844595038 0.1584648720870482
0.14509294323374025 0.15009322690465393
0.1343629509219326 0.13950681260744635
0.1640645825072449 0.17000793107252993
0.15623666822107252 0.1638999414234616
0.15896360301571663 0.1621265423814219
0.16535605496017527 0.17220018067116122
0.14047012141728962 0.14488089378464036
0.14515124544015465 0.15116574146816827
0.12809635390248342 0.13373387835182013
0.13572683082017872 0.14072271623470098
0.14523656799923387 0.14843516000387685
0.16165695302612795 0.1665795395416965
0.1360246668539749 0.14203977406873627
0.15778088693221784 0.16193063337449648
0.17292100683437994 0.1793348450511299
0.16352877770049634 0.16664225025120805
0.15039100100234115 0.15521851320981175
0.14786964948830397 0.15052857877674972
0.14167756274864476 0.14606799422427952
0.16692424715423373 0.1727447414102569
0.1624410275300945 0.1669351079786432
0.17207020475825435 0.17801728832509467
0.16707174353064838 0.17095366879223522
0.14320392771157647 0.14834899539070293
0.1447211859287999 0.15087748762147293
0.16598262746035888 0.17043485813144474
0.15479307271318352 0.16023239439301093
0.15581379882029894 0.15908232259219707
0.17381560002774604 0.1791634235884804
0.16568815951675095 0.16999206830250913
0.15804681137076831 0.16324395719891385
0.19550202404279307 0.20060571905511296
0.14209431203416936 0.14719700553677043
0.15441118573472515 0.15666854597633112
0.14552132757854963 0.15197860915764172
0.16975862270869882 0.17575142508300157
0.1679576064712084 0.17344809585790733
0.15340167963122736 0.15653247159933772
0.14772044043312382 0.15314882045816483
0.16710756159936085 0.1721572091211064
0.16536196423336258 0.17047874443784236
0.14596538319452357 0.150746862297485
0.14985479133225948 0.15662476342643772
0.13141268772043516 0.13564704075133469
0.1409786014339899 0.1450378922871129
0.15488406826828433 0.1610179443534872
0.1649264836329291 0.16869363209804616
0.14676495449693652 0.15149900179391546
0.15685249500589826 0.16244594373481316
0.1640223837606283 0.1673646947478856
0.17164124682749415 0.17757335696285007
0.13928835194634634 0.14553421530889227
0.16768801461392285 0.1728876196229479
0.14376035715331958 0.15042050179407926
0.1840345882884634 0.1907347470470829
0.17197431070836428 0.17718968427688556
0.15092336073384882 0.15420923031455078
0.16398427966686832 0.17046944071108158
0.13751488762424982 0.14332905054876824
0.15489884148579913 0.1591007542442225
0.16174688547009625 0.16615962280289148
0.1593909978212156 0.16353329508028708
0.14635623878651643 0.15226513156482568
0.1779623372881079 0.1826532312501671
0.16774023455088471 0.17160236350987118
0.17151377588091943 0.17721219860120763
0.16508141938422877 0.17135189228378905
0.1656450893204449 0.171281993663733
0.15806420090128837 0.16283750301794186
0.15935597167239235 0.16170748079451497
0.14274568739243926 0.14684304396203746
0.16079259787145347 0.1679995789479644
0.1765345645706289 0.17890158706154927
0.13522784650172823 0.13995073764366975
0.19669131471742599 0.20240944396533608
0.15084477959386872 0.1554374112048183
0.15640019720641132 0.16320786071225243
0.2069243737367959 0.21375995608785212
0.16845422347696218 0.1758784671187873
0.1573870136520396 0.16263399089070174
0.1735495348441753 0.18078393742840007
0.14409284225777602 0.1478121690771804
0.15244197091158224 0.1571806033018048
0.1798780378748152 0.18542370033937852
0.15367464016844665 0.1587687134377593
0.13378374786066913 0.1387684403948217
0.15996583791346866 0.1654695608617437
0.15945412169451892 0.16388537835443617
0.15948728141943622 0.16528865961878586
0.14921885768103782 0.15479160403882847
0.15848658299096768 0.16456610914287387
0.15277117127276146 0.15776026598913181
0.1844636298721866 0.1899780055222844
0.16259581869050493 0.167742580681118
0.15768172032417394 0.16433100582249607
0.15982192068547357 0.1661943428910771
0.1364154537170046 0.14081912745770678
0.1533089337617452 0.15714667315186062
0.1751815464308953 0.18138100007955463
0.16381346162486507 0.1694357423391303
0.15336654849070624 0.15604795751829068
0.16298141947435815 0.16620683528161218
0.15199376265154996 0.1558164352096531
0.13623219666601005 0.1405393277446776
0.1563744998091616 0.16157743195167193
0.16296007540972576 0.1649677931526154
0.17197043225661543 0.17551446607194848
0.1514815516283586 0.1555846790037899
0.1469066851553221 0.15302509298048889
0.164017831753279 0.16790612125796558
0.1573794853769488 0.16197609660910864
0.16005273355422922 0.16573651673495912
0.1570997707579418 0.16079377133537695
0.17051655456730777 0.17618870587719146
0.14539967743644402 0.15086451104018408
0.17073655720952294 0.17448073473558312
0.15406075653348836 0.15939905091328715
0.1650241828878424 0.1717679063501007
0.1642553344062453 0.16543171577386342
0.1577836127207369 0.16432711581618892
0.17825970229818758 0.18268456860437263
0.16267402338831227 0.1685593244110761
0.1873306648989987 0.19334468527194856
0.16077643740768333 0.16679734944969263
0.19420374069323684 0.1976034207932718
0.16791943083277108 0.17249946832777693
0.15190994221581652 0.15602177239691306
0.15990945353839758 0.1639615650965967
0.14408916900275492 0.14857506049277308
0.1442809927326848 0.14954942254377043
0.14234688405657256 0.14845704613097999
0.1589792215767319 0.16673726086250204
0.1688960269976999 0.17594348480204486
0.14988968760508914 0.1560495215780098
0.1687945127104684 0.17146155870075103
0.16781113163427275 0.17305266331226746
0.13550232515189886 0.14020292779269722
0.1883315265434289 0.19280328362759727
0.1499376287069919 0.15457598295523803
0.13968472822981481 0.14384648198747735
0.1789036015716516 0.18506145912594568
0.1571231378505174 0.16308704797796178
0.13483930341290917 0.13892749057297246
0.17374439431932084 0.17832245190111104
0.15716651776674315 0.16154748162325444
0.18343903965450276 0.1887934978054351
0.16072218107961336 0.16481694136545275
0.16347912416173574 0.16660764494382554
0.16533370258916588 0.17038168955068467
0.1723600198052996 0.17876938572849455
0.16733895951623892 0.173231259000106
0.13694314624150244 0.1424060474894694
0.1975596759729317 0.20441348018992356
0.16859496001391075 0.1721358076193153
0.17580053777162316 0.18198382104389849
0.15400600050158425 0.16029195220258396
0.1783989653515246 0.18029735995345464
0.17340075914184735 0.17626937756322453
0.1477259152453778 0.15124381783176621
0.1681654447280057 0.17226233773983185
0.14527194851942332 0.1495692166721553
0.15527590363411423 0.16109213643339304
0.16424900030281184 0.16896602922154816
0.14849071003528022 0.1562009047312765
0.16615715857382027 0.1736716821181944
0.17612750658096457 0.1807234975634022
0.16100899337452065 0.16414643565561127
0.1390701928614854 0.1446865073959177
0.16891537946169818 0.17394210504590715
0.14512485718554927 0.15129766599547415
0.13769710935156693 0.14220986721898388
0.13858734846195098 0.1418837039789962
0.165543482165328 0.1703115506167811
0.17820899443635344 0.18255703159867845
0.14688124437234665 0.1522322284984484
0.17446141946181723 0.1789861281020881
0.15923585345748528 0.16403255487219748
0.15432740519731344 0.15815080990212704
0.15097485692419652 0.1558115198998999
0.1653476695129866 0.1670057334257095
0.1521186717176318 0.15729032857072547
0.15674757434412206 0.16442577241650327
0.1421516891846299 0.1475020976325566
0.16471913833676244 0.1689226418583534
0.17351839787607054 0.17798791286477175
0.15301445422871782 0.15674309105629222
0.14048834974269717 0.1437735014734337
0.148405771323443 0.15265602591659455
0.14523341844738732 0.15206515256320946
0.17245916932894656 0.17689583329544792
0.16287213918656243 0.16661510331324927
0.14023924849016972 0.14768898753327728
0.16015758647007217 0.16554280165458285
0.16353560769608388 0.16992913824579278
0.16212209578175127 0.16608241234466875
0.1756416991217663 0.18093923238007276
0.13573634720522212 0.14221630890378192
0.14632922046173769 0.15006373901097578
0.14347468365077748 0.1457846876519671
0.16107077900642053 0.16590313574839843
0.16251369849027925 0.16627689297902493
0.1603243407063456 0.16611782447740459
0.17025461559948635 0.17610425940033073
0.14759275252644513 0.15105327491405543
0.16697755563098782 0.17203431220644774
0.14745024045506958 0.15323256248118744
0.1582535185213829 0.1632022868690222
0.16391503512765634 0.16815083952321058
0.15960029446787816 0.16442660114655044
0.14171124617098163 0.14651591223908683
0.15123842236342486 0.15805662837950696
0.17765177029860094 0.1817814574948448
0.14569082285492738 0.15027873629748303
0.1658946847517065 0.1714776984688165
0.1563140856381812 0.16157734381919536
0.13136529298125862 0.13541558198786022
0.1501051125036789 0.15663343997073056
0.14884390732055236 0.15460595136329064
0.15009951350040573 0.15550961007630953
