0.280207166158118 0.3031060281360779
0.27321181889090723 0.2967673992535463
0.27356870304314396 0.3004526144199882
0.27309896165044006 0.29306550299696515
0.27831406529903185 0.30065838514859156
0.2748744337736145 0.29722596970823534
0.2736966101299165 0.2970798846401707
0.2827501421565312 0.30417872195150886
0.2748450532550992 0.29692392782067656
0.27286812266385363 0.2939926547202377
0.27466851937794684 0.2988191477073793
0.28103123805565683 0.30767803953447387
0.2663365313392778 0.291203740870287
0.2763398466088379 0.3023543257527809
0.2722329844586623 0.29463198114173833
0.2756143744361221 0.29878786310980177
0.280491102475913 0.2971465510668983
0.2812233491539482 0.30343661868101307
0.28549854783292883 0.30954823604245235
0.27420506058718414 0.29212518758233424
0.27439734869749016 0.30051932737636716
0.27521259958115685 0.29765341621113817
0.2594151896485174 0.2871683197633101
0.2669878418325046 0.2916745173657749
0.2660406604365559 0.28967868069089686
0.2740851238988838 0.30207727693086045
0.28653824430964153 0.30529019558837667
0.26823356855394503 0.2910155017022365
0.27305240855140506 0.2927803608717842
0.2628473005930428 0.28573901159884457
0.27285274279136945 0.2952434921741531
0.27936387462285067 0.2999229879591182
0.2641181050936818 0.28934446756334586
0.269179694478792 0.289356988248826
0.27371677023503665 0.2966268946328679
0.27810049423317923 0.2981000492759848
0.28742988861593394 0.30759967502327445
0.2687916181351903 0.2880126652825054
0.2707474541544839 0.2910250048847437
0.2688561557811468 0.29221310323681626
0.2578924288908205 0.2853464012160195
0.28319617446763773 0.30547133149405126
0.28978866056108704 0.31360624640124535
0.27420386446036976 0.2943145334223643
0.269381122467507 0.29253390708878374
0.26312602428427645 0.28919039761066373
0.26832932634171225 0.2913529655507439
0.2617468024722275 0.28590357773393105
0.2743994490534215 0.29754146864374637
0.27137746025487375 0.29383538786455865
0.276191856256429 0.2974780077686271
0.27351916743239874 0.29576706421177645
0.2777629616801178 0.30030600570801985
0.26625985700057025 0.28856006982464505
0.29004790290202953 0.3118968597510745
0.2729706793568179 0.29544936747136924
0.2776293048695553 0.29883053932909326
0.2796195751136736 0.3019236927830778
0.274153687489357 0.2864627523547856
0.27869010347360135 0.30530574773617414
0.274827847621862 0.3001693194241901
0.2677788711163915 0.29139879543240377
0.2714584416639723 0.2967992111555608
0.2754087634363651 0.29445135564631336
0.2913168301188523 0.31692670296463366
0.26807170952825926 0.29474050158763687
0.27470717240293946 0.2997819863196343
0.27677554614640343 0.295880844019486
0.27325027830281473 0.2973559235422427
0.2846885346393581 0.3120884655491747
0.2705174626110513 0.2940987642438677
0.2760218126426787 0.29646932038842194
0.2642227057754839 0.2871767986044263
0.2705713990086864 0.2917842637457712
0.26732033148955975 0.2907633379678807
0.28899781640315253 0.31209901281266494
0.26465682216805175 0.28830958424397807
0.2804810383132591 0.3003324149755478
0.2748497630177342 0.30082984370659815
0.27846878355461624 0.30552020380432177
0.27805158440309014 0.29687818603294175
0.27048355005956454 0.29762225247563945
0.27304512603383124 0.29974471931140906
0.26867367640377665 0.29353888989005017
0.276506227497737 0.29787902768278984
0.2671255635946199 0.2898071995357183
0.2765939949888543 0.2995640286113971
0.2673521073828213 0.29359338032813004
0.2790232016277281 0.2980759091262908
0.2771088358961908 0.29728638281963743
0.27643106655134203 0.29925553478666933
0.27211779947175135 0.2969042065574488
0.2681460639027023 0.29468032733618144
0.27748031312028437 0.3016293333979216
0.28736542070492754 0.3103422155121643
0.28191675807023325 0.30684340001972643
0.27611332947887685 0.2983899072620583
0.27146604999551555 0.2949855966894015
0.2859427089587231 0.3085910062454795
0.28383794210698526 0.3094440615839538
0.26592419215757773 0.2849195838113409
0.26887817427003097 0.29341182933545745
0.2778984733612126 0.3005313851883977
0.28010016565180107 0.3072907176723687
0.27967679821981967 0.30444237248563816
0.28795506374325663 0.3100593457287772
0.2790283293514729 0.3025545765754578
0.2800537594070158 0.30444617123095646
0.28215348312256944 0.300915035900745
0.27283918059578577 0.29671679160204095
0.27688821636360866 0.2975025725346884
0.28167267248358174 0.30442966835964774
0.28874609695323883 0.31519730887969566
0.2696106905754321 0.2880847727917708
0.2680453906464153 0.2937829567956726
0.26840755067894145 0.29295824164586676
0.2662180590967696 0.29299978647290553
0.28143253928629314 0.3015100714225389
0.2676899835535434 0.28909673227491184
0.2912413871348157 0.31161489210075793
0.2769140140330048 0.29847701181516106
0.28417734998403155 0.30779149743984385
0.27960951807824125 0.30204558603406245
0.27078047214326645 0.29434902308986566
0.27370874153597563 0.2982191338401367
0.27799674913204164 0.30280888587728944
0.2798564886228697 0.3035738664148078
0.2769309766441587 0.2981468593443004
0.27839620205223015 0.3041184872349172
0.27663252531923554 0.3002284141336794
0.2823519126699716 0.3037078422971057
0.27444848232146996 0.2979159349586388
0.2886490474452304 0.31186660300903407
0.28557080340509683 0.3070562138424692
0.2805163727068008 0.3037069617744409
0.2779740507616303 0.2984117469689507
0.2813612727804044 0.30562545301879557
0.27052877936658876 0.2975489047568557
0.2790284944367116 0.3037384917494285
0.26450122050908936 0.28192085242784254
0.2804181039628618 0.3009091295588762
0.2604452211735411 0.2821843311698082
0.2915415423142621 0.31359349059872543
0.2727908284439504 0.29586337547051816
0.27538665186897393 0.2998182027792654
0.27640225166931454 0.2934927983398145
0.29322614651028234 0.3152908564874898
0.27596167116877474 0.29837460126569076
0.2946507039885127 0.31296406029367463
0.2737239709499892 0.2981823071529923
0.26638231303746945 0.2913905957438445
0.26725036871729824 0.28697257706758783
0.2821799981040572 0.30875670233213315
0.2724343003521078 0.2962095055943795
0.28380240049010824 0.3116219660562056
0.2872743982755014 0.31035825510841497
0.26836663876516675 0.2921113335023178
0.27597320342438847 0.2980264409399719
0.2771874101633836 0.30187782445346495
0.2665641969246138 0.2948675201666738
0.27602572699503036 0.3041372212696094
0.2693853373465085 0.29328860209297086
0.27661850542516003 0.29708425604929695
0.2810552307009905 0.3017068755647136
0.2780268203605351 0.29986750324202704
0.27324955355846153 0.3004454022562995
0.2741740201803411 0.29451432471264
0.2774671794822876 0.29902752664270943
0.2665591018736541 0.28609754045960833
0.27584852327108145 0.2997485577741978
0.28232065633018044 0.30629485919472904
0.27677863291429056 0.29972629748806484
0.2773485008793403 0.30563336572865313
0.2683749549534811 0.29025796539802745
0.26375453396544857 0.2874113620847423
0.2747446178547289 0.3002608200132435
0.27186237969158095 0.2912639788596491
0.2694353309033454 0.28766436457322303
0.27057533564812564 0.299287763392123
0.2777442088058297 0.2995689082495648
0.27268007050272286 0.30036809736974374
0.2683084227136994 0.29170847427756086
0.28878598507417863 0.3170942046262163
0.2604462003860163 0.2806344011050622
0.2692826460756485 0.28993004912114956
0.2756514047077946 0.2944149949351707
0.27155515512056094 0.29050852673408956
0.2629726235589632 0.2871802983596944
0.2684177284855568 0.2927682130164549
0.2663148253552778 0.2925428640453872
0.27910160685651564 0.3027387738328415
0.2739198168004702 0.29499130346288993
0.2792440653574663 0.301986545831434
0.2804573288696368 0.3016336291660152
0.2855336278672464 0.30978844766605756
0.2740203808950614 0.2967142116740494
0.27764174370463096 0.2999361921621647
0.2819362755281631 0.30341588307496686
0.27023157448638274 0.29030540556715445
0.27518212834243977 0.29917555349693475
0.27439454796429363 0.2986169727420553
0.2760933639860564 0.29882884645570656
0.28015226750764743 0.30642623255116685
0.27485029196599076 0.2971148236687737
0.27686591900440816 0.30076455923829687
0.28298405150770367 0.31086338928174806
0.273671255180553 0.29733779085914336
0.271201394058255 0.2984214793840627
0.27587211329454786 0.30083092182651644
0.2725110112577706 0.2981290056626434
0.2789749455912276 0.3018215456327407
0.27014563827437604 0.2940860917471269
0.27670075727052507 0.2998102680445965
0.26579796434321096 0.290595353796236
0.27978938196552805 0.3003758727626196
0.2786221963301063 0.3031906576765016
0.2733560141546594 0.29630113490646776
0.27164224561823813 0.29398956023204786
0.27728276682432074 0.30167757893477143
0.2685326347366292 0.2898788439109357
0.27023832728401154 0.29773896986285214
0.28059054142527073 0.30433436946682174
0.26916346781549255 0.29474686616445683
0.2791113083716814 0.2989981141198249
0.28128428103737013 0.3072100251452164
0.2697611868083578 0.29050493990620047
0.27224844303339624 0.29740735945444835
0.2675565060808504 0.2884066043935524
0.280603678180031 0.2992858080006425
0.2811914464282659 0.30641426137575917
0.2740399935825511 0.2976728668814316
0.2753308332213708 0.2999714909685368
0.28224799126193606 0.3071856189636431
0.2848355267264106 0.30389079407269964
0.2855946195363942 0.305013267652493
0.2792834148629939 0.30513094663955714
0.29380244718606585 0.3176440352876628
0.2824610643970325 0.30496837498162194
0.2768740541519523 0.30076495812088316
0.2756655036175226 0.2989109122797105
0.28044273878786097 0.30229891711695045
0.27469367953484736 0.29919356213006704
0.26980311847534316 0.2899332884882914
0.2798636685330625 0.30159366541001176
0.27092810919430355 0.2938108675286848
0.2784719755435866 0.3007024855126956
0.27421657050977194 0.2977981745196417
0.27421555428106803 0.2980315656930023
0.28953890432185403 0.30952568246812767
0.278119551537419 0.2992537332342534
0.28019920270133386 0.2973892955241643
0.267369925039819 0.29195973109435974
0.2862112475303289 0.3069465279456436
0.27563061072776257 0.2999399159444316
0.2799646431504701 0.3037061778474297
0.27859315109751515 0.30458521554854745
0.28287538957040653 0.3035997467332791
0.26629437923057 0.2890150537341431
0.27570748880335494 0.296258539976166
0.282673674999648 0.30400504925741495
0.28179480498698756 0.3051417599807317
0.27459632440193765 0.2953325254194683
0.27583820586588975 0.30016072425439444
0.2683577059633882 0.28704697084569936
0.27369656814004734 0.2963193275267364
0.2699073034005718 0.2905355800334831
0.2764291091965153 0.2968269993103668
0.27361654067016566 0.2967996519020739
0.28002298128728137 0.3031676617309673
0.28062735375860415 0.3095458123774492
0.2699250680613082 0.29351739561476126
0.2667472160535947 0.2920180387752253
0.282363799407286 0.3121247871981839
0.27465868709187374 0.29987624383827666
0.2795459543829933 0.305458344371769
0.27449131661665027 0.29570069048751046
0.2694502744658615 0.2943917415505709
0.26204341237764534 0.2863942039195522
0.2710103641276882 0.29204429224386685
0.27406798920963665 0.2958009808986529
0.2668110430841127 0.2888813096152156
0.26081832038224634 0.2804378461275608
0.2770773309358606 0.30323912305514855
0.2687691187014164 0.29641549872206746
0.26426037411748726 0.2882901130706474
0.2617232007728396 0.28344098457448064
0.2684334900627216 0.2949434657672552
0.27431208823784103 0.294372978424329
0.2812466274847772 0.29943031230888995
0.2711122334628549 0.28936568160956316
0.2717421481058593 0.2962699753031649
0.27410593864172994 0.30003459251713765
0.2831790284025725 0.3067005721605936
0.27433944726297316 0.29470829960862804
0.259764539823586 0.28623995113812933
0.27817996194643224 0.29777392917070306
0.27909025558911565 0.301587845744343
0.2705237337180552 0.29404171736897705
0.2771344330328039 0.3004259845624144
0.2722583896415707 0.29930741428113367
0.268954059461314 0.293539712765337
0.27403829437682825 0.2929689983507024
0.2765297354554592 0.3010037384656881
0.2782667051925682 0.3012490652961417
0.2604633634457404 0.2849889274934677
0.27426373586259933 0.29705543071576385
0.2744643261917391 0.29509851381098007
0.273647058154254 0.29991106661969275
0.26620874655234383 0.2915779547538196
0.2860957754880938 0.31572800132434065
0.27607005846884164 0.29782377831618323
0.2750607614370449 0.29999342355913705
0.2717135459946825 0.2908909443709882
0.2737873707615123 0.2953213970208788
0.2685223889860899 0.2911961130767147
0.27254708305216274 0.2938080581068093
0.2771613185448273 0.3010019201645266
0.2777894822223793 0.302129719699737
0.28239264463198566 0.30435654800643863
0.28933732949629226 0.30818956980853063
0.27443535538953157 0.30423828859924185
0.27694317086096915 0.29715464265526775
0.2790346039632639 0.3001853260719747
0.2759424366843819 0.2909699460325015
0.27958810974228676 0.30050389355013174
0.27183323399109166 0.2986712901891678
0.2872909128064406 0.3117869933255971
0.2807271414142829 0.29558515377454697
0.2780566987443842 0.2995064665368587
0.2689946561743561 0.29634073886696477
0.2814169166212647 0.303007956581203
0.2746089394890078 0.29927780285379013
0.27463268565496907 0.2997010334423882
0.2708429470190363 0.29459130490233987
0.2817052740318339 0.30134352339073583
0.27302621959851364 0.29457488001859256
0.26982246761636136 0.29288342836051423
0.2835296714035296 0.30249361165546995
0.26800417106916863 0.28879220871850964
0.29523969113208304 0.320713995596372
0.276177576754486 0.30218530562226564
0.26570240749820806 0.291647789798055
0.27319124786367543 0.3013032664240136
0.27837333231325245 0.3047342103861354
0.2687300687950436 0.29006119824091653
0.2680761259094074 0.2909772999381227
0.2762056109301747 0.29451303335458223
0.2709446775698151 0.2971652452045235
0.2687859808818863 0.28899587339676686
0.2773091764169504 0.29771110499486725
0.2727438157250706 0.30105004558016946
0.27354837176177377 0.29821448180183824
0.27283242492045023 0.2958995069525574
0.2673729254660149 0.29711186687869845
0.28134971113769747 0.3055153041046414
0.2707522430819297 0.2899863802838507
0.2760037090702276 0.2964463869728064
0.2840048674058875 0.309788549660891
0.2741653194240407 0.2962934042286693
0.26599310700860684 0.28614579556485176
0.2866312542839103 0.3103495622300887
0.27206755199894245 0.3007336936236826
0.28346239923845845 0.3063020115265283
0.27156073816616355 0.29443008585342506
0.2748299440908978 0.2998292613342834
0.27284691395850835 0.2914205675120737
0.2663064036434787 0.29070624498673947
0.27623821210683697 0.2995915327863022
0.26486626062133123 0.2899178250710703
0.27906046976616383 0.29944597145141355
0.27863434000737813 0.30231100401781225
0.2914458334502111 0.3122011190557085
0.27224655751430415 0.29033209280271133
0.27653457939034626 0.301179958056209
0.266658267646065 0.28734353582027183
0.2726035815308481 0.29828707225067197
0.26201902996570725 0.2870666354092933
0.2639136590375458 0.28842843578259664
0.2772902288343001 0.2989634595724803
0.2812754058100679 0.3030803114031668
0.28143645874492523 0.31350715932019574
0.2895926080551965 0.3124971359722957
0.28577631156860395 0.30933457881965337
0.27154701703349304 0.29406049961410075
0.27005770747918423 0.2961778833316525
0.2767589436099364 0.3007569459569313
0.28002544142725605 0.303193804625052
0.2628690777193802 0.2871624529963454
0.27661024763781056 0.2973478065332278
0.2771168944292601 0.30410504467020316
0.27730453955717704 0.29930893666720715
0.2830393362370227 0.3021973724841221
0.2730683324950868 0.2990939632043108
0.278368900407697 0.30214839662832177
0.2765249181255866 0.2942436419343821
0.2703179069834744 0.2938003129131351
0.2767527998099739 0.29988216168172227
0.2877080048167559 0.31010018659775673
0.27780657895294253 0.3006530094972676
0.274325515998159 0.29792781818575204
