0.17820042887192059 0.19201965772404508
0.14702888849901827 0.16691040471253438
0.15835775224165408 0.17639160772743134
0.15433606506010175 0.16735869779482376
0.1603849311359889 0.1752225248681357
0.1686619737913729 0.1842711347807329
0.14937268202924112 0.1682355806777365
0.176876612037963 0.19319084288970995
0.15808511472766515 0.17477633453902
0.15470465071595726 0.1718004724376116
0.17112742714558066 0.18677648910993588
0.1661855738061363 0.18776079573207866
0.14540413241707087 0.16424647898421538
0.1598632497974421 0.17843050128745244
0.15619376972485968 0.17374367589647172
0.1593219227032259 0.17880911382314413
0.1485295199446362 0.1625501532502722
0.163128272714431 0.18256045021732695
0.17149393759234052 0.19058396753580503
0.18110228425555897 0.19295186384496255
0.1573584539627863 0.1771401693124235
0.15773796026531908 0.172995329062447
0.13867240871380737 0.1571207294631503
0.1581824113092428 0.17428878597557024
0.1400330270430949 0.15714545009767084
0.16187717192238008 0.17766437685526237
0.1732292118115286 0.19140350158917332
0.14057728615633677 0.1557181566794702
0.15519650743345073 0.1703917441446714
0.13419347236267895 0.15293729516369303
0.15474290808097999 0.17142497269067902
0.15235273156080684 0.1666386809165669
0.13562108540733928 0.15544776543263086
0.14570357699076744 0.16309265360389427
0.15031656141193248 0.16800324244267
0.16280978672395943 0.1767035755052387
0.17825910401219983 0.19366109003692195
0.14753411424918814 0.1608057187742958
0.1498110413408581 0.16458276957861248
0.1589835484657592 0.17169649464082198
0.1369831302057691 0.15642213417513892
0.16868364653060963 0.18515429904681704
0.18219091109690305 0.19948734243137267
0.15361096074887745 0.17061747447182274
0.14165669805408296 0.1595290488052309
0.1387159159992518 0.15916957091769401
0.1545051215585335 0.17273522531381877
0.1424352246181029 0.15991563118705118
0.15481223049600965 0.1728081156342081
0.16449619647823524 0.1812753927385936
0.143722216803275 0.1611452307704433
0.15559093180829084 0.17145041329142457
0.15537765232803183 0.17513184554658906
0.14549543469108714 0.16209602520437333
0.18796247365276275 0.2040211852052838
0.1516280547002343 0.16911035278672462
0.14947406317145215 0.16544266817891523
0.15740975067328583 0.1759786025007753
0.161739045311893 0.17056492130129197
0.15932262303275752 0.17983446842935563
0.16124553405646375 0.17898020285078192
0.14277338696140662 0.1585419605897098
0.14332242246676707 0.1645599889471271
0.15815344423890915 0.17242054623142594
0.18783871282031933 0.2046674838295845
0.14512360656660514 0.16411107627230506
0.1765698621230421 0.19168343635759647
0.17558365660510697 0.18983651433756987
0.16223348695312087 0.18173041030234816
0.19369677829184068 0.21364282547551935
0.1502444312198308 0.16852413856523837
0.14770151243822133 0.1644165868494222
0.14536009724538662 0.16309232065987034
0.1407278735790935 0.15955063659869667
0.14616354567521206 0.16329264532668708
0.18967181294356358 0.20590436080377864
0.15188420073053083 0.16681602122219127
0.1632812335362818 0.17954098386806297
0.15491838081940318 0.17247615213130707
0.17772667614863705 0.19541015371981388
0.1585599990267216 0.17363434369628133
0.14670508884361494 0.16521238954132828
0.15365548932011025 0.1716513415106167
0.1485043178941671 0.16481997997470574
0.1642753534595903 0.18085032975580873
0.1522719202972656 0.1699270272156486
0.1661433468446238 0.18374450035430445
0.14909688606253937 0.16590135282926094
0.1573445339825788 0.17258070592073213
0.17383468552395184 0.18894530263342582
0.15029134365098615 0.16703676097930883
0.1391840654895172 0.15937310332780383
0.15539014064687848 0.17153208231449274
0.1737943180319259 0.1890107091463795
0.16804848249447174 0.18480469979860883
0.1794374926769609 0.19714781542115342
0.15536724197175697 0.17169493809311498
0.14355418725100672 0.16121998567199264
0.18171684960054005 0.1955430268645993
0.17048709655831348 0.19260165827647152
0.13862131182798376 0.1526842405962463
0.1460824891877625 0.1640882034012435
0.15506359935421732 0.17284012270336196
0.15113294831564147 0.17066191656741844
0.15312910599746227 0.17491114615207756
0.16724762715435174 0.18391466828554393
0.16606383475145817 0.18379306335273757
0.1652054356948584 0.1842290859999683
0.17446505115199945 0.19019843602473038
0.15405453032665667 0.1717237101220098
0.16813781177933398 0.1817717127243969
0.17577901579262734 0.19324182043494872
0.17763700340098426 0.197276765502534
0.1442917914835684 0.15728387814309963
0.14359609643383514 0.1612589233637423
0.1387759135798492 0.15587713902795258
0.14234648466955147 0.16135807931681595
0.18436078830751132 0.19858433560536928
0.13810675902749767 0.15464827871485828
0.17116590305064897 0.1868519011675622
0.15381650558249002 0.1688306924514558
0.17836007949608365 0.19822085443440451
0.18321410456492365 0.19907019524421882
0.15442889787591457 0.17179686639647873
0.14029569541025086 0.16106443391204686
0.15829528233723036 0.17662558885585503
0.1607337684432612 0.17851329541286323
0.16061401685690974 0.17698212978139272
0.17130659147525515 0.18791619674211216
0.16302116505985903 0.17723742654038394
0.1573061267505102 0.17512551879078248
0.15364878427599066 0.1722525794685608
0.1769722035117844 0.1932868520542997
0.1739054280672959 0.19060792830664833
0.16451703425361344 0.18352880705672248
0.1763032434817778 0.19028764656413286
0.17121834621913698 0.18819040705435777
0.15133631100171707 0.1721344437047056
0.16554057578472686 0.18525397089346843
0.13300712396605602 0.14740769017102176
0.1756909846224139 0.18810335754647858
0.1342090716287754 0.15233130528860458
0.18317349443801434 0.19753631867855104
0.15885543938575664 0.17631593471654916
0.15666294484908008 0.17478371520800012
0.16483898771636188 0.1802705738795399
0.17712082758519576 0.1947910057850215
0.17986713057867168 0.19398766341332332
0.18121619961079444 0.19512240787500196
0.1570067573539725 0.17608912086864892
0.13103476874994235 0.15117061084925015
0.1540882081813553 0.1706760647782131
0.1643248608594594 0.18435207387029479
0.16739876097601847 0.18422566965253934
0.16323426837149166 0.1856681028304079
0.18021410429890863 0.1975960062962443
0.147889928435349 0.16702276701322546
0.15487238387686666 0.17289846273469175
0.1672810064764211 0.18398210557392825
0.14052984404009417 0.16035542110223788
0.1878082797570498 0.20091607219785043
0.15762902065260234 0.17289310321993123
0.1532419704540791 0.16901153970535715
0.1743402429563013 0.18895612621080418
0.1561658089972888 0.1700721655772995
0.15607052993006648 0.1758048427207249
0.14150848009820524 0.16054291010806965
0.1535429762580168 0.16891371329671953
0.14270875878707212 0.15879248313208694
0.17005306779169294 0.18589636990997604
0.1653428768048068 0.18213472129509217
0.16145564457152436 0.1800321213896122
0.17252990245452507 0.19117872549391682
0.14546314719654643 0.16227957443602836
0.13925062791416917 0.1549876461036534
0.16241647925264457 0.18177159847445934
0.16096287295220493 0.17323627552938892
0.150564479488047 0.16497343239663767
0.14176137215401605 0.16245801530340553
0.15764215388676753 0.17404515429746598
0.16185933445442938 0.18268699334066968
0.14709630838878834 0.16326811695840596
0.1803925799633338 0.19613431403065756
0.1408980890800888 0.15699238874127802
0.1420614799110951 0.15824983942408644
0.16922507149586713 0.18228308591887138
0.1588798821797197 0.1731995860068446
0.14402840785286172 0.16078828354716007
0.14987666999866786 0.16611788631635266
0.14403417290350987 0.16353091240304846
0.1673414855486455 0.18259900428312606
0.1504171748941823 0.16359358473327243
0.15779805223028356 0.1751618225176221
0.1548753325768845 0.17246469058272015
0.18703532149492502 0.2015881272136215
0.1505149652264497 0.16855264780326057
0.18229966107695764 0.19677822418719756
0.17972707263048615 0.1973461379558651
0.148901449778116 0.1651517807920998
0.15123932919194685 0.16797177739471755
0.1567473456072877 0.1753977793488614
0.1543827234668618 0.16922986240432525
0.16190026994846987 0.181737666334684
0.15450712113681284 0.17260705252748
0.15291328095532675 0.1716357411948349
0.17237539867012933 0.19202618824476436
0.14889435576906185 0.16957300153966098
0.14370018003385682 0.1639616516510922
0.1580597473176819 0.17752015720625955
0.15980324702065865 0.17927871856532224
0.1556582817963471 0.1700823601816215
0.14277304001738683 0.1625847786236009
0.16448971035699994 0.18325047277760667
0.14370116533140942 0.16081411932879408
0.16166023595316406 0.17499660902018013
0.1589908481352085 0.17576672367228705
0.16032440609878057 0.1764015624035189
0.1666822379929276 0.18200780908580821
0.16888700439359935 0.1851408469424925
0.16584466296550615 0.1811441277863019
0.1536980487102822 0.17476522120752302
0.16575140501006555 0.18346415950326234
0.15504326472641744 0.17453745612100435
0.17845843242336115 0.18996688851353724
0.1736086923631163 0.19208117401254482
0.14351645974482824 0.15984094429995657
0.16079574274146852 0.17832220652836606
0.1465339797630873 0.1629784346688451
0.17001043474789623 0.18273761383927775
0.18141643963090656 0.19918565552096595
0.15690207483055488 0.17365914285361742
0.15753169748870174 0.1725513145449324
0.16782715118998726 0.18823787809951206
0.1680032662662451 0.1822797830306121
0.18588371704629034 0.19750845632102773
0.18139503643360128 0.19799593027507847
0.18784592430374183 0.20117067335561306
0.16160019905961873 0.18096975115086525
0.16026008961800048 0.17905713601809345
0.16580247710300178 0.1844296711566427
0.1632088889603153 0.18007283608261124
0.15502476711370577 0.1739822644911992
0.14947796396127533 0.1643855375769292
0.1627184935605443 0.17775669857571713
0.14910285321945022 0.16451832603940159
0.15688745923346717 0.17551909899756285
0.15665075063983827 0.17308461178829931
0.1596325644084546 0.1770657615502783
0.17858665723646913 0.19419336121750014
0.15517128836289476 0.17077106833373398
0.1656312170328121 0.17884668986967872
0.1451404800168522 0.1645232632473395
0.1853422169084694 0.19715506487419118
0.15955608813637043 0.17715912840406758
0.16615173066121314 0.1818779010335998
0.17446757293065773 0.18993519725378188
0.161133114829278 0.17652727068041504
0.1452473109940863 0.16194072521695527
0.15914258379740465 0.1768679146377889
0.18225252411430565 0.1969138403305908
0.1672545412885804 0.1839606667974218
0.14817938634297054 0.16233420948206342
0.17188647518656838 0.19044594994509342
0.13910624864942056 0.15567885852667374
0.15346454591500505 0.16947725276038342
0.15082302792558097 0.1634187204793303
0.15718779615419645 0.17498427879481754
0.14849463713638833 0.1685628916663515
0.15806430516026168 0.1766670743388294
0.16397060704700778 0.18459855865939678
0.149868818692633 0.16699138034563707
0.16725500265185064 0.184345643366321
0.16109376456955476 0.18427336536675087
0.16449605073283188 0.18089039893196837
0.1582434252848787 0.17708434743722923
0.1553667408323337 0.17080691488164484
0.14692260135518753 0.16369547287125513
0.13939098266117214 0.15787508490073549
0.1486902585881517 0.16264500566404078
0.15468167733446644 0.16953249188793168
0.14750176099313972 0.16598474572402835
0.1413589685200248 0.15592140853463124
0.1686885926552246 0.18753457555172082
0.15868905164847727 0.17815219931931717
0.14646899916302364 0.16380660612696998
0.13030045292814585 0.14547904783734042
0.15045972382310446 0.16540722243340727
0.15323831500281546 0.16744970540811294
0.16319655752969126 0.17739848145098286
0.15552815668392664 0.16825619296011948
0.14975287720541938 0.16860896303671682
0.15700380589123644 0.17615154457459276
0.1663888266075415 0.18360887509736556
0.16394996819741545 0.17949492045893692
0.14075569053550963 0.1577753300064191
0.16998103046104807 0.1829519483907353
0.17825675605166127 0.19212665938627393
0.14657917426873834 0.16657892981049421
0.15343825484938822 0.17069534421024962
0.14557607313225962 0.16643253049587578
0.15315961336783535 0.17050492743328613
0.15307949322614703 0.16635628687843346
0.16723386857005135 0.18666078428061605
0.16135840069560406 0.17904696433845232
0.1374713660144084 0.15677046969064315
0.15421505114103784 0.17021822965987124
0.15879800582887774 0.176570170367358
0.15324180570218035 0.1701855984360284
0.13019112622430193 0.15155976844892177
0.1715518571784092 0.1936324383592113
0.15750027731065452 0.17466003896062385
0.16300052541444418 0.18023394859808875
0.13901959603565076 0.15561305674173387
0.1531697461470216 0.16955794301559887
0.14209926042228804 0.1595397058242321
0.14747961868439377 0.1614825008825142
0.16118118090103428 0.17783317772739315
0.16605508347422204 0.18273200883803378
0.1640549199154719 0.1809111802172444
0.17713003056662538 0.189260788544672
0.16053019258687537 0.1806374630482654
0.1690865429260301 0.1830867196227998
0.17774492194485583 0.18999486853993638
0.15598975119326494 0.16539882924619623
0.1595971815007151 0.17412139390803238
0.15075376733750034 0.17010446384714883
0.18455954575068498 0.19994181925040133
0.16482291235834098 0.1749698620217243
0.16119781905161687 0.17689805133664913
0.14510198927987256 0.1665351398336456
0.18016950497921913 0.1938600506698703
0.15504812484887717 0.1743509155725484
0.1494717140166109 0.16959368430805674
0.15263649544058763 0.17230074025306405
0.16643668360939085 0.17844159162783862
0.14430115373762914 0.16046392523436237
0.15194332231721377 0.17052513717818674
0.1785139972944943 0.19196005709727862
0.16359512613096833 0.17774052773082447
0.18212718107779047 0.20179187755451852
0.15258420613745155 0.17245266160485542
0.1476744832568892 0.16577321898243644
0.15188404512934542 0.1719426843085792
0.16870782825282893 0.18729715191023177
0.14524562579431882 0.16018597246705954
0.16106823296807019 0.1779718810025528
0.16660100586887977 0.1781375427141254
0.1516209241240632 0.1695905849139314
0.14723104978744336 0.16223210790264886
0.1670505376370498 0.18082008972819738
0.1569590369225475 0.17605844830071007
0.14628774555963592 0.164875697853061
0.15241800319631524 0.17139540643862175
0.14748527054167115 0.16764413052958402
0.16182839492229306 0.17929416972801926
0.1524873303636336 0.16655664591833694
0.1531083065050552 0.16878680649909683
0.15929676995233005 0.18107625221425638
0.16409468717789424 0.17999207030190575
0.14169948554623615 0.15667951035569894
0.18593692748277826 0.2042876228338241
0.1468435254890856 0.16694738148100927
0.16065187033594824 0.17763554571315443
0.16127381036824256 0.1763738864656063
0.16066143563519714 0.17967761088497092
0.15013709816644147 0.16522772024180551
0.14041008855561782 0.1575891775170575
0.166446259870462 0.18164850775372265
0.13891515966142987 0.1563058073116359
0.1664427141673838 0.1823523913658169
0.16209734266766032 0.18056690682328277
0.18375328079058645 0.19944464759067407
0.15982876381550282 0.17269748828240938
0.16654348333531727 0.18357189806562133
0.1453555412781686 0.15941988929664536
0.15271948727044027 0.17042174392156215
0.1417161696752468 0.16150002206025896
0.14612898895047802 0.16085545072400478
0.14770763644332668 0.16218422732455307
0.16755386514686324 0.1825001141904606
0.18252854945683122 0.20595046580385312
0.19328532586333116 0.21188758690606468
0.1626795844360213 0.1812632402128117
0.1640975336878664 0.18043531932579027
0.15341497509599994 0.1716764526891923
0.16176331169845562 0.17872608290310238
0.17040266804307083 0.1869934989460792
0.1438339873207927 0.1583447058672376
0.15599395973206967 0.17351000383131757
0.16227733163447788 0.1840801326058613
0.17218912902717934 0.1888978655392878
0.17511339407920765 0.18640438755442523
0.15690832930080442 0.17552463076598954
0.15193747724026468 0.17128617266188984
0.15434651156188475 0.1699626232385221
0.1538916459201155 0.17141474552550653
0.16964672002460912 0.18849205766005017
0.17052356116984704 0.1873848996472492
0.15486281217894066 0.17120949552614123
0.15664780270093587 0.17506656649550886
