0.2578312945356776 0.335649631018734
0.24574570123680212 0.32457493293661144
0.24944802161352667 0.3316781999658827
0.2678649545548511 0.32473231617388026
0.25588435206715493 0.3280252071179069
0.24736324687089903 0.31256491539815845
0.25663352090006075 0.34168381417839944
0.254801335323381 0.3342045439951675
0.24259795581070712 0.3267310870434239
0.2410497088253416 0.3258327826994176
0.268618544754767 0.3426522112578758
0.25504604913186407 0.33000427487877443
0.25783629436035965 0.3312609499301951
0.24635449537444612 0.32443265685854183
0.2733351791641935 0.3371847506303861
0.24767256554024844 0.3314864743166827
0.25267120596938725 0.33692772391912174
0.2587931303599375 0.34177267901586716
0.2733495930358675 0.34091133592871203
0.2564860967671926 0.3330840797945398
0.24235851149769103 0.335865405525435
0.26021145567991927 0.32388575617118587
0.26713561633047844 0.32535626350464636
0.2537571918797016 0.31923412142809665
0.24781709786364536 0.33173879130027917
0.2574316739317182 0.32560516845972676
0.2480579112519116 0.3113392374860623
0.262324032002554 0.3238925389824547
0.25771181700783913 0.3306004979379131
0.25027076384969293 0.3261455493173108
0.2530520059473789 0.33126075873663524
0.24859082913725933 0.31780796444221254
0.2567841805647423 0.33340874440579626
0.23949776071539444 0.32603103915095266
0.2724161162254574 0.35396630729346057
0.25347094502537443 0.32027607741366043
0.24975414749062047 0.33001904639499574
0.25363563848555254 0.3305579464849651
0.2632161166387687 0.3405235196351541
0.2607966935284596 0.3452890234410853
0.24095461158556722 0.3340709358587522
0.25834221824031733 0.32066607434535865
0.2615840928066965 0.33137780977797643
0.25772214610341465 0.3308582134844546
0.2649832461910901 0.3406879848056422
0.2651096746976366 0.3343459020717661
0.2611716603561732 0.34151594984681055
0.2657141635555858 0.33509593336197385
0.26393899787320174 0.3443850026332539
0.23392469369454544 0.30758199891201093
0.2662101151988032 0.3352601109288858
0.2644900011555291 0.3201281295856258
0.2665935261120669 0.33147452073621314
0.2680310490830302 0.33278818768178414
0.2509842016190637 0.335395049786613
0.2625696068703602 0.3301098093574981
0.24829773408674455 0.3357826060511538
0.2452222505631816 0.3295274759040749
0.25820468356685183 0.3295530192480728
0.2577614815573279 0.33439642336611075
0.25411245589990344 0.31386727873899567
0.2716152368094781 0.33451836875773594
0.2613623745713399 0.3352196211621854
0.25846758353448035 0.3404306312317331
0.2464524099741266 0.31896508870603196
0.25267778234163135 0.3218757611646631
0.2699513697300603 0.3331423423344583
0.25920233318513625 0.3255378408377588
0.2688541346254047 0.3305384700063258
0.26606079657552784 0.3229611447694252
0.23393291993758725 0.30774074568816157
0.2581682796225643 0.326999421099949
0.2512117196922847 0.3206358740010069
0.25917649977848994 0.3311577614720263
0.25909711295543497 0.3422885221454057
0.2582045128696374 0.3245769356308633
0.2665207779173083 0.3342702409669266
0.25086358376614154 0.3205929776030303
0.255999595599189 0.3261137617457121
0.26771433193768424 0.3370577419299926
0.26090971369285576 0.33800313557245726
0.23161382957614296 0.32002819456540127
0.24600219319092984 0.33561385637005264
0.2384574104460226 0.322072287820454
0.24534075183307966 0.32761604406463096
0.2570428081084893 0.329315915246139
0.2666600764342933 0.34101319572396194
0.26395215636920905 0.3432276181470143
0.24430061133920394 0.32149620431932197
0.2416983269306952 0.33068947551204053
0.24529762140658962 0.3275540836271851
0.23156697858408035 0.3172267199345632
0.25418405736631927 0.3286584438381326
0.27007268313468213 0.3266672403462524
0.26576432654578785 0.3234550307245502
0.2627001506534113 0.32320942296771865
0.2640335352599086 0.32361593361970187
0.2565112715563342 0.32435357470632953
0.25935942524723193 0.3316682553368526
0.2530854926395322 0.32779259991698223
0.2687095232721834 0.33561607351695444
0.24994942459734845 0.3283862413606663
0.258405291934231 0.3460538736009877
0.26842285389445497 0.3344880783306547
0.262370390250047 0.33553420195622125
0.2666771283726636 0.32350508637669373
0.255066327667343 0.33643612788057176
0.2498992631970812 0.32077163335755626
0.28048128206058554 0.34488529761562015
0.25417043396547656 0.32768198435990936
0.2538919605964249 0.3221323158520519
0.256715448009506 0.34621076242462934
0.23717313736924409 0.31794654203280576
0.2405776823794881 0.3303979133249265
0.2464337771726952 0.31342673622003053
0.2572566427786381 0.3473320478223063
0.2594996387236236 0.34131780926960087
0.2573441831008916 0.33379410073793553
0.25795948043264594 0.3264104122508331
0.267232650913008 0.3407402451173136
0.26667823435029064 0.3247740734238158
0.2564652341931549 0.33825258505830463
0.24161021591446288 0.32453568997519994
0.2664032244221389 0.33478461365045936
0.25002883379663315 0.32881339076446925
0.2630541724714417 0.33242844437296415
0.2768658340471641 0.3350725821076346
0.2594921187676302 0.3424185316381731
0.2549094451121672 0.3447364630168061
0.2684032236163561 0.3265834253536704
0.25609597852775073 0.33942952220782585
0.25666225233162954 0.3241298661738266
0.25978766120023644 0.3284684904328707
0.26135608230739843 0.3320033091508515
0.27313286672367787 0.33998505372058907
0.2608493209951806 0.33792568981523924
0.27349755124986685 0.34278901325914213
0.2649767570101729 0.3420072291792293
0.25415623417429134 0.32078746755386595
0.2473458052728596 0.3307349491961419
0.24993673054958165 0.33598810842916566
0.2682340833603787 0.33810229228300587
0.26081813080864197 0.32512578105700496
0.2712715510911694 0.33972099174380715
0.25284232757306735 0.32718232158660243
0.2596594328137057 0.33691385886824593
0.2616289794284571 0.3351431432155956
0.25825952106511973 0.33818151912110567
0.25554858942145875 0.3238603892080686
0.25441743818700613 0.32893716185747157
0.2519568285189074 0.33897801167934133
0.24807634217230778 0.32261163795706477
0.2572809843421318 0.33741054442530816
0.25811242781622745 0.3194811717416713
0.24949140578636803 0.3235978760654557
0.26248591112071684 0.32796055270350377
0.24697557106685625 0.32922553300929014
0.2721035124463735 0.35160860777846875
0.2451486893705862 0.3289946112005091
0.2490590589899373 0.3323878126889552
0.2596581145237291 0.32806974667997435
0.2633880582376034 0.34094169184079937
0.27521493768661465 0.32275985089596415
0.24689498940729787 0.30674472107515893
0.2561790484546766 0.32854567324167167
0.2731073776071436 0.33707980667148457
0.24442524873480165 0.31525466021388604
0.25720881563666914 0.3339963216981369
0.23955566484918644 0.31782501476837854
0.24796711746478015 0.32721745670326
0.24988818592478662 0.32095557959224524
0.26103940372387796 0.3314518705085049
0.2418218174578099 0.3068378279555797
0.2669850563832306 0.3394386768133741
0.2773286441985201 0.3400389462260416
0.24350036448884033 0.3326236089642518
0.26028228142291976 0.33895705305893997
0.25227645104039964 0.3369218903016655
0.2654259445622791 0.33066126883020286
0.2719677631093781 0.34746565224951287
0.24623552677290267 0.3253513180473573
0.2660187277999919 0.3491577130695753
0.26531796904733407 0.3151110215956408
0.2598483212602022 0.32753786487780295
0.24989479251758304 0.33092283784235066
0.25521636195064373 0.3303960957800112
0.26098556788512584 0.32487915467738676
0.25852472631311607 0.31696551617180646
0.26257188910787604 0.3372947833574738
0.2629567082631425 0.3303330410073295
0.25277114473145146 0.3286994079637147
0.2466635954922233 0.31610975630720084
0.2636462497876345 0.33156099637639663
0.25912182804108597 0.33387535677462077
0.25417834983506077 0.31381928188226255
0.2676329641837298 0.33433077802239836
0.25152645802208484 0.3270122336972216
0.2606781691793401 0.3352322125605666
0.24887805002584684 0.32588449718663304
0.2589442763477701 0.3365134958556552
0.2538140724464557 0.32320691686624337
0.25622206240741885 0.3361459488315101
0.2571657101428075 0.3197171730482444
0.25189746418300385 0.33244533124540554
0.273474156947318 0.33222720917943727
0.28598263032455523 0.34188329115148863
0.2521521508269544 0.3321402090444372
0.2573257121784216 0.3465108641797124
0.2668543400761798 0.3355738303858477
0.2500781009695701 0.33154552312972124
0.26142163508541144 0.3327168487394907
0.23513285989379004 0.3170781110448168
0.26821868705962776 0.33583561986405397
0.24355442967146426 0.30865543486654207
0.27059840462000023 0.33754963599997334
0.2585239653643974 0.32745976532671545
0.2689306907861435 0.3406125960545754
0.25617091875132625 0.33139438566881185
0.2487071980468553 0.3200132919361367
0.26430173647338473 0.32528555676631066
0.25216483717977695 0.3277949488454718
0.26018873855908803 0.33616814883522655
0.2589086308050761 0.31605576564173665
0.24317174897280155 0.3249544597726198
0.2610833266516162 0.32362610775434564
0.27246062414294336 0.33727014509522424
0.24189919559388243 0.32385532850479565
0.24462643818587856 0.31973267637023367
0.2587802310916041 0.32181528239776347
0.2620122592905486 0.3329157143898498
0.2495921459669231 0.332180386649306
0.2353680550734817 0.3211052031778486
0.25927126283474294 0.3323726752943305
0.25478364667748327 0.3262545444332753
0.2466060402828352 0.3239208700781032
0.25604521993730767 0.3282071425571674
0.26512449210223393 0.3373121015879436
0.2978304677415894 0.3402340937253434
0.26358528655062824 0.3328976450630989
0.260948373567738 0.33279285282944054
0.2714055858478665 0.35133487440304606
0.27922701766234376 0.36003072802489433
0.2576936631967408 0.3374292571020821
0.25354500711205086 0.3330383062577832
0.25887365642012145 0.32785004505376325
0.2585500030539312 0.33538024225975466
0.25255092470776686 0.32582844402393013
0.2498081944662289 0.32711634369993864
0.26649611578310944 0.3264976393877812
0.2475232077279446 0.3288202518348065
0.2521733317846575 0.32829433850890855
0.274951084456814 0.3496558399219325
0.2527905574534174 0.324802217163307
0.2410649116681287 0.31866600400337286
0.262792678578566 0.3324295012004314
0.26285925519168163 0.3343613627441677
0.25849526181578786 0.33854685991826866
0.26602688345088227 0.34394693907173407
0.2563779291836459 0.3385651913396281
0.25259853645991337 0.32652527648807234
0.26019871378125925 0.3295503345026038
0.2511872224545436 0.316230686987748
0.25215342280538183 0.3333948540532324
0.2613726504128999 0.33849164397851167
0.25074256631647307 0.33210887629599034
0.2746109161877257 0.32692935036658266
0.25692061956790596 0.3247094830178961
0.2543328070748212 0.320635920252767
0.26640873496411127 0.34036731949988425
0.2478375615194245 0.33310397570539435
0.2479678717927322 0.32063496106827527
0.2699269453728508 0.34203141129113873
0.2704264538815337 0.3429643114259971
0.26513316734298914 0.32112662544187653
0.249078643205327 0.31879521463057087
0.25535515342415516 0.3314819059922881
0.252491673726126 0.33897229144203717
0.24396217369612375 0.3287559009642084
0.25510681859512985 0.31667528016580365
0.2584757579216624 0.3304744595964911
0.24431050584753372 0.32872196683570093
0.2900074916352778 0.3544179966860603
0.24889615010220567 0.32029305521735657
0.28139286044455486 0.3359170020456269
0.26824102456586263 0.33026412710836023
0.26675258299522203 0.3354670109455931
0.2591128750731996 0.3405602449359473
0.2546057997122067 0.33140194615180857
0.24530113955640556 0.32447869376985455
0.24780370614160824 0.3216102631601521
0.27956807463482597 0.34119289532522096
0.25386037831992425 0.33124751573264744
0.2623180775356749 0.32961946274830956
0.24170295604310643 0.31891115306145074
0.2615077225982924 0.3280923999619489
0.2661269210744298 0.34395529939613806
0.2613293422541117 0.3437217387841362
0.2561399128274539 0.3428591641435185
0.2572857428924186 0.3275037680196777
0.2668519664585186 0.3382310104958575
0.2457117038319276 0.3211496047187554
0.2704056611146041 0.3425134906419527
0.2511832862009013 0.3207515267838015
0.2612945862311524 0.34093582951429663
0.26673816375673454 0.3352059313198813
0.2564532017894687 0.34001133600027333
0.24456549334299071 0.3276832796235681
0.2456639375401437 0.31193200047439085
0.26401248981279296 0.32916245246718767
0.2484802771464204 0.3127255497121346
0.27274320889173403 0.35191020065172424
0.26557364109164416 0.3406956735169881
0.26701105096754923 0.3416447141042002
0.2389579884100105 0.317181413768922
0.2551444087224278 0.3329473590970817
0.2645549657506556 0.32589837745400274
0.2608710780934344 0.33038230451258094
0.25992801589653847 0.3277445005034885
0.2545646997959587 0.331576060998065
0.24662946393558297 0.32951984719661365
0.2578126799720237 0.3208539419854195
0.25259818152529573 0.32736508032516304
0.2560349867644085 0.3202018567632625
0.25504464150186335 0.3256334144663053
0.25407655368197735 0.34082712643903934
0.24454176547822812 0.3187156451702498
0.2663793642641722 0.32554139004466665
0.27404777948660486 0.3290870522402882
0.260078238548974 0.33941427059051515
0.23759489133117928 0.33051161167126286
0.2555622232062885 0.32903980120615345
0.2534283018972567 0.32966841818355613
0.27936960744576006 0.3499254113803696
0.2529941979883363 0.3207007391327094
0.26481634568948065 0.33778776407790134
0.25358157140989945 0.3280393274421004
0.268902446096174 0.33817928413964443
0.25586278038269744 0.32708049235778425
0.2585255962005471 0.32884261538065157
0.2617421726841407 0.33284995476233453
0.2566498690520504 0.33076655273290173
0.25910608607825786 0.32771866754562806
0.25503370526101876 0.32477512065893527
0.2495991750151378 0.3269134836225101
0.26609699495704486 0.33298927416356067
0.25305067424366456 0.32849682082990567
0.2539682345630418 0.3196051586903904
0.24882072337175662 0.3129274520698675
0.25754924567497495 0.3255023020942269
0.25368325427668187 0.3327423460615705
0.2586963300104652 0.33445925346678956
0.26019358996548136 0.33300505098743444
0.26271005024187044 0.3348279234103398
0.2594483466261474 0.3350606132819464
0.2490289648475651 0.3261093948026946
0.24553211315048093 0.32736198337050176
0.2672183368860653 0.33518424257255114
0.2640312472353613 0.33063820738098615
0.2648314100855126 0.336889489070852
0.25129437843186275 0.3277048313077725
0.2558527564903923 0.32167522586662456
0.2610215664485081 0.3367077566234523
0.2391236489899317 0.3226302404177627
0.239358378469975 0.3289979723977343
0.23340317505188754 0.3247975019003843
0.2559287195431931 0.33910449706685136
0.25062212880288354 0.3386873001907098
0.2616139719973167 0.3407095397574153
0.24564972990609882 0.31636073102424483
0.2478752324719442 0.3243049918328301
0.24105909181130022 0.32471452167442383
0.25490134553291743 0.33480928662040876
0.24820704676054864 0.31364905238389773
0.2567738408553135 0.3214825907733016
0.26605797682719046 0.329744364640423
0.26625081300940145 0.32175721450600836
0.24906597572107703 0.32992081226963305
0.23960268955190087 0.32096230797150627
0.254607418080805 0.3252935726889811
0.2609058867117176 0.3240721196679669
0.2530046853834973 0.3159275121635194
0.24827069658693005 0.3389639225699462
0.2650940362886009 0.3423145203561788
0.25918465533119867 0.31849562785421814
0.2605816425862884 0.32674961045860784
0.26143527543213385 0.3305192038061761
0.2645455090631554 0.3230314029294435
0.2571390141169385 0.33926249914072987
0.25432480828084864 0.34109207329126306
0.25030322496084223 0.336111550265399
0.26043305170150655 0.32003621321493775
0.2581409822698597 0.31766918331400046
0.2585301979116479 0.32532054912049635
0.2640599907043587 0.33931199357590075
0.27456185430611824 0.3503940051999785
0.2585984247040698 0.3333129106559938
0.2503646832053264 0.33431358899755337
0.2650761207075782 0.3408751079542633
0.2595657317349535 0.3276696346990444
0.2599235523280528 0.3289408607912862
