0.14940914136277952 0.20624959579745658
0.11529363056418616 0.1773661812437901
0.11766737024887532 0.17222802427630507
0.16414983607432876 0.17006456625706085
0.13955830329173488 0.16784201064732981
0.12801990176545863 0.16947438336373574
0.15152302773529028 0.19164464595528857
0.14913525316198117 0.2041103434985086
0.12325931839040329 0.17352533107258983
0.11920645328405484 0.15766357138752812
0.16031633055406627 0.22115701753551334
0.15426649149064414 0.189825043577463
0.15430428933346607 0.18432346931531615
0.1317312016065264 0.17390047430120684
0.18596859063798968 0.2075343985805455
0.13728546008276593 0.18385819043824883
0.14008261187513252 0.17526124382681638
0.15080996795806895 0.20923293701764076
0.1743227699172702 0.1967456014314659
0.14706598319018246 0.17936628974034377
0.11496885434790785 0.18753798299637306
0.159932939991414 0.17611482328079966
0.16325776450592622 0.17614291962651993
0.12874753669279806 0.17015443721353055
0.13977417835229158 0.20722871502325577
0.1618901936384081 0.19121983183529026
0.13461490978613674 0.17597388714559367
0.15813026843804487 0.1892289492228332
0.13314831910392597 0.17442186849268912
0.12985082455643526 0.1754414498381766
0.14513363662523568 0.1885553247664412
0.12151372964137777 0.1649270282667768
0.14340817415280524 0.20682747711541274
0.11979047122990111 0.17427028575986572
0.16801057347516188 0.23447574719887096
0.12724363628753202 0.16272845284222753
0.13445996223421097 0.19090069543765847
0.12582906156901189 0.18205515925188706
0.13487911472960237 0.2071160608040099
0.16713092257141432 0.197104764698929
0.12651367581281495 0.17655930494079086
0.15500801293624095 0.1835939575792793
0.13684694780496187 0.18999185515075087
0.15580841995144568 0.20340363544245674
0.18053467713710014 0.2175494593549122
0.1399262721796462 0.19195993936060649
0.1694423895231549 0.20475271254062394
0.15693192735973244 0.207261874198723
0.13627297255802906 0.19434199672595454
0.1162021423539498 0.1540218708093504
0.16641152342537094 0.1994295744502403
0.16090893961459146 0.17481235169321757
0.15801523240723403 0.19140148692001208
0.16206323122875885 0.19611406385884686
0.1335007605408986 0.19451836053344157
0.18312154573453865 0.17525552331108116
0.1373863431664055 0.1993258623698891
0.140287272959168 0.20266464706136147
0.14567345349281324 0.18665864323354084
0.13741628811057818 0.1863647533594591
0.14710908015744276 0.1642913271033022
0.17674223985308946 0.18113603036548254
0.1333505634418132 0.1857159426535161
0.1596640615711214 0.1826125313996538
0.12688759447743772 0.15983404959951716
0.13131629561952332 0.17318640128640278
0.17766137584419608 0.18993969155775065
0.12143175222404795 0.1720571564580588
0.16581677631317374 0.18715652977811176
0.1671883961727906 0.19578530413306455
0.11206067637870394 0.16157147654040205
0.15004289908761642 0.19732920147698363
0.1240082358936155 0.1729075306374461
0.1495689202384449 0.19048342948572247
0.15641109654943425 0.20259602817924086
0.14909698153128859 0.18445921809656432
0.17144845292805547 0.1966613819333755
0.13262152367119132 0.1636763490230926
0.15258123356739242 0.18321723137484436
0.1657683290811285 0.20771161572571936
0.15227542583022108 0.20826523474914196
0.12382297412232549 0.17470637043656442
0.11712546421989431 0.18087061642590246
0.11872634539849634 0.1832152239769838
0.1375738104513566 0.17259330169718018
0.15306749113729973 0.20650984408009335
0.16966605025695194 0.21176188589155023
0.16164880257870048 0.21955739163401786
0.12228574472478015 0.17874583769553107
0.12192542353335421 0.18829154174663176
0.1217559389627091 0.17734536537217022
0.10986486457963228 0.16899599230283022
0.14550628221706685 0.20263576507804965
0.16155034664027684 0.18575934586615922
0.1385020638190822 0.15913126955921883
0.16252905679176238 0.18103955048249898
0.1654759184209778 0.17814263985921983
0.15459019953845404 0.19150883828519827
0.15314749122108273 0.2000266842646677
0.15375946174846258 0.1867956284897531
0.15653927293835035 0.18913957862867714
0.13036803156199406 0.17488738220552602
0.15505101675607968 0.21684203473291663
0.16579671238577057 0.2028454990914569
0.1484485837943302 0.1851930810607065
0.1742149151106819 0.18042482352108616
0.1294282666557236 0.18928743636941414
0.1355161329440871 0.1836139176961375
0.19476989417017004 0.22066852431904607
0.1424147173635608 0.17948540618677225
0.1547518531939203 0.18867177827444329
0.13158039066356397 0.2087594247109026
0.10113626616063909 0.15821301867661833
0.11720744396870943 0.18191356438729853
0.13621031277244666 0.16915809992496694
0.14850985532426803 0.21619688425461403
0.15103822514434928 0.2002683961409042
0.1576501106751514 0.21134086170807165
0.14484475406368844 0.1705916283026034
0.1536341822686104 0.18546758767326763
0.1670933060162761 0.18284233430110639
0.13950809918069693 0.20025542812664543
0.11282758285829014 0.16317883678081974
0.15872633930443653 0.19321089490891172
0.1223753697508111 0.1854540113053097
0.15507789547858514 0.20036743521304115
0.15979160043598958 0.20721151289872433
0.17326502371388308 0.1905980598073708
0.13720788425367136 0.20824296611817952
0.1557587787020481 0.18678888124391926
0.1276589313367957 0.1870561921405902
0.14168736641036425 0.17325335074023773
0.16816869861496847 0.1899042535694641
0.13877651954272663 0.17335061631177173
0.17550402143482968 0.23160564393286617
0.13983003555868784 0.19342300619269243
0.18311094916243703 0.20974444908086268
0.15618565570937518 0.2087376008199725
0.13248083552878248 0.17528340501338863
0.13351753997239424 0.17378880430496263
0.13730582041396072 0.19029364499242127
0.14151893676074973 0.20048726855020238
0.15070116090554467 0.1790923159956718
0.1619943996509859 0.18904536746146805
0.12886924850674608 0.16875489820492767
0.14835803191283436 0.18919178961612942
0.16424335410725668 0.19999385798576763
0.1537031220852331 0.2069091927126654
0.13596654916009826 0.18438833099112992
0.13367087194350122 0.17821855501757936
0.13374234073396674 0.19584541408785203
0.1300489384912723 0.1778238378165934
0.1465437158260136 0.19541836860534018
0.12503711529793474 0.17350291821448854
0.1429098063751733 0.17803134432573003
0.1540765328384984 0.17757433799478478
0.1404749300373692 0.19517262671475932
0.18067642810680357 0.22595603982835505
0.12299960381254385 0.18397360100982088
0.13755770100340708 0.19293229438714343
0.1240537926172096 0.16140007021006347
0.14843812963434108 0.2097238487692381
0.19987080070250524 0.17604250705072863
0.13977022580021647 0.1561058672850676
0.1710890071246373 0.1772700091924807
0.17048629126748652 0.18758785076446682
0.11574466577879344 0.1551121883267543
0.16919003716775424 0.19058932404332768
0.10921076707533423 0.1626502193453091
0.12301468298944537 0.17598537920240134
0.13816154143503953 0.18059936345748487
0.15788607165868682 0.19990401794337048
0.1280796256179242 0.16084867309189102
0.1686206712968519 0.21588630866911573
0.17628781097235496 0.21260647177443784
0.11784915924023565 0.17768010403863752
0.1611224151354048 0.22111250332488136
0.14190400463910768 0.21334066528960013
0.15783393958869518 0.19384825101731779
0.16676088158245508 0.229813773307582
0.12498482790719434 0.18672909230665868
0.14822536892692237 0.20886591830838072
0.17342969659636254 0.16911519810062148
0.1437197360235578 0.17775049280426605
0.1287716690791053 0.18078701145602757
0.12630537693931498 0.17291653910724356
0.1471007168164217 0.17212758323333427
0.13888113272541203 0.1680352485787148
0.16845554411187022 0.21157929114480709
0.14874999657794125 0.18267966663085305
0.13021109296657526 0.16848533238057814
0.12810024476432014 0.17169130715720307
0.14918907165885403 0.1960901546584227
0.14945184236731407 0.1924054140924525
0.1592962810617546 0.16620001041504037
0.1557935184492686 0.17849873203721217
0.1588915868442587 0.17530259117224495
0.16121263184800178 0.2074928786177473
0.14039594813096126 0.18415784312809547
0.16198136533103272 0.19886428346843346
0.1331293785240577 0.17112478382809368
0.14100990298914243 0.19603682048722587
0.16301489186969187 0.1666993215613198
0.1257208062151229 0.18635737962068988
0.1839404346758832 0.1975430545348935
0.19478288814730052 0.21931494550634564
0.14507157031482365 0.18975781782256976
0.1411413390542686 0.2092872511258136
0.14867736247584049 0.19847708633265695
0.15142795289081318 0.19420462615487352
0.16949300468284478 0.19691371473435415
0.10735533085178628 0.16516296263918312
0.16253431429477028 0.20129188045383117
0.10970601526317182 0.14705888751126084
0.15236804195476278 0.20442577539350326
0.15187826107682045 0.18981497299640226
0.17063019248520445 0.20781156533999698
0.14198249285299103 0.18352230686798238
0.1245000031284485 0.17788096009443172
0.17401252703666376 0.19093198721975183
0.13429168942124367 0.18577196279373603
0.1462668074917395 0.2043306648175466
0.15112274763791347 0.16556606111424657
0.12127317322453678 0.1734669981326991
0.1458797942627511 0.17221052646262536
0.17802134710275783 0.19300097470725514
0.12141340834363493 0.18249616022765147
0.11396326051940328 0.16823004212125672
0.15362545805607422 0.1870738101432852
0.15744170403440474 0.19849516611421308
0.12364350756755417 0.1891480702501933
0.1198695785730513 0.17430290505241783
0.1609864399024539 0.19996932610735418
0.14757624290605584 0.19400655053600896
0.12069007445954039 0.1603212802884104
0.165330769274613 0.18666636504967596
0.16134759017537875 0.20479513029224375
0.23004996479300738 0.21438540720918378
0.16139318713996742 0.18216426064360314
0.14847020937535035 0.20702694357559281
0.19125181580420797 0.26213616216143515
0.18596507270431809 0.24508487841238402
0.15249610663232732 0.20916593627416968
0.14708813477527194 0.18854214431677807
0.13641643686807398 0.1806914635017529
0.14518868268877183 0.19630594060573664
0.15398175178244367 0.18254562150798181
0.13067000922949482 0.18169551882802326
0.14586513520270794 0.1772314758974031
0.11610356297886798 0.1694362018591021
0.1544366888527464 0.20312032862309673
0.1728095237181622 0.2244505184329451
0.14911769193644223 0.17964144826244022
0.11932586640804588 0.16770360226955827
0.15711546573724713 0.1739217473121192
0.16098546011406198 0.17509335488443828
0.15166800508271008 0.18773153979566046
0.16845825417349555 0.21884371127030908
0.16108246847684723 0.2053016178862178
0.13473610213651 0.17893291742857562
0.13430897991255772 0.17461749120654008
0.13104385975509575 0.1604735296021328
0.13978676629216885 0.20200674654070946
0.13285570131549285 0.1885554011489016
0.13473244404379608 0.20438315077829897
0.18702345375203258 0.18474707397383228
0.14866714210290197 0.18666358815978068
0.14866346257273835 0.16343852140076873
0.15210570847372962 0.2007198885938033
0.13571080281198308 0.19669170692427174
0.14040166819828884 0.16944982414454718
0.16710727396730368 0.20641083266996496
0.15992025082604783 0.1872795669284799
0.166957078847728 0.1803978422866559
0.13851530603044526 0.1722031262340092
0.145336517907061 0.19014415498649634
0.13462885087940968 0.1916141346996441
0.1247130918085537 0.17018643303554357
0.15022859929781765 0.18998877655805127
0.16381749997429357 0.1858965867161863
0.11776088061870107 0.1710562713742808
0.17628103920345514 0.2278898871143979
0.13608245409540215 0.17688341670496388
0.1954337597955191 0.1899975877033469
0.17836489662214614 0.19450653499505918
0.1627642211114876 0.19226140717921522
0.1411748024067636 0.1974169275416191
0.1451684871365602 0.19676484333541472
0.12254137095745139 0.17534234943905966
0.11905908623323827 0.1704323966055089
0.1876772607275333 0.21971347366127134
0.15097276744440657 0.20900020416797363
0.15007323953789647 0.17504671322549475
0.11035679506317161 0.15540843627077716
0.1463963129411422 0.1859573047486074
0.170641926055339 0.21745897608234502
0.15465963883685246 0.20602878529365107
0.1389998890838032 0.1959391748020386
0.14633723467749224 0.19290737256565
0.1661865538653571 0.20965336451415362
0.13538326799117373 0.16237144834172362
0.1615285405504567 0.21694404253588576
0.1620707290126624 0.1647186600126911
0.16695043319892428 0.20241775446052912
0.1843419088440024 0.1983592822760385
0.1435927272404867 0.20799026669745418
0.1268284221979027 0.18377893173370516
0.13427101830553212 0.17319568818629047
0.16278329348607998 0.18272628548190434
0.11746803381532678 0.1525203776330098
0.17073558001680023 0.21965334247641002
0.1689726670347426 0.2221423675171177
0.17754964983853053 0.2048288362402005
0.11115114710507111 0.16431286188215685
0.1384401895722179 0.17411138957932373
0.1647409452635106 0.20415459620913468
0.1491745350087602 0.17786618038197372
0.14889438640587307 0.19298314076126874
0.13414232665492917 0.1850778739787724
0.12397508756354213 0.19118817114598435
0.1403736802044401 0.18622651488570463
0.14537997226903696 0.17635393766067886
0.13902476581649764 0.17371126249422186
0.13969324594092142 0.17579759417780697
0.14054982631661458 0.21450013025704617
0.13042799479673672 0.1865346764816578
0.14765389234559234 0.1824296637847707
0.17414190083474915 0.1891533391422153
0.14332162719412578 0.1913394842715897
0.12146290497021832 0.19604423495270393
0.15716383979306342 0.18495547823152908
0.147197487996584 0.20168911206718804
0.19061368921287383 0.2058794102134881
0.1370914064472424 0.1816444732372298
0.15078504386977526 0.1826452258135422
0.12113839816199425 0.17209555032142929
0.16348702006714452 0.17938067547828146
0.14273389199462666 0.19181543776760857
0.14994980993160784 0.19762693734338788
0.16440658444077186 0.19397773637470522
0.16046486082420602 0.18934237430402495
0.15033966205534247 0.18574312148473798
0.1459006216302744 0.16630810131597226
0.12630051746274654 0.17562391826043006
0.14587157891694721 0.18604260474703105
0.15234749509634854 0.19560234606589547
0.13321861141526245 0.15728509088905931
0.1358692340045089 0.17431562492663877
0.14336717963012147 0.1865845019926062
0.1488846106595189 0.20196684693351086
0.15523380592055935 0.19453748046424402
0.14560861573541922 0.19248102629623576
0.13841300366904538 0.18464015348926616
0.1455242305292033 0.18227235417634557
0.1268023903270524 0.18037297688415255
0.12930062724300537 0.1714913144731441
0.18789752802550772 0.19509019532216373
0.1443410965599011 0.18653042547104565
0.15979809364776135 0.2039777565997415
0.12614992652462634 0.17771480016170857
0.16002932486138283 0.18395689118462547
0.1734606962047967 0.20897484239738934
0.10415579483623498 0.16128165106574313
0.11898591558291469 0.18119655113357097
0.11124657420006538 0.17086807595504572
0.14131282431367237 0.2026375617709419
0.13438838288764288 0.18149818081808192
0.15811490001493325 0.20418410350693225
0.11842064221196962 0.1597663002600235
0.12336498309809983 0.16182364916622152
0.12185796210908906 0.17696590549819866
0.13312629313945523 0.19734781871503237
0.11831650196301913 0.16544097253401813
0.13615573601730155 0.18382672718464727
0.18336626967276654 0.1860593504470433
0.14792377261732864 0.18930744874483668
0.13774667001437002 0.1835091499719172
0.11950009612747813 0.16421121753044188
0.1390954311857123 0.19226418338182358
0.15299772929101105 0.16119362243521695
0.13278503568199249 0.160739150738907
0.1301633879238536 0.19266235519063105
0.15240482142547362 0.19153413023193627
0.14977118314417875 0.16152167119304964
0.15416411603330768 0.17920013774869442
0.15565820454629462 0.18740881618349733
0.1441299606353978 0.17869574921464718
0.14296029582908126 0.19828618474301332
0.1527844111304473 0.21903977785867504
0.13805723017375016 0.19685426056388494
0.15214533413077094 0.18353160964219198
0.142145678267135 0.16884296930680043
0.1326195687804904 0.16466791060455638
0.14369129558014465 0.19287465729926165
0.16261749831581426 0.2272487204771456
0.14080103669681027 0.17196518447285222
0.13714933541512925 0.17925188012719226
0.14728091216981265 0.20119324239869982
0.17353904175684162 0.18586318895052387
0.13534808883155397 0.1923722253732753
