0.2792012687055881 0.30901010770195075
0.2757267073331633 0.3079017538232602
0.267868681981677 0.30225471411975663
0.270288407330445 0.3028141950959374
0.2836613627993438 0.31223876147746144
0.2736533450234297 0.302006559059077
0.27647159748254724 0.305087618547039
0.2745426236518008 0.3089822933180017
0.26894359137043533 0.29953586304572793
0.27586506209463535 0.3124509018756019
0.28948572711323994 0.3262069768753597
0.27707728029015616 0.3106709173373172
0.27550930041274935 0.30894667260101183
0.27037078253556607 0.2966698920820799
0.28429114170940234 0.3100374097258136
0.2705252160844568 0.3066881719238318
0.27302498511263273 0.3001511505304473
0.2773409129539288 0.3099290591455629
0.2789790965674533 0.30793083160948564
0.26507305120337354 0.2987891965748842
0.27871170874635454 0.3095441059146011
0.28279383195437713 0.3110057926241763
0.28393907422187814 0.31028451059444356
0.2781210140235428 0.3073707299291823
0.26862666765307097 0.3013957462296842
0.26872411588305695 0.299745142285725
0.2881759978351583 0.3191274656747598
0.2817226248836856 0.3133561711563709
0.26849668615952005 0.3041397875775858
0.27436662315902277 0.3107564855629445
0.27440653691409694 0.3067729785120171
0.2700069119941565 0.29654890328212163
0.281312202612679 0.31169729125762247
0.28950429408801304 0.319271473722744
0.2846013266189747 0.3172888627518183
0.27528609175349084 0.30497756507713064
0.2772553572377008 0.30825376693119816
0.2781262326758156 0.3115485583575906
0.2641129872659813 0.2986350573483429
0.26715304943315427 0.2984771451759955
0.28220124797871776 0.31187618231754805
0.281269052425844 0.3105482994996261
0.2770578112660758 0.3071816912244546
0.267057238583993 0.29800996888389975
0.27869418002964946 0.3041373910784363
0.2881154747693082 0.3121616729525005
0.27942242540530476 0.30767152963263444
0.2702239062196877 0.3004541986972225
0.26510079515804136 0.29514824450095667
0.27598062805387785 0.30747122680524885
0.2801129810344641 0.31501780799200474
0.27629278958802383 0.30668401665637207
0.2777582457481967 0.3109206879163092
0.2727504327411532 0.30307138840439013
0.27886623912507386 0.30808988494211526
0.27576998251283696 0.29942425332865885
0.2782916252193541 0.30413690904061824
0.2748686485924415 0.30163836966506063
0.2874877701233392 0.3155966053793783
0.28000847110818883 0.3134814706940606
0.27491398863470684 0.31187296595123154
0.2801156879779414 0.30856542762053574
0.2726661766654346 0.30807684149457004
0.29257373310734985 0.32031142111335525
0.2743007955567755 0.3029157170742483
0.2794308624642945 0.3054053817754425
0.272300918571641 0.29845812434101193
0.27454739201408 0.3020685887564484
0.27881112427612137 0.31121153575356764
0.2771975117878825 0.3082764355696179
0.26808474871416055 0.30269057608416045
0.2687801066336321 0.29430184211332594
0.2900247184488008 0.3173662910723128
0.2818362403187292 0.31515820274207124
0.27494323309104 0.3018090616221267
0.2846561116492855 0.3097537476234753
0.2721788076701636 0.30245906324175104
0.27266491467548126 0.3070589738883444
0.27409418392661955 0.30515112641693226
0.2714397029758445 0.30187368441133533
0.272397606585941 0.3067471364224847
0.28108667381752955 0.3090228021457419
0.2692178238873471 0.30543864832395523
0.27054406195945413 0.30055457132655505
0.28452473463839784 0.312168989085065
0.27291492007455875 0.31084615542740374
0.2792094645348634 0.31407534843050994
0.2672857656571423 0.30058116833183623
0.27417224539957724 0.3084457584372405
0.2767859376206244 0.305883388057934
0.28765730840593323 0.32071863053142596
0.2703031270372049 0.3033886174753335
0.2810330383936619 0.3173467689594255
0.28870123124211333 0.32204597558085957
0.27995846863810897 0.31123955635675754
0.2715853900387777 0.30331846815580404
0.26905056716534714 0.3025708351460618
0.2704927573183612 0.30523346290582587
0.280831930817928 0.3067150312140249
0.2712130905484549 0.30316717611791894
0.2823531013249627 0.31158050013248306
0.27354937816757285 0.3067678484931794
0.2794824153629141 0.30708849052516857
0.2699187763490834 0.30232574224407843
0.27770913154405463 0.31594419817600444
0.2791538109204007 0.30861752708762324
0.2657161632583998 0.30485180934752326
0.2737530674784379 0.30328100402089897
0.2669299280939013 0.3073502583836928
0.27333514644261947 0.30393352896800746
0.27050574620822393 0.3090266801184601
0.27592604812446025 0.30376942825262243
0.27611612126546775 0.3116758016320843
0.27071762474412603 0.2996960782798938
0.26560173536395865 0.29660651770592156
0.2861478810790505 0.3155527239390331
0.2889707446654225 0.3186931960992328
0.2824159729021626 0.3150525215280144
0.2698690149418725 0.30680980617895287
0.27421678903315955 0.3037789743508215
0.27955901763289503 0.3173399048355803
0.2774338534092853 0.3046785868701345
0.2799738596089797 0.3154280200022873
0.28030158606937716 0.3164818594245107
0.27590695000362164 0.3080645465698994
0.2782582063842361 0.30524950772232873
0.2736770209386923 0.3056709959709774
0.2762184399101153 0.3082861499414099
0.2828766735743088 0.31054610315658604
0.2806745151975927 0.3146209936544197
0.2732556279165772 0.30593951651739154
0.28123714938502936 0.3117352794358759
0.2741978632661701 0.3092466944097726
0.2744785384453905 0.3015109986309597
0.3011690191760293 0.32110208509212684
0.2741963516105917 0.3117718093514302
0.2781561947519926 0.30900917631830577
0.28007121237095384 0.31043641044053916
0.277383670430952 0.3137182493099274
0.2765164271737869 0.30634581278166884
0.2765488080738503 0.3065018524286034
0.2713825737645058 0.3020241680610259
0.2703883013234231 0.3087832319272551
0.2778973396128445 0.3068227565359047
0.2852302381828958 0.31674195120561693
0.25972975034022816 0.2995513698716525
0.2728849430147667 0.3067191623034157
0.2718384095352186 0.2963497494902824
0.27822011753534015 0.3048784723914925
0.2721654170952993 0.3060457559293963
0.29100204897092385 0.32183518668546623
0.27884898948213943 0.30875407151606293
0.26961836175312487 0.304572359225545
0.2745433803965314 0.3027453664824927
0.2723820006087235 0.3024806366992282
0.2721765292266033 0.30245667930685843
0.2717388456371055 0.3004706391492955
0.2711270430022882 0.2998456077841033
0.27370675731602634 0.3076680068459437
0.2851745574617 0.31538322254034035
0.27124572446452516 0.3052800380972083
0.2786895640067331 0.2991669596900688
0.2645093612185999 0.30206788341409074
0.27168379946483195 0.3098281955053603
0.27738794016726903 0.3094930475479143
0.26909808044072225 0.29616325266145777
0.27579804751204406 0.31073735627977944
0.267225433607387 0.30114418671257065
0.2759710872110075 0.30946389855195816
0.26693562979508983 0.29865414781462024
0.27157336143438343 0.3004308403691985
0.26790854585704504 0.3023642491186235
0.26300688563553215 0.29890747056609784
0.2807894813626787 0.3102810815586021
0.27779249714459103 0.30730777157975625
0.2784866942468555 0.3100484709399441
0.285042498783177 0.3159676625218593
0.27367665666937935 0.3020743667444622
0.2739460734307129 0.31373994462101723
0.2718762279093553 0.3044761245275438
0.27158356812040946 0.3052551699376154
0.2624443984328233 0.3022909209074117
0.2830500566302006 0.3154064646314556
0.27508624843885043 0.3129818552948264
0.2824993324194889 0.31794582088064577
0.28421647891113616 0.3143650359570361
0.27332742980028096 0.3044379022315141
0.2710055953182506 0.3018900368288096
0.27764444452311693 0.3152386993249817
0.2840094154486047 0.3131665845575154
0.27599700151489553 0.3123166387146823
0.28455456017149455 0.3188797564954845
0.2814955700041431 0.3102234408688554
0.273843176736143 0.3096601912239046
0.27659992682931667 0.3064370829424403
0.2723197595295356 0.3016149751988834
0.27762519652554407 0.3065517654152499
0.2687230824789388 0.2953715633355892
0.27634230458314263 0.3011521677165125
0.27483285105897715 0.30478625654543223
0.26389939541879426 0.2984089150241817
0.2691827517867701 0.3073557537899353
0.27994275439829985 0.30623021139323553
0.27239311261714827 0.30345377597013273
0.2707195959081243 0.2955788320792452
0.26344800887576086 0.30230029161892574
0.26615489038846246 0.30345833743770667
0.27925048708676786 0.3063678556847086
0.2854568303996865 0.3165274488268933
0.2735447519919881 0.2992451019899352
0.2730017642242062 0.3040138928798807
0.2891076969687069 0.31386703077992256
0.2768724429637466 0.3117646274403791
0.2731662706597043 0.3075933474924452
0.2705034600019088 0.2969098552525371
0.28586683150579517 0.31701969396478574
0.28205858527374106 0.31255600102052444
0.27167092892675926 0.30176648743707724
0.28464996247937274 0.31927457362958683
0.27631067063388637 0.30249817294736164
0.26451321748853207 0.2989876838215004
0.27353500341085907 0.3114129094898077
0.26798630736825596 0.2988821819265028
0.2885738287148194 0.3176935089659383
0.27349381083207447 0.30259889202980905
0.27892326281511653 0.3112965263611388
0.281119007714493 0.3166705431996345
0.2709936928023267 0.3071986785124835
0.2781242160063658 0.3093619251535986
0.2733333977430984 0.30994130524523195
0.26809450346927644 0.30580219346436693
0.27206560236766403 0.3068148474138955
0.2803597409708525 0.30865463917526686
0.28079955715654364 0.31329607337861065
0.275818917487375 0.3118271469811355
0.27334835948959546 0.29913272420649045
0.27629134005251016 0.3066971482899915
0.2762678533923083 0.30088553701257525
0.27607175867399686 0.30732434106008627
0.28358590467127176 0.3112364821157139
0.2831441246810519 0.3163204043848685
0.2652443500152627 0.2965477359114083
0.27613742968739396 0.3091038303642876
0.27255235130900973 0.30760560807316417
0.27697364933521246 0.31357165149364274
0.2854525673053039 0.31615148381922253
0.28118270882371005 0.31810611559982893
0.2687800375779426 0.2989216524361916
0.28213783381673985 0.3162524163953502
0.27782154587027746 0.3079567063191269
0.2715748980484383 0.29861147989970666
0.2745834767694283 0.3068814583072332
0.26810234199616373 0.2972510862569515
0.27227977832649425 0.30477337555051554
0.29593799118393516 0.3234510720678074
0.2733569754303101 0.30845724751026343
0.26033703304227257 0.2916430103126152
0.2751630718503477 0.3082053548246611
0.2827759415825538 0.31651774139070965
0.2756699300486437 0.30129179515221016
0.2792213642279189 0.309597333222535
0.27928466290745496 0.31113928176630695
0.2734712679448069 0.30469987567446744
0.27265810852693606 0.30536737255738294
0.2698412676094506 0.306371533115374
0.2863824147418919 0.31871368883302204
0.27772876319013146 0.3076545428628601
0.2768208552306535 0.3110149950072925
0.28163533124992635 0.3092312468979887
0.27628040481689176 0.31236162305227616
0.272778351828833 0.30191267616291045
0.2782033976242085 0.30931552748060337
0.2849298253199724 0.3130137163511825
0.27223274534930475 0.3024522841757129
0.27642618884360676 0.306053321939549
0.28020005860989206 0.31218082293606525
0.27756852672555654 0.2999982557496057
0.26991786206995017 0.3010428282168511
0.2726347675021407 0.2984357644689351
0.2682155415830258 0.30198261046456154
0.27655658587157905 0.304949789201333
0.2742239426891914 0.3063177227765705
0.2687764340727409 0.30691025968460234
0.2683822392969744 0.3039157179808033
0.27642246398482323 0.309120611192453
0.27835763335040214 0.3022744691638034
0.27221058861593744 0.3066507959040625
0.27545544003806693 0.30821687327775477
0.2754500564294316 0.3019730129556027
0.2861391424700714 0.3134084072540294
0.27661617110416215 0.30571912780992105
0.26910584603929083 0.30366753973267047
0.2734534749305591 0.3041588539712779
0.280868708221927 0.3097491652360025
0.27627314157708976 0.3108826519460489
0.26980353565769905 0.302700282354079
0.2777294513881952 0.3094508005784464
0.27088800782881434 0.30763129994988114
0.27769339824138883 0.3083765832501344
0.26683988508828904 0.2984535299337576
0.26407489153414604 0.297216401618895
0.28173898086803745 0.313251298946744
0.2803350107403644 0.3152813481620917
0.273575321633733 0.305770778120112
0.27636497835076057 0.30472838476398983
0.2816860267500621 0.3139640661111064
0.2679079427755315 0.30428137256347204
0.2771242212740941 0.3071768614725737
0.2704552328130258 0.30323977321669404
0.27897562918385554 0.310996302670761
0.28026176059035335 0.30796746087285637
0.2728061697745473 0.3076829114598384
0.27146641338855887 0.2995897229841067
0.27446516835707696 0.30598447555422587
0.2789534353644786 0.31141926312202745
0.2809903966968893 0.31153063709296086
0.27558486282238753 0.3112756855379651
0.2799026786784765 0.31014940224222004
0.2827544997241567 0.3154006084437157
0.27110612025967146 0.3026494588194983
0.26743627220110083 0.30196989895714
0.27651405621068337 0.30905589001102707
0.27362378203446314 0.29885853810310953
0.28355765689520523 0.31817230335368857
0.27598595537788206 0.30257372737745136
0.2851885610085405 0.31442397775898445
0.2704033556405174 0.29541981635976783
0.2749496644504426 0.3070220971363909
0.2822832072227015 0.31208129484573277
0.28000382738577495 0.3110909198193198
0.2741677221145537 0.3104258596861607
0.2786375869026438 0.3094250427824841
0.2784163046904427 0.3106748139881341
0.27793348738566115 0.3098891920560562
0.28178358337577986 0.31692392795372637
0.2818758536244459 0.3107859372904285
0.27977373475281553 0.3110072723619481
0.2763549502001228 0.3095779623271727
0.28081057468447407 0.3065134949540704
0.27465819841151856 0.30746570588895106
0.27942431955174074 0.31056695923714717
0.28032555543180215 0.3068884117836052
0.2860167211193542 0.3136132862195748
0.27691249907519794 0.3048433326752712
0.2754835833228254 0.3072426849605391
0.2832098445967612 0.31014939810175324
0.2757753806105323 0.3075770305244832
0.2731418085649913 0.2997377004675118
0.26320197640117343 0.29369617576885443
0.2834597754687047 0.3065959359022376
0.2686221671050074 0.3020508999234286
0.28211100268105954 0.3115979907808065
0.27111117301830917 0.3020211881311943
0.27955861271696747 0.30719927186534207
0.2795989615142405 0.3123927416016024
0.28215059784117974 0.3110766483391945
0.26596598459788473 0.29939349248006075
0.2820271314810546 0.31410812323439385
0.2659960598680161 0.29610562497256465
0.28765064568994847 0.31913827602297473
0.2763813909906856 0.3054834428234072
0.2754090590571174 0.30829438571092804
0.26996933796330513 0.3011819156231003
0.2653136474110235 0.2937397866357209
0.27562863571746415 0.30767121785374585
0.27048030440676335 0.3015402001716058
0.2777820614652999 0.3090518984772867
0.27821896562183934 0.30800497820640343
0.2707093898668758 0.30731690470871464
0.2732292233625732 0.29685188209615043
0.265020055475816 0.299332049369658
0.26684065359675807 0.29958708163416875
0.2795974943894301 0.30929613334829315
0.27660040190898005 0.3060716623355987
0.27447000086397555 0.3044241795366804
0.2727564359484364 0.3060265862023872
0.28556698080389337 0.3160914672600995
0.28191948083754864 0.31556774464528947
0.27020322382982004 0.3038686214435988
0.2613470133437183 0.2993308418783694
0.27331926351018176 0.31027172863213065
0.28073720882501035 0.3153478554168798
0.27594665259677914 0.30489603532875414
0.2729605093058035 0.30319664915402805
0.2765423807099287 0.30869647801596967
0.2770013160831292 0.3157214768698521
0.2780416346628868 0.31885770881800024
0.2801413457428914 0.3080676873889344
0.2744990930260825 0.30580837662312654
0.2761483316483468 0.307581584609762
0.2694421128148365 0.303931400859199
0.27296664984283614 0.30392020631130745
0.27445325209821786 0.30076505964947586
0.271673908753347 0.30557664223204134
0.28527669835765496 0.31214396203237094
0.27518320336934915 0.30231390231765765
0.26920083511563364 0.3038859993604769
0.2750878304309969 0.3057845815707096
0.27533845791160444 0.3043787827312643
0.2839275881517144 0.30858817257579063
