0.15520313363221128 0.16948143824102743
0.1601083587223136 0.1800812130842595
0.1432196055911468 0.15977158922932352
0.13954107099462412 0.15985102797873313
0.1740147258191333 0.19339946009299952
0.15748827495942577 0.17470237020900262
0.16109210606290744 0.17450544483900193
0.15779504396943111 0.17938603825180827
0.1414313905650671 0.16021590172594913
0.16024055844753468 0.18543793101384592
0.1876138111893274 0.20900634927578118
0.161905059886296 0.180690276972135
0.15868001745827504 0.17710680141797724
0.1478072933448725 0.1616131047282763
0.1686939108518858 0.18445398940044466
0.1459662369093607 0.16515682776752855
0.1614647856455984 0.17308620763946633
0.15534732155353573 0.17754046036856422
0.16070579939929117 0.17151834812703662
0.1473165267575848 0.17076992189906456
0.16475634479883208 0.18273809707073504
0.17640846125130655 0.1972987034169109
0.1588526160282804 0.1734909823792529
0.14936765171963198 0.16497132748751347
0.14469543940448767 0.16575665115046284
0.14924465423626324 0.1637702090191173
0.17827171933956804 0.20242907923147718
0.1627622617870836 0.1788155904937867
0.1545104083427314 0.17407189542710488
0.15825153895601365 0.1840513126664523
0.149497488147472 0.16761914791633883
0.17064104682489525 0.15429450229245498
0.1664903910254735 0.17969164784991262
0.20094016332718753 0.21450686443212422
0.16337071003649348 0.18277640238828688
0.1637031514361637 0.17894674959784876
0.1680229730816695 0.18738547945735023
0.16926202656221048 0.18553693339339025
0.1329945163746782 0.153785487045006
0.13618172027773592 0.15695353156418768
0.169028748533843 0.1889191014363186
0.15914078152537645 0.17380975450444036
0.15081475601611977 0.16358732124683348
0.1342329956855857 0.14334622417632872
0.17388873043334513 0.19182729819120534
0.17767920340980548 0.18787020058137974
0.16902476492331686 0.17779298251139655
0.1470975413997426 0.173310622820509
0.1374511583700571 0.1543281067100632
0.16587053285224468 0.18563030101283026
0.16479653589958457 0.18539605664473632
0.16246098400181042 0.18157882566800776
0.16550027600491626 0.1888038085904785
0.15041390179640293 0.1690725549065207
0.1834749720289825 0.1991924062346515
0.1615652148168055 0.1681649107335978
0.1580285460197592 0.17226977658145792
0.15102695314042686 0.16455652614641691
0.17055777150375342 0.18610042896066503
0.16792346718338444 0.18859391174507095
0.15637116236331183 0.1814623533869669
0.16435200231334238 0.17637281094860535
0.15144132152949333 0.17099989076218552
0.18106083392834676 0.19368928982288716
0.15873497521201183 0.17437928668738484
0.1558311798093243 0.16293875385773987
0.13408685218508193 0.1515981202523668
0.1489969289915094 0.1638680944614519
0.1724202071338104 0.18552195549704195
0.16752614974656851 0.1838246258663393
0.13632942708229626 0.15508545985998587
0.15024374717354877 0.1548292105173001
0.17098090424368992 0.19182238669256865
0.16852577736986388 0.1871833271573854
0.16292224264712374 0.17227059591988936
0.1817032127863031 0.17978727091065969
0.15725699118217373 0.17543963058037992
0.16679678634381384 0.18469289347186932
0.1545534003861979 0.1769691894597736
0.16131425521972456 0.17583528624992012
0.15228771148254558 0.17091019731556822
0.1551215204672291 0.16223904521128574
0.15040264514335333 0.17311699052302362
0.1314412882283092 0.14547159111439548
0.1634234583210109 0.1756377650479905
0.16460917728700905 0.18820669071623655
0.15479769090714923 0.18068065527124588
0.14525588630476516 0.16764272876110717
0.15565051678094002 0.17632521492140482
0.1623371356980718 0.17532170164625063
0.17960149805291448 0.20656497466141618
0.14653836936158704 0.16573295866479526
0.17498104463934008 0.2011254180111288
0.1923710281893703 0.21383776548213848
0.16051836233201972 0.17940944093287117
0.1618444718092129 0.17595092196408077
0.14216160008695256 0.16010182754601043
0.15046756149473095 0.17008257130354762
0.16599237121377242 0.17846471046783036
0.15234624810546624 0.1727865843589236
0.18135658117105943 0.19421866666871676
0.16391824141089423 0.18358396405306734
0.1572323952891349 0.17642122308148425
0.14877802042389518 0.16658431221407458
0.16187630083293855 0.1886768013861667
0.15158499474152481 0.17227214157599563
0.14817891477046435 0.1730223812582192
0.14559873550903413 0.16343670508634084
0.13608280454681954 0.16103817845989787
0.1471397538219835 0.16641487856423506
0.15225474462379815 0.1745899635411932
0.15213408633924685 0.1648705353498304
0.16470558755966686 0.1893761993623938
0.15710113971266768 0.1743995464819471
0.14706525493551054 0.16386026568530931
0.18209586733273733 0.20249293088879397
0.1958875664606981 0.2009168083040417
0.16638965587828294 0.18923372801922325
0.15351328022598143 0.17440200526862976
0.14294896697399384 0.1553118115951711
0.17011185972940676 0.19626813301954266
0.15664098740223725 0.17260113531712423
0.1719828804825344 0.20304558517261664
0.1599529656946204 0.18366605986814336
0.15423296202026932 0.1729081816619024
0.15867732001393675 0.17469632691992923
0.16951918670453034 0.18643591192493938
0.15961888065647606 0.18111227096784838
0.16517690090780868 0.18020273336121062
0.1633185864234446 0.1835057230438371
0.15353475380289713 0.1732075567151497
0.17792255865446374 0.19044681021715812
0.15777911518787735 0.1804076447691746
0.16425770915245627 0.16636861608875597
0.1966742047761235 0.19738196018359772
0.15289672318664402 0.17875166685085814
0.16668327481022044 0.1856019574780708
0.1765315348772881 0.19380934885471773
0.16501862608948853 0.19126087025646518
0.15514527112536916 0.17056228512823776
0.17077971558766936 0.18744051403223447
0.15480074012510514 0.1731955241170359
0.15419320336809858 0.18111991563948898
0.1604374988644881 0.18006707400895403
0.17974783238222788 0.20218606735353678
0.13925490977199148 0.16561826726254628
0.1619734002362259 0.18516557950913798
0.14160573221509498 0.14787074934755629
0.17521723481981136 0.1876954001897163
0.16465334836068118 0.18182060784881438
0.18172339345101868 0.1986980030711977
0.15881107550578738 0.171564722272492
0.15259969892593317 0.1727654874862916
0.1593921280720142 0.17444982991081745
0.15905639183277573 0.1744806948811708
0.14932178775891392 0.16578742510502303
0.14163673263300555 0.1624055313239625
0.14777339469509754 0.15481581006404635
0.16270117128304715 0.18446129717444307
0.17808928007032904 0.18444116456941373
0.15013871907069903 0.17491531490256176
0.16738930289561604 0.1718334100066467
0.14367849819871534 0.16591541227504164
0.14796115797620588 0.17404376078740919
0.15873680745779936 0.1717725159476018
0.13361230323463083 0.14693112670287253
0.1487762213130257 0.17317166743188028
0.1371074255872149 0.15622728599416558
0.15507198296375835 0.17777424176311862
0.15836300707102344 0.16602651021077416
0.1361590866564127 0.1528955420286897
0.14982820465635127 0.16518604457063527
0.12545734960840685 0.1498581461442275
0.16771117662445248 0.18570422616385499
0.15330899955299618 0.17130865191161837
0.16983520121178186 0.1886203105337689
0.18806812008467852 0.20910941703610772
0.14831749909646366 0.1639420324091525
0.15386567647516042 0.18032038071398845
0.14740725648257935 0.1679782338154911
0.14742820218302047 0.16847949372972576
0.1358579977866837 0.16228906335162976
0.16057842583122364 0.18251434862302165
0.15799283814745754 0.18125701724245352
0.17988356230706917 0.2067697742215839
0.16545718031823184 0.1840390602467991
0.15169540082849053 0.17019344094628813
0.1483999398315225 0.17079322318232815
0.18078713142203712 0.2046924656536629
0.1776702008722543 0.1952924038775987
0.15641073633152747 0.18182003589241147
0.17174610126451081 0.19746251957173294
0.16473435662400074 0.18228759671598074
0.15619136437196726 0.1814103215425574
0.15437979350758085 0.16305337048184182
0.1492221484525439 0.16483859970002776
0.1656172079820865 0.17438598248105452
0.1437599419079305 0.16221531407755294
0.156098709356788 0.1619239363301517
0.15859197461002722 0.1730500717644912
0.13978490878943914 0.1612265632714573
0.16076361017310542 0.1874769325940044
0.1659811718177978 0.18279340563476937
0.13673792330598017 0.1593284783297299
0.13837293382878973 0.15081094114207758
0.15210000849586117 0.17786689317887472
0.13494334914906245 0.15846543747633685
0.15519096861371295 0.17080472525432683
0.16530891620108376 0.1833634823996628
0.14212671784273445 0.14763702833004222
0.15646126404322633 0.17746580156875308
0.17391404439082803 0.1858249881933197
0.15761278812202553 0.18166272539685874
0.1535085828639487 0.17611233245704802
0.14700666045980026 0.16041146338823983
0.1740312354267009 0.19446555215248854
0.1747341863454023 0.19249252211350676
0.15266046858614837 0.16904960788638615
0.1830822498713652 0.2040246456460378
0.1633322185680671 0.18131835826040069
0.14631520002881537 0.15982685175511144
0.16031708408288214 0.1827343869188382
0.14141815917150222 0.15855611064121045
0.17452741251623613 0.1967217650215723
0.16097636162149684 0.17078695177411538
0.16279760160567167 0.1797239014018592
0.17855939615971086 0.2065197333557823
0.14322417382225344 0.1666167919540477
0.16225587995138363 0.182837264430438
0.16056541346968176 0.18672530496666398
0.15830888485302705 0.18334109394445722
0.14938367244286657 0.1643588774861674
0.1660848303076408 0.17966383015015716
0.17610168235709506 0.19892839043876587
0.1589704610781485 0.17821703157677424
0.14678981626203874 0.16257247517179785
0.1596305466336736 0.17683892541009733
0.17481568715511805 0.16506815959773988
0.16580897737898198 0.18664763933396644
0.17313464740134243 0.18725633795150934
0.16923187305775209 0.18973313115773527
0.13830005681615273 0.15185410843427805
0.15906579225096948 0.17733483940929362
0.1615716864611594 0.17734850933939741
0.15612657556285855 0.17438606954124544
0.17130417644095824 0.18864847962216907
0.16356259271950213 0.1874371882081932
0.13100321868946047 0.14805668556612914
0.18245793442642974 0.20307968712214391
0.1779463810589226 0.18562919636438335
0.14906143973240374 0.16516002441143288
0.15077473012340353 0.17245489154561977
0.13900536160967 0.1552780815080942
0.1545606628494531 0.17296221825639155
0.18864912747963178 0.2097153775925962
0.1472490506113207 0.16620411103600066
0.13282203685291002 0.14999061529812607
0.1567655751120195 0.18104098228740792
0.161133255396697 0.18579978465482047
0.15005335419618615 0.165372947665393
0.18321536312738262 0.1985228020879269
0.17537190074571432 0.19554812677058378
0.15003056031328502 0.16761783148117335
0.1567897418312949 0.1795927893894123
0.1492796974657678 0.16775781353179714
0.17123679541440331 0.19265199055758309
0.15907517670744273 0.179339172970084
0.14968708360443916 0.1706808344114351
0.16703859569860807 0.17554063899559957
0.1596317646975425 0.18230056416434817
0.15334518688913754 0.16999177529423976
0.16559490021058176 0.18054959995386807
0.1719105185295033 0.18932122890286937
0.15162080425920138 0.1680852561788941
0.15212070394433724 0.16699904983085087
0.1613082591189146 0.17755506739556295
0.1613283332694313 0.17468801405139733
0.156849824135503 0.17915298996014564
0.14754475031059106 0.1575710371912114
0.15111968702615342 0.17129210292927696
0.16739712190254752 0.1824172421765203
0.1498738021433293 0.16913909125847432
0.14852355925407967 0.1758670292022093
0.1479907184180408 0.1690050303884376
0.1509881863455064 0.16782325212248184
0.15586497467242338 0.16942122414168173
0.15939681485414514 0.18036532993461174
0.16600666919787735 0.18684246354048512
0.1521315987876796 0.1670592199579218
0.1927452189533419 0.20511942886235646
0.15911977533068955 0.17361321858724718
0.13042196421809504 0.14909129542660307
0.14873537545990986 0.1649356186636908
0.16891306871854783 0.17917729378167901
0.16567150846747544 0.19095297829979188
0.1581767643919419 0.18013135046899484
0.1630006146647128 0.1862094269489061
0.142239569507803 0.1681690520486511
0.16261317976932865 0.1872084844515422
0.138417243284519 0.15875551393451356
0.13484170941914325 0.1514068091476343
0.16175668388269565 0.1771121292994497
0.15958985570146728 0.18268634254818114
0.1487183749789719 0.16653137778133692
0.14931669419845667 0.16586908271381595
0.1710788000724359 0.1920942125567051
0.14341020396638465 0.16295606243192493
0.1599388855447409 0.17607378197475165
0.1512351984468584 0.17031400940941913
0.16662154084829187 0.18561745235853108
0.1637449833737352 0.1790774876900504
0.14802659521610412 0.16974719099267652
0.14692623571334587 0.16181840273558631
0.16592901809853083 0.17640587055042642
0.17261991797326173 0.1933871624769236
0.17424368116092925 0.19297283033846924
0.15627399577848458 0.1778015232011882
0.16760057219877392 0.18305936786630359
0.15728784416899874 0.17514622195540122
0.14979450679490525 0.16866635331230656
0.14132028997563242 0.15902094480997042
0.16095045246362527 0.18272840085120037
0.14903919651362998 0.1651829151155393
0.17690256916577146 0.19709430686057133
0.14651937639131427 0.1613744783429365
0.18032134873588296 0.19820926654031742
0.14751885172643595 0.15048098372082455
0.15316876869927964 0.16766557055427214
0.17458322087444963 0.1911259134031101
0.16110787791139441 0.1748751800742789
0.1602728070445012 0.1805159560345675
0.17484314308183224 0.19423353907824786
0.16354928731505283 0.19050568411377364
0.1570011152610496 0.17653750966542825
0.17524811017043607 0.194362188562717
0.1579182714884345 0.16808986330984116
0.17066806475608454 0.19139275192616725
0.1648640611653058 0.18710717214480635
0.160966950168099 0.1711355692686386
0.15162122143756168 0.16757538313816467
0.1722231688631551 0.19067859819078453
0.15111844693946017 0.16517911159361573
0.17463457273780475 0.18689659419683383
0.16553202624930682 0.1795785656053051
0.15596066777872467 0.1730997987346206
0.16448019893010593 0.17477155880011477
0.15950713558435137 0.1804980512505239
0.14127058991009606 0.15153373197794617
0.14468935911491362 0.1640408338091874
0.16050747687110342 0.17217705189738786
0.14420581222738973 0.16299280963843207
0.17942680751745166 0.19098011837008172
0.14812047852812668 0.1686321663358503
0.15831888786533732 0.17021793430598903
0.161292512132484 0.17846013614540682
0.18033229959993938 0.1948625995109088
0.13885893189432572 0.15814069711006545
0.1702642803678337 0.19435484199442665
0.144976835983567 0.15834205927061615
0.1898568035211194 0.21329242122393766
0.16423052062347673 0.1825540779326361
0.14991662161686525 0.1718543631949442
0.14443602005277598 0.16477799826180828
0.13904625975609944 0.15508915358169595
0.15970963867284899 0.1814958208502748
0.1619180197398211 0.1833528768360518
0.15018471713746803 0.169018109252276
0.16369316913000218 0.1805488896068348
0.15365313178187887 0.17906581913369723
0.14716071636104597 0.15595387179281817
0.13035506441256625 0.14986931118695268
0.12864221035151044 0.1469691665439245
0.17140272091289005 0.18570309398637447
0.15600146185202052 0.16733003452971407
0.15287148387213248 0.16937039754168565
0.1562421846439281 0.17314256781904777
0.1754869731614764 0.19098086695593136
0.16196811983033874 0.1824091636750949
0.15225246531630773 0.17208688880685014
0.13949613255334609 0.16568034481712776
0.14932167393203877 0.1682356895821615
0.16275635635273314 0.1832280930395724
0.15783508294421597 0.17165232467860386
0.15073036400375753 0.16772285409806495
0.157174777573543 0.176779843543389
0.1576925481159788 0.18255908342760085
0.16947048445205878 0.19210464717748507
0.16298702448978628 0.17864072898884212
0.1434027665790296 0.1632200612532589
0.15662627356410339 0.17492678488920974
0.1417847576838385 0.16084523712088464
0.16676200503735814 0.18319857824412142
0.152242884161485 0.16674649771594982
0.15437117453078542 0.17026390073434788
0.1845735878163225 0.2015758200953616
0.16028749028980813 0.16968711712478965
0.14525162553752138 0.1694425775779593
0.14570658302716766 0.1651373737199539
0.15823701360244963 0.18055868883938617
0.17619725130645839 0.18868657168630698
