0.22868790061914385 0.22987939466588786
0.25025604033881677 0.24951418258084893
0.23916003654983237 0.23144023236326225
0.257773192323718 0.2579445521320046
0.23625121031959048 0.23744131505417124
0.2443219353050761 0.25005755285626874
0.24792298045255018 0.24919065909921628
0.24881643471191087 0.2464316683937484
0.24288257305494076 0.2422661186713819
0.21981352280924485 0.22207171319147115
0.22567357912709582 0.23382479321746466
0.22648904453319418 0.22809771719264552
0.22074599314420315 0.22258850313728074
0.23862150494939463 0.24875161070689522
0.2591570939879991 0.2562630413837148
0.2432301179291421 0.24303614187364941
0.24527067663702862 0.24734037062414144
0.2605189175943473 0.2536694087235722
0.23711147508248395 0.24689660877698075
0.24029091597871244 0.24495288565772236
0.22486844856858504 0.22766813067145214
0.2475997513154772 0.2498174110585994
0.23278701527964651 0.23882276184976267
0.22471069383180975 0.23052985357141934
0.24337289526559291 0.24719161880671725
0.2401937296235778 0.23946619012038678
0.24138138728687872 0.24763725519206253
0.2442885056478408 0.23887207925247383
0.2508274197753257 0.2568397893698833
0.22593201065947735 0.23133950441655546
0.23014907524892847 0.2315104771806138
0.23704908660712315 0.24005054792234123
0.22339100975283643 0.22279548823735215
0.21760114718457388 0.22674006501845825
0.24043070336875594 0.2439851611403893
0.24107567020710163 0.2427516413610597
0.22691747391310166 0.2120023423863791
0.23725585533352214 0.2299278636707957
0.23484322083056783 0.23937179640797457
0.23574266597665008 0.2465036499203522
0.22135470457808637 0.23566553579552094
0.22276338996723286 0.23348189446429451
0.24292701186881502 0.24432295836281376
0.25080235157805436 0.22640384868648464
0.25255408246965966 0.2442582024167657
0.24037330196841647 0.2325445883441755
0.24246124762051924 0.25245938836648263
0.22824604771282378 0.2284552019319746
0.25387623662851216 0.24231226128441516
0.24915974831945517 0.2433326576640456
0.21716374188320703 0.21784875924960825
0.24611227374062464 0.24164505402550898
0.24805484260887964 0.2521744261155058
0.262597806380511 0.24432698848849319
0.23901080719930493 0.22148267803831256
0.2185436447027195 0.2268262506303809
0.23988859499966414 0.24189149916190977
0.25494737873130496 0.25988861947860054
0.22757713304328517 0.23554269845571718
0.232491797907023 0.22887275909071003
0.2508460672936287 0.24246465057564334
0.22876005818306736 0.23620073001010047
0.24206404826223668 0.24431756676369165
0.22178043538689188 0.2213852858130774
0.24613883676753445 0.2429137430513213
0.23441240025453636 0.24089684215845553
0.2518081560525562 0.24546704485081924
0.24043476300871258 0.2343121393244735
0.25294884840460186 0.24024954852498281
0.25622911571773316 0.2523014828686116
0.23553194009844694 0.23984225566865444
0.24377962091041425 0.2507432127284092
0.23361874675846717 0.24848517541321763
0.25603035213176845 0.2588892740995666
0.24059484383082277 0.24519092284214605
0.239212407760855 0.24955778569101336
0.2313920463035481 0.22949600900418105
0.23181165348458974 0.23002061145986177
0.2380035234031025 0.24382302594584962
0.2393301619884782 0.2467076311262991
0.24788095589880618 0.25538268063600067
0.24402942630918573 0.2481865883825318
0.23716174156097328 0.2358569197477931
0.23813033637325756 0.24464415805949496
0.25734981461473433 0.25529440486943145
0.22422089267099807 0.23294528308370047
0.23664483917697265 0.23553423797245762
0.2365058222846693 0.23094647671215743
0.2310923238372782 0.2314657234672892
0.2426505749008143 0.23704753802059034
0.23591253945614282 0.2376246429190214
0.2577057436444007 0.2593818224596933
0.2302134340568717 0.22923505007616365
0.24515744708947257 0.23190167338193204
0.22224415563501596 0.21909541467702864
0.2470121331243868 0.23611043046904676
0.2432160370229452 0.2483608299917014
0.23516195278889623 0.23906723020088766
0.24644375112990127 0.23973916378112753
0.22506930421319993 0.22995113665015884
0.23115750487585957 0.2375845811176641
0.23265232674609493 0.22810944367882133
0.2333111759673739 0.24001510536892298
0.2400754475932623 0.2441473575299669
0.22900499631314053 0.23481617975965205
0.2337271096884256 0.23905979283869255
0.24677564059237814 0.2517377358880122
0.2519932749599832 0.24429097988192613
0.24547387521851985 0.24269456992706606
0.25326490114353334 0.2547268649476578
0.24691466750862645 0.25841236633087883
0.23089751474143208 0.24361491296905505
0.2441571395822675 0.24866476441704596
0.23329402425787432 0.23399073145414295
0.240399790405009 0.2419170533830521
0.25939113013591203 0.25248665925306885
0.23831620343524923 0.2365221068365241
0.23506863294514932 0.24548526329454753
0.21748435563457902 0.22678544622911231
0.21790939100973894 0.22695787041564525
0.2413139636328172 0.23906218671602117
0.25070422446978835 0.2582193356486698
0.23471127441327175 0.22849651120490488
0.2355315756418263 0.24791174635187885
0.24764854617410192 0.2533697113699309
0.24285319732418528 0.24243610505494104
0.23317772974139742 0.23924370910712345
0.24702590099109437 0.244280306044946
0.2384618605145307 0.24311559765542035
0.24612099512852875 0.24237587068520114
0.2316801467846432 0.23203006166781623
0.2292861104526721 0.23392312112138502
0.2453488045517513 0.25377941388342223
0.24602834562538453 0.2389834370072384
0.21520252988570274 0.214531825668152
0.2388921545721857 0.2199939865895784
0.2393392617532761 0.23187675475645864
0.22311043018891877 0.22274687437178078
0.23835043258776098 0.23949863058707863
0.24576355930737995 0.24758855283712364
0.2372497235763603 0.239600636298379
0.2557676420373396 0.26556849795026094
0.23916300434264653 0.24219506127918927
0.22089262346787056 0.23380443684239297
0.2370247549925534 0.2352763190366942
0.249147169178799 0.24787739078198232
0.23522859685139152 0.24125847484569218
0.2430990409292851 0.23773132303862354
0.24786319774915241 0.24714379775737896
0.2393974050084424 0.23991936834548042
0.232642328603393 0.2389471252161625
0.25032282914467624 0.25051460321173863
0.23706771555804731 0.24792974261236686
0.26378951714175636 0.26327186811383857
0.2354197080573652 0.24088728438985468
0.2458390574474678 0.23820935042420938
0.23543339393347185 0.23681982181192993
0.2280197798819548 0.2298926469120855
0.2480569916416335 0.24623108942263572
0.24994354778783465 0.24707104223057033
0.24294147662223448 0.24305900870319924
0.23070816303170702 0.23563444091994737
0.22903140922633725 0.2263215816919587
0.2298579048847922 0.22843122967200644
0.2367326201192391 0.24220653729347497
0.2446386360641103 0.254882911987502
0.23249270978549372 0.24148297345849548
0.2554808419635086 0.2588734538315555
0.22414982423363503 0.2313037376678926
0.2489231677731753 0.25665957570349934
0.24248300562122832 0.2534457913783969
0.23964073115841453 0.24431460137601105
0.23816486665028963 0.23820908631345256
0.22527114935127987 0.2358028742523532
0.2450422758363323 0.2495857936030264
0.2507584009330316 0.24896560525340097
0.24788563761472052 0.24026335075807218
0.22674894104376686 0.23160689029817366
0.21829476357944666 0.22145955965916225
0.24133771689846462 0.2533812688063056
0.23080691657003818 0.24916532241553083
0.22575918211031024 0.22837515279076712
0.2540860617090268 0.2503384205397499
0.2551238085843193 0.2529963698445411
0.24016544113315969 0.244912287383528
0.2346264718022688 0.23775273217400497
0.22725635593051424 0.23238210674440948
0.23919675206688432 0.24313917993901682
0.25539316425300046 0.2503010432530303
0.23703216939604105 0.23229631958811695
0.23641682444683051 0.24705420799616376
0.2497529631291386 0.2522429689723655
0.2292327323818263 0.2336489876380695
0.22494337356581917 0.23471967033518923
0.22151331309396638 0.23132663820433202
0.2307410621148134 0.23797165468452516
0.2377595311649163 0.23092192050552718
0.26724398045501824 0.25482966924957107
0.216114045650079 0.23221006263053598
0.23702110900211168 0.23182615258156392
0.24689442813759435 0.24917852514994945
0.23958936295606037 0.24607246582181974
0.23112258496222818 0.2308600112894071
0.23246968227350742 0.23507768652026642
0.24781411940495113 0.24219321996390333
0.22320807821800115 0.22183504776032675
0.23734449125377796 0.229972435731386
0.24175443571149785 0.24322389329603122
0.23445349346316768 0.23924306077114144
0.24322475195350857 0.24149191151532823
0.22491223962784804 0.2244105025132366
0.23339906410696876 0.222922525479847
0.2324028483051801 0.23195004441173375
0.2444009877086191 0.23670260390014197
0.23688994765404708 0.23177300734380848
0.24841996591894142 0.24871273449630976
0.23249004820469102 0.23756559879564879
0.2365585967887713 0.238520507350956
0.2358131667001291 0.24022119215068216
0.24552645200834217 0.25265813366948736
0.2433070592404708 0.23995133437308203
0.2348036259286266 0.2372367955405847
0.22854980148798296 0.2268747099593536
0.22444533739506306 0.22302994317605512
0.23560862181026498 0.24194011808047994
0.23032744911571956 0.2347370044027217
0.2502298962074911 0.24086050838049627
0.23569138489466587 0.23589531108217052
0.25163160002178486 0.2408389137079313
0.23235797044984732 0.22817017263428513
0.23108589645294028 0.23511024200732236
0.23335476848017267 0.242537344494338
0.23957597001664283 0.24617511471522782
0.2580730831332699 0.2542649545569845
0.24701029276370498 0.24053904380096605
0.23386332783563868 0.23378381696591377
0.24995478310171143 0.2518742825438089
0.24585613904950424 0.2515082784512843
0.24139794005887846 0.25776761038189444
0.24087312857415935 0.2391042877544215
0.22577007765216614 0.23440455425975035
0.22953151096068192 0.22950255711576728
0.2426200572768451 0.22482922436043196
0.2382589188044456 0.2383676167301544
0.24727664753645112 0.2458004670908624
0.23622266643481069 0.2391486765455196
0.21773973692483736 0.2205471223173786
0.218622519426867 0.22383416743264112
0.2384007858446688 0.24550584233944664
0.24120211386447662 0.2443037602830569
0.23527031919348343 0.24371835868845818
0.23191089322660904 0.22917592205902784
0.23345228917489716 0.23201000625330978
0.23048316341988545 0.24145109911346235
0.2386360858509345 0.23262872271874308
0.23686509106234616 0.23911930257144576
0.21921952420717453 0.23198771422147485
0.24340800522807296 0.24712719091301882
0.24299463137776486 0.2233114531071021
0.2549630467049981 0.259132732518008
0.23728381011417102 0.2313123787460856
0.23311810193400256 0.23397270492477482
0.24018541260727488 0.2338880470053023
0.2371865046798789 0.2377363049332157
0.23387235354283964 0.23517316204786798
0.23841648121306822 0.2458836157822348
0.2292049260113813 0.23042707904364132
0.26337671409120683 0.26802126780240554
0.2562944394881129 0.2563947957545829
0.24552641755687266 0.24445317460351984
0.24053097480199276 0.24381450315083517
0.24382319258894192 0.23561167488851498
0.2409651127725306 0.2482061033556474
0.2315594370809155 0.23379105472516973
0.23977682537017234 0.23676772523061598
0.25036312184017384 0.2544895620682082
0.2436657490062713 0.24080557322613744
0.24418646613698003 0.2424790027934557
0.22240374942492694 0.22538041087321561
0.25322145938742097 0.24935244029732484
0.24016978360278032 0.237976574240157
0.23812818921744025 0.24463342572318408
0.22913984148916852 0.23402647652416192
0.2655663281953664 0.2506353444488035
0.23832341639367258 0.24933087740037096
0.24525961244812808 0.24681135064991538
0.24631278869069606 0.24301282696241305
0.21780533681234543 0.2254680182952302
0.2504215517888088 0.2524791208858502
0.24506000559019003 0.24561599617418794
0.2484656095490074 0.24089210716019072
0.23869893764205152 0.24154223311591122
0.23816466795200575 0.25346610118468266
0.23451805500981573 0.23218519086998057
0.23543006875499733 0.2343917374539525
0.23560258772613493 0.24169085512259356
0.2676217580509876 0.2706571749719874
0.22492648332765774 0.22792105647246905
0.24719027388456416 0.24485300320797354
0.2301215042660059 0.22669778978761929
0.24748757726466739 0.24951037040149937
0.24518675197402384 0.24657507776505283
0.23339623750559027 0.23403802851677763
0.22536392571915323 0.2286245472131445
0.24414630339502608 0.24607453895974135
0.245040715584981 0.2384646223833594
0.2313782557128074 0.24017896115818357
0.23988585174670501 0.24739149297505278
0.23369259788620955 0.25242184110012617
0.23254975106252065 0.24122672163626152
0.23757627735608391 0.2378781312207906
0.2329168871616614 0.23352768365311544
0.2517333080165274 0.25004136775142477
0.24632907749638794 0.25126025455102147
0.2506841274404426 0.24974900742404194
0.23350218462084343 0.23529256600850082
0.22573939641335897 0.22374664809437456
0.23478220495390306 0.22989806961101059
0.23174311200401068 0.23439973947465037
0.2252532205070504 0.23696909586243997
0.23199072769968712 0.23495330087379906
0.23781910822701202 0.24282179732947726
0.23025369293591091 0.23933148652981032
0.2438695017817766 0.24761770043681913
0.2380215290029626 0.23432574563287162
0.2530131864747238 0.2503470989435212
0.22838285576194667 0.22508927285115368
0.23385783204270955 0.23509460898562012
0.2345784255499267 0.23331848737264527
0.22983229542419362 0.23216491194047892
0.24916581178532596 0.24711623243946437
0.2465054561395032 0.2519941719905867
0.2283145477831708 0.23664174712088393
0.24246799332988356 0.24360269951541955
0.2606621519556162 0.26287062743816647
0.23126225362133135 0.23903315589396787
0.2559603277663878 0.25059985721760925
0.24945159586251323 0.24565729700939873
0.2313578347117382 0.23770501902210037
0.23434856469906698 0.23299593788822287
0.2264467058909708 0.22169626207967105
0.25351734499921225 0.247316803177023
0.23988691963850248 0.2480582129069889
0.24399950968657305 0.24124088266149996
0.21363511985664035 0.22197342275761164
0.23100805714400213 0.23121411724147625
0.243566310791766 0.2439098943872887
0.2437276529103812 0.2434683654404698
0.25022621994501526 0.24812395044862054
0.23459035168884557 0.2421119804777433
0.24108730709218867 0.23913555499553504
0.24402772753615162 0.25018506082466
0.22823774129046642 0.22126906257678397
0.22661165842346767 0.23603236163208755
0.23360974575676938 0.22772686253991486
0.2217475559911265 0.2236468767950538
0.23350486349519312 0.24530248185091194
0.2194113300950647 0.21968601905311547
0.23121467566484294 0.2336087660007636
0.2354857746400731 0.23907128344798861
0.24873603821283485 0.2513114743438181
0.22752275150593834 0.22956609702281502
0.22213296947395847 0.2294876061486479
0.23725669147309805 0.22998434092125128
0.24490967944177833 0.25141008912311413
0.2370680255418458 0.24473089035225715
0.24028945641995467 0.25018799477370945
0.2598496552682242 0.2565687673061943
0.23854765357406066 0.239639646491969
0.23019674327416959 0.23175614434123504
0.24188481620970562 0.23548679388832378
0.24416135490408986 0.2471532556797845
0.22950225597985083 0.2262166083137842
0.24496467722234636 0.24349671661508407
0.2260782304148786 0.22688346824124345
0.24841526096281585 0.2466242290193907
0.2375826916969626 0.24342721061323339
0.22111245767452556 0.22117636165184618
0.24080914908546552 0.24429352192008585
0.24828899809205368 0.25384975054495085
0.2451562710464292 0.23804712543975173
0.2472436697307935 0.2360523628450762
0.250631594768758 0.24625951797691234
0.24191728134599383 0.23481007551455196
0.23965123906587946 0.24772811168684158
0.2364485377902556 0.2429866480615647
0.23773649538502975 0.24451693522559806
0.25179178089398674 0.2611168590911635
0.2428912495006097 0.24877768968767214
0.25674215975958636 0.25938548688832724
0.2275561184574379 0.23127481654013768
0.2341347420553926 0.23572648270522184
0.25229468148014794 0.2400072262566514
0.2211541234239642 0.21361328227252455
0.24521130095304852 0.24906737128594802
0.2427816002470687 0.2438013518332985
0.2221688318367223 0.23291238188994795
0.2292578411511352 0.23069278309508304
0.24548947282131303 0.24104166203274763
0.24914313286920897 0.24416226571795643
