0.11426405271873141 0.11394737703445132
0.17189071123484592 0.15538601219565257
0.1353629932380405 0.12741211372280292
0.1937680287401034 0.18312242646291108
0.14914175977296457 0.12991127201669841
0.15136506641198016 0.155235428496726
0.1534107722660556 0.14910214637415098
0.14692400988693205 0.14722743558946072
0.1572073913156014 0.15079580814526594
0.09987041822250549 0.10251078926234343
0.12306851379166028 0.12228600322718076
0.121451713287206 0.11837839218836407
0.11770724306406473 0.11680111630157904
0.16000983589375084 0.1708012545655143
0.1979356842190558 0.1813657538719906
0.14516897463104103 0.14801013202224916
0.15243978497458144 0.14750286447482686
0.15099016090333686 0.14180764647759103
0.13327627831624353 0.13555290052035765
0.15072477157854428 0.15457402385302146
0.11724693012251142 0.11634789469841428
0.15420632921894414 0.15652185292846557
0.13664094105839647 0.14163728910720916
0.11839208452248419 0.12703017878335374
0.14553823247578987 0.16097336405065352
0.12975322937079553 0.1268190093868375
0.141545228945071 0.1512092297504431
0.15970650725256574 0.13871555110975325
0.1734752154176859 0.17933518429984158
0.12089512891900421 0.12336221768185822
0.11266685005284556 0.11209853134324965
0.1287665531023472 0.12360970720590803
0.1061455387870016 0.1177022481852241
0.09139147798977972 0.09660601351621917
0.15376050857516488 0.15222201228663626
0.1467340392022428 0.14428332254803564
0.14246163773020146 0.0983141804215772
0.13076723098768564 0.11031730348215334
0.1458973995468931 0.15014193402851272
0.14320327865019 0.15239226065999914
0.10867211924704076 0.12050635224878373
0.10295389207938922 0.12387277159431569
0.15065484264272364 0.15643374178271405
0.16298065677599563 0.11475296289607045
0.16341139402482932 0.1397073172321849
0.13076398131078437 0.1255972736041035
0.1470061470192995 0.1558505051918549
0.10970839464077137 0.10359289125814132
0.16003930031185937 0.14472438480889618
0.1622023737160834 0.14332514281171513
0.10967070489351217 0.10693558028634059
0.1619684198543147 0.13768731588242608
0.1570840283657501 0.15539901769476783
0.179335097997687 0.1394698229797274
0.15742933045385432 0.10774926840650047
0.10887438717126648 0.11084888592854229
0.13169882526439655 0.13368826572393425
0.16598613673670157 0.1631631959057226
0.12687903586798893 0.12130543199318516
0.15127859525906956 0.13225002888676568
0.1616971523215841 0.13592294989193213
0.13348784599044136 0.13495884722144413
0.1352402316114063 0.14234751082520056
0.10756725206700045 0.11003698620204679
0.15691320237986486 0.1549854002029906
0.138569940848999 0.13703245174376907
0.15409793035104224 0.145631618681626
0.1523864152975584 0.12613984010430213
0.16972363173690627 0.12989944499426062
0.18343753900935775 0.1642803160062757
0.12956388207270317 0.14206742244141857
0.14615191149938725 0.15471373797923987
0.14191192622911575 0.15117091996414175
0.1768615197304425 0.17968729807992898
0.154894860819535 0.15592899382971223
0.14667229903192341 0.15690079357409997
0.12881440851063988 0.11212790641582397
0.1367519913207393 0.1297536375777554
0.1431659429993911 0.14632135075699854
0.12675946647200842 0.1349860192241308
0.15119732638804248 0.15988543799787877
0.13996241177344743 0.14631258654788018
0.1278179757613068 0.1317905872192709
0.14480370372391385 0.1535302941219911
0.16833720895963672 0.17108898259469835
0.11960437599756936 0.13077187731298287
0.1464967860542409 0.13366616239941181
0.12296664893873026 0.1103018015638889
0.12355270853511482 0.12420282235693422
0.13574681133830768 0.11520469858212405
0.12286829600673713 0.12342827045050654
0.17366337794389403 0.17340907611538595
0.1272700425150113 0.1269021558438137
0.14793946550875672 0.1165430527978616
0.11099223750649119 0.09803965347995244
0.16874742239604487 0.13646853054724176
0.13962527781868142 0.13394242398186096
0.12573535071457506 0.12765990204130362
0.15743421474117886 0.13944616776552882
0.12064518707818123 0.11978703337662548
0.13324170656021742 0.13050233755501275
0.11916319955141882 0.10869719573026777
0.138912337993496 0.1462605055367316
0.13877366301162292 0.14351524460962792
0.12501361416796908 0.13136750855954787
0.1272964973619476 0.12309519510368562
0.16580098280961755 0.16601362039130868
0.16693493029594217 0.15793405883078185
0.14272042138197033 0.12581346155783413
0.16130943930232822 0.16732908639138935
0.1574626901702248 0.16641771660126878
0.1307892298730873 0.14318190589304897
0.15306862984602934 0.14254162996726094
0.1167336111055823 0.11833448675655084
0.14756374484896903 0.13919103807082353
0.16428708683836804 0.14865966077898107
0.13288617349577028 0.12769399213386876
0.14586015929337537 0.15097764938653938
0.10204205493396118 0.10585603622435673
0.10106008979943844 0.11019258999791752
0.13171904780634744 0.128648847021007
0.1647051736894162 0.1683142287705567
0.11558769524791145 0.09969877945279444
0.13423655305559412 0.14297859982452987
0.1423011141605709 0.14769538622482187
0.1418649292055344 0.14659330424294095
0.13593725805130227 0.14261790705357952
0.15146730690676483 0.1361269580469627
0.12549863321024932 0.1281525871210789
0.151795118777198 0.13903112078045202
0.13349424795569204 0.12308496987261242
0.12651584674004643 0.13400215462883058
0.15918744280765154 0.16535691985248924
0.14297309258246446 0.12416240283814821
0.094342972691044 0.0887358831388601
0.16175627101691017 0.10497037865405819
0.15714725059158435 0.12036225834720428
0.10759160669920366 0.10706579970983217
0.15305746405341136 0.15422897031142502
0.14466901531308582 0.15122883970026363
0.13119123850490072 0.13444750780442152
0.17654387830878884 0.18498951432035313
0.15352933865596394 0.16306641210050385
0.09999178548145199 0.10879843071244724
0.1301307056953931 0.12646025510664813
0.14168465470411767 0.13838606408942264
0.14052049212361575 0.1483177048790148
0.14309645271913973 0.14265590885004586
0.17212899981819135 0.15897239434371802
0.1499273628095733 0.14801028999112684
0.1260868214175433 0.13624431537382178
0.1599115061560515 0.15059500407090567
0.1430314370044413 0.1529941507236423
0.17149482306143787 0.16514502678274234
0.12760814483155564 0.12043902704577121
0.1461401724451918 0.13575387661778826
0.11941002647751371 0.12345215098320976
0.1112134419646937 0.11313357486986406
0.16819339077524284 0.15523297869497293
0.17418645658232487 0.15278331361293568
0.13976591489604995 0.14292898769970355
0.12097897955220797 0.12548212425266334
0.12189849409214461 0.11251719934740333
0.13167693589840201 0.10722898645090652
0.146086295741246 0.13820777634381584
0.1435238681370341 0.1517247973036051
0.13272666595284718 0.1405583170383331
0.16429893525590158 0.17219718643145165
0.1140619074102788 0.11917989655173779
0.1651598925776248 0.17143797985067535
0.1639127158451574 0.1757615126118339
0.13720313040784327 0.14260056930826062
0.1360697745865355 0.1354383276986829
0.12214160742042585 0.12820051596954987
0.1567873476207801 0.16311124829198362
0.16764044959586186 0.13441777244376582
0.1406413479202667 0.12113730813627824
0.10224205931974842 0.10666819286872148
0.0966004158969643 0.09719049113071525
0.14006228051424444 0.15189668884379415
0.13323884850751505 0.14469424085321722
0.11984339382139803 0.11679219813979724
0.1667280878289546 0.15669423696256504
0.1797505820224438 0.15399933703388027
0.14073619688310726 0.14302309107365463
0.13117969300776958 0.1347378604267193
0.12202356565460495 0.12428809595726131
0.13828354483872116 0.1378922358702089
0.15921274223866674 0.16471756135990082
0.13238478543290505 0.12916915832365863
0.13023784133885236 0.1319369597448343
0.1641512841278432 0.16288916738005527
0.12378462301934284 0.12851281105642892
0.12512723650649266 0.1341915678098818
0.11038077732634502 0.11535654958080652
0.127409424674189 0.12592812037581014
0.13831255160532513 0.12628824171029562
0.17939207382058775 0.1605532645641173
0.0980906307595764 0.11064598455655887
0.13048707467783227 0.12812033809626552
0.15931882484835352 0.16047871681405912
0.1207227238132206 0.12457804138917454
0.12041542758562028 0.10836974045221041
0.12644516806558598 0.12266021575494458
0.1629299166457816 0.14505270345667318
0.10126495844279892 0.09814711440220564
0.11627144047026886 0.11102030314240233
0.15760544470045096 0.15212108465714533
0.12808191432284508 0.13786083900056897
0.1521295394566469 0.14722777761610237
0.1438426224150569 0.13007158781000747
0.12127943080378996 0.11508848736161609
0.12364859089875545 0.12081569526124787
0.15269028716836508 0.1293094612014273
0.12577576953926958 0.1204979809151295
0.15666846907414417 0.15455453677007241
0.1282704078078571 0.13172934911046202
0.14419784377041944 0.13812125225878577
0.13517435595610383 0.11889667402959711
0.15556158987548244 0.16161441309433777
0.1574678600792433 0.13481766529412542
0.1170965693596029 0.11747823483964522
0.13314594491981271 0.11253433968184286
0.12263864475051969 0.11204805253854772
0.13609902369148152 0.1330969187099118
0.14565012791530219 0.13640771812744273
0.15357014253440376 0.13269587320011939
0.13903668624867332 0.1381242381649264
0.19346026417033974 0.14167791199123564
0.12343754569550397 0.12488875570211472
0.11902931086545858 0.11980967686632556
0.12494633586257028 0.13192690639029309
0.14069840962915356 0.16294871504877648
0.15361063503593755 0.15379930473227987
0.1693199911209828 0.14321304299388793
0.13800661671859926 0.13042768097070043
0.16348335113046705 0.15524872980981208
0.15087135281002434 0.15843130461621643
0.1439702713165938 0.157706088895044
0.12945266449123616 0.12450105206574291
0.12268279399371473 0.125801850066483
0.11228944757297732 0.11013794836843045
0.1927346268265355 0.12516489978706466
0.12804655709921733 0.12644981399296318
0.14344510228014154 0.14309275015526537
0.12398731063278996 0.1395998666406941
0.09367013916169686 0.09319883189518306
0.11082394947343642 0.1031931849483973
0.143176939207796 0.15331159895973773
0.14258241252176934 0.1390487144227427
0.13249808800141605 0.15423708188464844
0.1413157138886331 0.13167667565086688
0.12412983164983364 0.12247471247157547
0.10276069651429993 0.11407346307006042
0.13005443182416251 0.12526058937363518
0.15226473639881555 0.14248967252245107
0.11027677997946779 0.12100540184325874
0.14881564525987845 0.1666920728976669
0.15670310136602322 0.11104548322267849
0.18265592684561713 0.17002486158460542
0.149193294961129 0.13516284007858503
0.1365756652400727 0.12838539362936766
0.13586557519341658 0.13268968198354544
0.12645213030997382 0.11657741617274543
0.12892731989709594 0.11622477086199542
0.14077837765103746 0.15115324602880176
0.1182374539045717 0.11228668852601967
0.18089135520307786 0.1752961109453392
0.17756989917810556 0.17543496285261254
0.15056705115329005 0.15707166045488405
0.16273702956257857 0.15186145932019562
0.14719878319341084 0.13154811888229917
0.14881760993447998 0.1542047375696835
0.13592326502815802 0.13550346388082693
0.14070603569545412 0.1525451232172947
0.16269969346900745 0.1654920472025345
0.1509159479246035 0.13884065377780216
0.14096182370540616 0.13151244032471818
0.11521384719061913 0.11409379396082596
0.18817893015475232 0.1696143895046938
0.17519666022713595 0.1426393449037377
0.12870121952242963 0.13881696778734529
0.13179656443140955 0.14044112893097943
0.18772815536441695 0.13668538802850208
0.1474188095473261 0.1614897644512269
0.1627678171839268 0.15539374555633356
0.15528310747080384 0.13834411295766794
0.10000957050841612 0.10581259519734751
0.15414481772621597 0.15703847823940953
0.15868033522449534 0.15893217906784182
0.16031890663329043 0.13522995477476848
0.13275072875543772 0.13459109958208929
0.13297886943829396 0.14475109126381866
0.13910402378343967 0.13924428502030892
0.126804486752504 0.11596387688443728
0.1338753648508562 0.15304672932875668
0.2069711944142324 0.20833134355433983
0.11875259760938678 0.11277403863701844
0.17018653328958971 0.1438500669212767
0.1351031867993212 0.12491821909447555
0.15210206311414598 0.14150244865056016
0.17420408579151045 0.1695820425048298
0.11836400723520706 0.11109884425719072
0.11160457463916397 0.11555720391389825
0.1405791176100407 0.1477910630698621
0.13234353555795872 0.1186090982080188
0.12979158799719226 0.12814900023395145
0.13221939461378526 0.13773050086861588
0.12223421433735243 0.1399175157889032
0.12233329751002602 0.12456663718667216
0.11906677482294149 0.12014299269736671
0.11672317000833468 0.11627958196901789
0.16871683044262017 0.16880950711105178
0.1258700269043763 0.1423076712389675
0.19543095200178606 0.18536690811438433
0.11789670535329351 0.13090738785389855
0.12765315740908678 0.1004961507448496
0.14484353891936752 0.1290476056739723
0.1369624944281269 0.1337723566206629
0.10876612747451701 0.11549507069956348
0.12315226772316969 0.12878353559688613
0.12256640310856064 0.1252102061747151
0.13631760186510167 0.1443789786949586
0.15075532708124986 0.14607976542211723
0.12481560894058878 0.12649659127476093
0.17134162103488834 0.1670485003426117
0.1357263190366137 0.11480662641084358
0.12487766302342586 0.11967954831870896
0.12986653553449934 0.12987219094260744
0.14005893594335145 0.1416440344572574
0.1527400561414688 0.13486638057171296
0.14809661795461002 0.15229512094371192
0.11571760609838988 0.12236836370398191
0.14412770292731372 0.14297485542445804
0.17472363054885603 0.1730824489930166
0.13257690571669473 0.1389883960308421
0.17340308752941602 0.14912932913353508
0.17655884524543117 0.14321540224183874
0.1304832300615224 0.14030208109656006
0.12257544743633006 0.11789219800973978
0.10681567958467315 0.10014208311746614
0.1753189804636938 0.15637865477813082
0.15264684798335906 0.16488639563158913
0.16456716823698628 0.13818054796499044
0.09684918404059763 0.09550868412900008
0.14290643760272095 0.14902930839553824
0.14263095375596083 0.14443023238027689
0.162463193927375 0.15020121919372384
0.1547330182193759 0.14284066255173863
0.14185958797023157 0.13533213007749423
0.1432250632085622 0.13932136459763117
0.15519626293529967 0.16522673886400158
0.11873976568175526 0.09985515519066075
0.11753265882076262 0.12390594087402461
0.1332225348275226 0.11453648879463864
0.10374898226548632 0.11094215060755397
0.14146334198287713 0.14223943945394127
0.09883444057728037 0.09231772145981226
0.11822100381167512 0.10992565097259298
0.12569499797323813 0.13187879651258858
0.16907152282437746 0.17752619728061653
0.11084443739498455 0.11223231188650337
0.11753971671055669 0.12085150297185912
0.14882036597376255 0.12974004999086544
0.16006837569575677 0.16741945576363418
0.13013719178144903 0.14953569090525426
0.1353401892054661 0.1435247073090159
0.18209865042613121 0.16287092785704788
0.13453399981089464 0.13529506511967643
0.1364800525888119 0.13253344085857371
0.1647127767424141 0.13729561250358527
0.15255325416064994 0.15829501706362348
0.11668805781425357 0.11329001311390012
0.14817446015220506 0.14792994225707648
0.10200769467706343 0.10094044243636292
0.15609247308140087 0.14660133064312023
0.13191511564256708 0.12612917884296668
0.11890049600739543 0.10937045373992046
0.1445114383875539 0.13944115487577788
0.16439773562410995 0.1610139524875014
0.1416217820603671 0.11960890609458105
0.1856285989375986 0.12993219705721734
0.1454435093522058 0.14431534021117226
0.1512484201352439 0.13474972632016646
0.152172792016218 0.16153540750886794
0.13844183799033866 0.13749375784099185
0.13093230836703232 0.13451581902999957
0.15885863651581192 0.16903808529098144
0.14999740648260246 0.14956943854330712
0.15711419675453905 0.1585352425623485
0.10407277404026473 0.10251342508752696
0.13051104944799694 0.13539794626817436
0.15568615549804107 0.1287180815866543
0.10322598203911859 0.08806460771910049
0.14093016582158216 0.14265599020809033
0.1465839487531921 0.13775526551010134
0.0995693694354291 0.109963447314725
0.12546242904804053 0.11998843832650907
0.13793444749995648 0.11725257856366417
0.16254560413475064 0.15210840601053455
