0.19908888034859426 0.23832457105257596
0.21998985360115414 0.2643368104589588
0.22345254899312966 0.26361988710519424
0.20569073797385293 0.2509848119823481
0.21486003947315424 0.2637014563208325
0.21795911815988137 0.25324663386936913
0.2290880939773197 0.2785425100230126
0.22075406307274975 0.25572686014869883
0.21297538875315974 0.25924430352935635
0.22082937408474715 0.26848336709918824
0.2245459576197066 0.25791284450487545
0.22689636200884647 0.2698021864808727
0.22580485953779733 0.2684811616888412
0.21471667794744057 0.26381989591383215
0.21742704564048312 0.25873493988379814
0.2310885096867836 0.2643490766415665
0.21690790911313437 0.2628100369597721
0.22120568970452023 0.26287345652974686
0.19724329696680032 0.2382252855524364
0.22380924277469313 0.2650496707307699
0.21064463281395227 0.25354712966543536
0.22298898941535872 0.2489390521159436
0.22863195892732716 0.27316485319285605
0.2264346799705066 0.2751382189565741
0.22955559706128514 0.27487332753194993
0.2404268623812062 0.28184233017874677
0.20226088695588162 0.24117649488293796
0.20411048364897694 0.2510406082614156
0.2189140778691144 0.2596406643868521
0.20183688221809515 0.2422638921571835
0.2244551223720363 0.264836367227203
0.21121278687903064 0.2575298638055737
0.21287846208033473 0.25229277385834603
0.22062121256244382 0.25926877216775807
0.20336186355001762 0.24452681630000084
0.21727653395543017 0.257124720855553
0.21713308730272632 0.26005900283403244
0.2242878879067554 0.27706206329838706
0.20898674495578023 0.25069580607502195
0.21426741704029179 0.2609789554328878
0.21738359394604984 0.25636643318388946
0.21458861236627808 0.25491040504014556
0.21101792530538277 0.25531958262589466
0.21377722377079658 0.2597082095564282
0.2087562876123563 0.25211732402245846
0.21821176040666185 0.25875074199529996
0.21170097464067847 0.2444436479974557
0.21444836593048439 0.252343254924306
0.21276944382002252 0.25982058926568774
0.22675031603602172 0.2700599886019187
0.21206264232093475 0.2603120036702654
0.2194542867855937 0.26036769439377205
0.22902831946837585 0.26356108197842903
0.20477381919827062 0.24774362967445943
0.22315454641642082 0.2578049886567383
0.19946493246152497 0.24589864580074924
0.21872536026647993 0.26170421909794
0.20916041618220624 0.24878805434003615
0.21363017349984031 0.26667175462322873
0.22163896195264698 0.26239761203656264
0.2186112440428176 0.25964956922807936
0.21718313187616733 0.2604470440383208
0.2139058615601246 0.2512534341564847
0.21503675101525407 0.2524393590177272
0.20389372381976134 0.25060498013341526
0.22859494362279736 0.27075602034413976
0.19903268240794236 0.24394128193348236
0.2127393523230258 0.2509602253299284
0.22420163423941586 0.2680824763588028
0.22942602511409907 0.2714050521561905
0.22314905335576357 0.2643706816186886
0.22341833206130582 0.261731803071954
0.21989051220619968 0.2645193344411903
0.217417987378065 0.2565754286980667
0.21617789116045888 0.2615087169223921
0.21635695480853687 0.26715073268962486
0.2106482941084286 0.24419413369564427
0.21897924318058168 0.2595821781742956
0.22197780104350984 0.2602284853410557
0.2108179649736339 0.26051819559437567
0.2224693397177302 0.2731934070929456
0.22145628851610258 0.2557649962410789
0.2176699216024892 0.26251745944306215
0.21663371505273335 0.2617206237292226
0.21006117031087312 0.2553519642674841
0.22239980968652712 0.2674897947840306
0.20663174599910827 0.25566594712177615
0.20499069175113532 0.253541849575064
0.21747737508970194 0.26528448293504153
0.21032123645509232 0.24846619270467496
0.21634296426939878 0.25888186892656434
0.20733948992455273 0.25434271210062415
0.21649687467181214 0.26149336354618313
0.22413056377273588 0.26639681086810435
0.21455224252973704 0.258786400261573
0.21273308744372377 0.250525210831255
0.21859457919299896 0.2612063693310888
0.23302896832014414 0.2812163649321716
0.21939382368092683 0.25691621266538683
0.2228759824098286 0.2589381734745188
0.2006869427689385 0.2505144046706806
0.2127025214765775 0.24659410336707813
0.207987031290729 0.24851203953752635
0.21358034023282957 0.2553323120634489
0.22044213941258942 0.2590617903220859
0.23585670113372179 0.26809882697515536
0.22090341168166144 0.25569425226478776
0.21309084065602502 0.2596723373819827
0.20421993568222757 0.249950352585433
0.21940933586403422 0.2709525759889046
0.2161868130191517 0.2536755858235194
0.22206738686042043 0.2639589987943134
0.2145335020779542 0.2495947600887227
0.20085281077755152 0.24153180079264014
0.2184537510275199 0.2627756503141281
0.21224163942993876 0.24832972705162443
0.2006251431520511 0.24736245310421567
0.21035327498074222 0.25664950137374054
0.21284039916895772 0.25496632225157856
0.23585836806952407 0.26854856857679277
0.20403831232461783 0.24875643483320065
0.2142426579473276 0.24947306171351127
0.2092198468922915 0.24733433161522347
0.21452946670766126 0.25530626285617664
0.207387273936094 0.25027121516308093
0.21393650188857866 0.24913680158919344
0.20410899506782298 0.25169143312647124
0.22023252572296206 0.26142711952889947
0.22102549159466509 0.2513363458090983
0.21108285418946665 0.25639195621900973
0.2113718128613003 0.25520508785939855
0.20943676079775958 0.2583455309232021
0.21117299285641405 0.25608890774597864
0.22031985486196404 0.26508215810219843
0.22783781105812503 0.2685326889290898
0.2177463386216461 0.25933222291683034
0.21631066870422772 0.26553692758322306
0.2348043317283031 0.27963070606899315
0.21484267717822678 0.25927617461826835
0.21901351664865207 0.25421473351005786
0.22714297442229273 0.2753858800155271
0.20884272694181205 0.2577103736121527
0.21922598202808355 0.26628621238859856
0.22174281775146526 0.26606624887181796
0.21756421660665146 0.2645062604020037
0.21968081246347881 0.2622644791177283
0.21104030766762286 0.25518823160317444
0.20896507228445416 0.25259821208852334
0.20355249223936264 0.24240785385255803
0.2229686867168313 0.2694763169891145
0.23406127732098372 0.2736696192198196
0.22038000460536414 0.2651134010633935
0.21350931998924413 0.2577642230100769
0.21377071271549045 0.2619574881656907
0.20140837824698632 0.2537459879362746
0.2192832849627114 0.25552764302654785
0.2254555589774179 0.2672711383810593
0.2166721477874945 0.2608776839998128
0.20899357291526288 0.2661181031121474
0.22162708112460397 0.2552235435912298
0.21386399845920034 0.2515281720900065
0.2167133473608175 0.25925040159325147
0.20997404968008465 0.2549023539489034
0.21745008348242476 0.2549702775913028
0.20525496813515612 0.24667653180685925
0.21429607398201458 0.2592003966600726
0.23306975651360543 0.2719485826000533
0.21349274626563486 0.2501815092231491
0.22107439049253175 0.2589841689781536
0.2248155335954301 0.27286857171682904
0.21940780880368596 0.2669771712984526
0.20183002763714708 0.24685038876353022
0.22948800200961736 0.2679082896445072
0.20174643767833336 0.24198854133113532
0.21536032444491535 0.25547925552235007
0.20432710673124202 0.24883407007427794
0.21305677573402126 0.25908153736321005
0.21435933101531485 0.252075997104947
0.2086739162251738 0.24483916592447696
0.2029839326948027 0.2470418565813613
0.21476081238654524 0.24768733794049597
0.23149947790679473 0.27722451754427035
0.21617562860403322 0.2610619629980731
0.21024691718271646 0.2526707744648927
0.2007234064868471 0.2533899342525481
0.2251547223265058 0.26979007330087706
0.20445179030037336 0.2489387929046566
0.2199570276083623 0.25727233754353823
0.22191106598479968 0.2624119049085308
0.21659725770321056 0.26225902259666933
0.21561936754895097 0.2618224227139215
0.22126259113666855 0.2608404725007043
0.21449576734390033 0.25549612923445914
0.20555176799327385 0.2388780911517162
0.2160056105480779 0.25038033890972505
0.2275823377326098 0.27641066182653423
0.20108499116707115 0.24544035243092327
0.2351960079795872 0.2648716864154395
0.21339123865664805 0.25247958778045904
0.20862851093783483 0.24497358228050958
0.22910154659806098 0.2678423734450781
0.23151063313998502 0.2740827088527876
0.21513413092361172 0.2571945617806541
0.23320483881253432 0.27612475259100766
0.20731329639417712 0.2399965087990168
0.22023124233019029 0.2549604134231546
0.21201804882215589 0.25354442735543126
0.2168300185468428 0.2597961267635389
0.22178398444661304 0.26469059660846117
0.2268116710889842 0.2641050618527866
0.22039861198112176 0.2632675611503752
0.2239659623023569 0.26675464697542306
0.21708269267740687 0.2598526785352895
0.21246919577583714 0.25283084424856467
0.20818335960451698 0.2506750024502262
0.21821513698285264 0.26545184278087675
0.21942707767758232 0.2636939664466339
0.2126247155811358 0.25252555301213114
0.21686878225225176 0.2684954768643896
0.21547512613195607 0.2642724426633196
0.23287140742214585 0.27390807061657374
0.219211901382214 0.26122139224040747
0.20592945030360466 0.2493790049988826
0.20765521461686984 0.257336091387154
0.20552943351067682 0.2414838355738531
0.22466381224443518 0.2530056450186726
0.21884803778879847 0.26089436156360046
0.2115747321683386 0.24070665400239175
0.2158721596999967 0.25899740130351434
0.2263708345629074 0.2670917010697813
0.2103309617691914 0.25588287226751233
0.21892011996254393 0.25760256105121443
0.2179908994998072 0.26211384061910076
0.20663579880095923 0.25591485083961296
0.21147839052767198 0.25425168923692704
0.2132860563784023 0.2576999394517859
0.2075141765512994 0.2559942620672336
0.2174893080123958 0.2698400031714742
0.20678955763328605 0.24842896133642567
0.2084952919333485 0.2527304481637718
0.21996432983410857 0.26175441574801617
0.2161922991354562 0.26695289272199046
0.2188111508145208 0.2707575978343175
0.20938730855540807 0.2523093687326316
0.2109451414629229 0.25593831235887815
0.22372336489208147 0.2679404040558178
0.22679162326284177 0.26879799948780303
0.2122137535981304 0.25393191890720085
0.21518038035372056 0.25271013230364414
0.22137821741050737 0.25647779933874937
0.21540218762782512 0.25775162790887124
0.20833308861506977 0.2541722877141942
0.2089390225107523 0.25409987218953517
0.2151007258066328 0.2547426567929737
0.22521811196059868 0.2638803862730895
0.22879292314044827 0.2658938684589078
0.21297729576232308 0.25229866277312946
0.22382734196717247 0.26219848509324184
0.20826545827927473 0.25567125637503374
0.20276688974559978 0.25616114389442673
0.21221530843828107 0.2508595076690756
0.20705463653160888 0.2553710569476104
0.21305368222530274 0.2605908364070346
0.2057277982406762 0.2465775975678545
0.21196308109676326 0.2505165720464134
0.21360820700716815 0.25079614198388933
0.2082265391183024 0.24846660708110124
0.21665416959988054 0.25586626773826593
0.22279399276320752 0.26436883191971466
0.219147990425532 0.2612181701535959
0.2111316503654749 0.2530759632998272
0.21448952893901216 0.2522130642430627
0.210424373638845 0.24434412792606122
0.2104105004460248 0.2568307595113358
0.2023615066312766 0.24285751796311889
0.20915063769606518 0.2528125482583776
0.22101130228604238 0.2553834041954555
0.23212736811724555 0.27354943945407434
0.22020244403050906 0.27167707347811165
0.22396807276403452 0.276915901112833
0.22285987158236326 0.2648181200176266
0.22368765451465158 0.26614415466529273
0.21410421392294338 0.2528481617434581
0.22978741451974752 0.2678206279236171
0.22611358509487198 0.2609051031241396
0.2138341453294197 0.25894707605189493
0.21408737590153037 0.25271888501540224
0.2197211585961124 0.2651751927449575
0.22967268278362998 0.28001812827614564
0.21728741916602437 0.25941712612369494
0.2150321507486957 0.2615450965404276
0.22649612795346907 0.26694646065398314
0.22474679777915757 0.2698931958894228
0.22497002366679392 0.26882744618813725
0.22587107554538285 0.25995022142978136
0.22703180441035917 0.27152613006607174
0.22535643256256674 0.25813417250356435
0.23056037203020963 0.2612649727598462
0.2137322824762583 0.2561781980775236
0.21617148552511825 0.25860562183406155
0.23076412235925575 0.2634872550506859
0.21461951343483082 0.2636251777464361
0.21136248495808146 0.2575108251384037
0.2000724511135928 0.2480049494431678
0.20933675266698187 0.254145275660216
0.22318605281053205 0.26854103119776035
0.21434499575161664 0.25717868494718477
0.20680930076752846 0.2546373703718553
0.2152287303794673 0.26799811101707527
0.2274455892525592 0.2738463840708987
0.22236818083185145 0.27843344838247325
0.2001415592267727 0.24485398247472662
0.21726049805282324 0.2641142248761667
0.21279469664767592 0.24707984985615894
0.2087489136081104 0.250103457663643
0.2342675430875182 0.281652172698472
0.22312507567303352 0.2701596749828209
0.21624834458030937 0.2684782942615058
0.22925179826567588 0.2729356180409139
0.21396080758015837 0.25625998953894596
0.22832871081216308 0.2799301091046882
0.22093817979909228 0.26563741480976616
0.225218421975089 0.2674728236868469
0.2151734076207429 0.2601858168420514
0.2054271963912348 0.24968717983743624
0.22097056517447444 0.26700292745444476
0.21855023626237416 0.26977612850689237
0.21356378883263308 0.2577459691380901
0.22362486828356665 0.27053282128551426
0.21354137659879538 0.2575352795150736
0.23148257209329134 0.26732508495040586
0.219362458430591 0.25680075551134673
0.21372795844278242 0.25523327029315973
0.21718502542184653 0.26086591197104486
0.22080083048716093 0.26174698004102576
0.2271431678498559 0.2712888818267044
0.20708014609164613 0.24492080003551434
0.2054012783416859 0.25246432004040154
0.20612844572829603 0.25709166721868565
0.20419392132666012 0.2418657649952337
0.2160878403518806 0.250119713477196
0.21617829237204514 0.26116168459992056
0.2216915013967178 0.2650727814555044
0.20303152799411842 0.25238411806258104
0.23285603227433618 0.2835024194490812
0.22670729816041238 0.2767597126743527
0.22762389526584642 0.258270964289286
0.21387336407871355 0.25342851558594254
0.21743502495569497 0.2608013913303508
0.22008246535560058 0.2587614136135979
0.1988489596397972 0.24169966095504963
0.20230074476175502 0.24632484470723195
0.21559420054526027 0.25333936230237325
0.2024316921069035 0.25182112800330053
0.22098138996339337 0.260827465274371
0.23165226228242575 0.27595592588074375
0.21095738668356664 0.2464169468404273
0.2125705518868719 0.25163937398130287
0.23509403550452107 0.27794783456118555
0.2145888671636938 0.26442891978501926
0.21521394612587194 0.2543797959887816
0.21212034201588248 0.24895055986171352
0.22143288990940518 0.2670078288951482
0.21055073833577345 0.2552722957563395
0.22676697354426611 0.2713129425740383
0.21214313747571975 0.261049143288432
0.2244658633230858 0.25752637332126205
0.21670606310836357 0.2640995578914039
0.2115898877439511 0.2526439419539796
0.20804336951676594 0.25138051944201506
0.22644959261251185 0.2704206579983802
0.2062905394559284 0.2548033899060981
0.22457789661955768 0.26142831665880695
0.20849091522235444 0.25121237955841197
0.19771856343428934 0.2406217817017357
0.21281101152196852 0.26281346855685317
0.22544055214883682 0.26238887615419554
0.22754097206614166 0.2716521725492616
0.2079815408626185 0.24873284006960755
0.21985248486455405 0.2628270356210956
0.20828878177587182 0.25651157594011553
0.21778921444957133 0.2638529733516281
0.21091153466253598 0.24908311202844904
0.21541268006446918 0.26108393553999765
0.2075406094609554 0.25141538350871084
0.20951104953857144 0.2523314486993133
0.2132138161192812 0.25001061419083537
0.20914714193789866 0.26080972958182136
0.22021091237145696 0.2571423359364413
0.2166995019866095 0.25834404723585935
0.2187936243292912 0.2610349953182894
0.21618787784118618 0.2582282101462871
0.2293678898916816 0.2746872687767627
0.21620926167896107 0.25846271248500124
0.21237406558203628 0.25337220480118566
0.22571072220726818 0.2675927650637882
0.20289551214385917 0.25292494847175323
0.208910566817249 0.2546481712072064
0.20796320962921558 0.24826387047219842
0.21154621049734545 0.252334445413354
