0.07646086540015753 0.10107926230433095
0.13226811819518552 0.16844816916148295
0.1251953615797418 0.16008040171874863
0.08943711070064816 0.12062852755585855
0.11350390451177639 0.1467971300083092
0.11329374636986204 0.14031624623615935
0.13550872376270892 0.17659064320972517
0.11200303370259648 0.13703884484964546
0.11366440149637197 0.14696775511396742
0.13481684401827773 0.17281099710935197
0.11631117866999008 0.14672266500639203
0.136890823941041 0.17597399046388074
0.1314498853615198 0.16611222094158296
0.12340362197546233 0.16057383726092067
0.12932807221686143 0.16379081260396938
0.1373529537706278 0.16155959330682587
0.12035614897839467 0.15302249127903744
0.12359626293346455 0.15838610195899197
0.07489214498353838 0.10160096964840265
0.14000239869387876 0.18083270454418318
0.09043983281421451 0.11862122518264906
0.10759269555648136 0.12009104122479526
0.15634406164916326 0.19394900865115725
0.1382580356682178 0.1802062694185686
0.12679822577568234 0.15847409129143294
0.1445642013665238 0.17806030291520009
0.09421925564406636 0.11721302608341708
0.09438169688123695 0.126648966555034
0.12045896789955415 0.15354223647576895
0.0850052689873952 0.11053137423221981
0.1363648910802127 0.16667943687912476
0.10395036661903075 0.13649806888768315
0.1051706918317653 0.13733173740530638
0.11947043985797615 0.1494901733602353
0.08842888567578865 0.11784565059371294
0.109021359281046 0.13307347781201637
0.13025575046674706 0.1612635720627365
0.1336526233414482 0.1720728589075899
0.09493997714777541 0.11830055622539326
0.1041142439815889 0.1375084414689906
0.10558177270725111 0.13053276574037564
0.10851615597711768 0.1334681655804043
0.11001592735478605 0.1394525737858441
0.11132466369236127 0.14776330061782703
0.10835357095330658 0.14036932182956585
0.10117519225290326 0.12904420179483278
0.09352644661603295 0.11100048570071332
0.10760466303226307 0.13282373749436371
0.10828924220465927 0.14317386813541563
0.1270403067183985 0.1665030321836537
0.12888848986971366 0.16540017747634228
0.12813772791433234 0.1583176504718126
0.12550060255651058 0.1540636720538076
0.09028460333554837 0.11868239794053545
0.11356925945619659 0.13945749923106138
0.08241995570480613 0.11262027232151171
0.10799676309323286 0.13274605254963015
0.10200489529855078 0.12558520231618586
0.1082244422826862 0.1463664471261621
0.13212117747217303 0.16346714790066985
0.11687470400292187 0.14763293975439848
0.12035366977235516 0.1559861597777424
0.10804388419247603 0.1358695607752716
0.10267892130304998 0.12533526518461507
0.09930067823868112 0.1356774758341369
0.13178217642925577 0.16369059853037327
0.08419084285599022 0.11323164363600369
0.1038950747078037 0.1264030428758741
0.13178258989688882 0.1666355017889698
0.13180791363792113 0.16620675380242825
0.13739862726382393 0.16383027279895826
0.1411139995895508 0.1717333534512217
0.11705995294000628 0.152280372098754
0.09933769144948748 0.1303448291590289
0.09894818649039933 0.134271690530958
0.12625789670447202 0.1605627086704999
0.09544902414973586 0.11803343970583166
0.1104277522925816 0.14045558402695615
0.11324177099460916 0.13975905660078294
0.09591805379744624 0.1302212298491945
0.11182021172040663 0.14893587339656617
0.1157362509820202 0.1386271349693804
0.10459376431376477 0.13030671071039637
0.10933438251176761 0.1410088349128606
0.1121178949142432 0.1412303546514977
0.11874468746722223 0.15286944613312073
0.09390171347092245 0.12350932282484622
0.08883571380930123 0.12407953206429599
0.1130077120245923 0.14707201685743396
0.09092678807033482 0.11622909143570422
0.11215536105295369 0.14013860586419724
0.09155693634895776 0.12167472967069207
0.11247588643367501 0.14373310936916878
0.1182613163904958 0.1495760771103072
0.09469932836120834 0.1182766975237422
0.11649196281725922 0.143820958141287
0.1153881301989203 0.1471572716518658
0.16190127122587486 0.19393261281967103
0.11309832911652692 0.14499985170092344
0.12920869133932097 0.1584222324542795
0.08582408320612947 0.11489459790439051
0.10235322879489038 0.1192357476302404
0.08856065169771599 0.11655073921895971
0.09299225900679596 0.11918491936673556
0.10101854652352107 0.12462649117154923
0.15650923269689815 0.1847183393690984
0.12533222658730703 0.1526627920493173
0.09431591798915283 0.13269449645617004
0.08905229527167402 0.12383074302311288
0.11065161109381164 0.14986218412440996
0.10241194046905522 0.12798787889840293
0.14800816123141478 0.18558157891346164
0.1025554757201615 0.12962571807093268
0.07462759224340176 0.1001590466879586
0.12919744866458696 0.16238591744305692
0.10442663491461236 0.12962293112490852
0.10235283045660046 0.1384126980816919
0.12418073920515711 0.16385457208585874
0.09964741716682508 0.12520788026982188
0.12698709831075658 0.15630383295860292
0.09728959072357819 0.13006452284216488
0.11066744676331075 0.1343466314245153
0.10428459139757296 0.1279371617145281
0.10835422806300726 0.1388757231651928
0.09555768590829772 0.12511894507792465
0.10073516914951124 0.12843983024390596
0.08785364403051737 0.1188846622665484
0.12548959355830064 0.15238368801522245
0.10225192336005355 0.12293214866973608
0.10027658513324686 0.13376546930401118
0.0924834638608256 0.12214832558725598
0.1027011598134144 0.13359766010555654
0.09746245505651155 0.1295533137355065
0.131275166484706 0.1692885822775198
0.1305770198835493 0.161273816714722
0.10880491582677353 0.13798721567320107
0.11532544469777753 0.1502710096394917
0.15608964552663174 0.19568346251172375
0.095717349474066 0.12681949451146007
0.10213104405319795 0.12735026055421356
0.1345231669331076 0.1790771373137002
0.11568207596241054 0.1524479302001239
0.1493255110581751 0.18985236762069005
0.10637380403983102 0.14197497208179866
0.1306289894265055 0.16606361922981502
0.10762821382372405 0.14044286908368656
0.10242208862088507 0.14097128211177118
0.09917351938761365 0.12882681631635276
0.10100695975191475 0.1254038746431086
0.1331003957006874 0.17321972189857296
0.159850525014861 0.1935394851502689
0.11823929640490137 0.15332709309109382
0.10343235743636484 0.130927132925713
0.11001939715920081 0.14533157534883845
0.08225457488157029 0.11371977119003213
0.09968306348278692 0.12796731900094552
0.12810742681027457 0.16106274919697636
0.14122191269034776 0.1757868180616339
0.09150978511374315 0.13138412722721185
0.10923757474500916 0.13332499559355615
0.09344104465476391 0.1197725532720898
0.1048715371714338 0.1375862738154361
0.1037021026414671 0.13418604121359526
0.1047018754229056 0.13459099752417497
0.09140796258789456 0.1143492357416912
0.10723804104164075 0.13799852386496497
0.12434151860254757 0.1562515017268858
0.10548360030615206 0.13131491885915245
0.1176998465816757 0.1467582325933538
0.1260050706395891 0.16266996856233226
0.13548429794264766 0.17594385339393748
0.07882397404776102 0.10815542438497908
0.12522249876601815 0.15554803149121618
0.08539290742413043 0.11119577909513467
0.09668763488490412 0.12586083951835608
0.1036186944739633 0.13103641549782052
0.09764914724113957 0.13252094675552495
0.09685526498512054 0.123020602088405
0.09074798987698736 0.11285260958032707
0.08999285965964936 0.11683654727639309
0.09869607196293605 0.12104099764667654
0.1303132234042573 0.17187532750006657
0.1337558462933328 0.16873498039753082
0.1132226650684936 0.1449199355309826
0.09002545851684883 0.120200974739265
0.14468629128656402 0.18388719456820585
0.08320736988856456 0.11279522785849434
0.11383141517610967 0.14143543356666557
0.13228545621437474 0.16676837677609188
0.11587904183561121 0.14967876444327874
0.09662770176025275 0.12743431729260182
0.13842617523009093 0.16918102096181645
0.10496585654152309 0.12888917652131054
0.08936950206956468 0.10686506432054893
0.10503911459215087 0.12948635053936686
0.14019471069658626 0.17784421404186576
0.08912693497867502 0.12449712753837146
0.14122980458167098 0.16989387291739186
0.09106320632613778 0.11487615856124238
0.09022038082534277 0.1109669995364552
0.14378471859546038 0.17660370595291344
0.14771678036785804 0.18665983837018257
0.1039945732161437 0.13311737774920895
0.15831465803358305 0.20064711077333375
0.0832442193140843 0.10428161074360189
0.10320373149851164 0.12809645162977032
0.10457576899800261 0.1346122225759493
0.10716106433670534 0.1407253813682961
0.11896177132594757 0.15391546896981598
0.13466441331985257 0.16541935967056656
0.12237638231042619 0.15654693046190596
0.1198173836955075 0.15213457717979484
0.145570112937745 0.17692132491375429
0.09157644584179132 0.11940945340626645
0.09860794167650606 0.12471136470952152
0.12511809158762152 0.1589085240524788
0.11949708623953056 0.15571009350819676
0.0966009266983885 0.12417758940719704
0.14456990376197523 0.188653819664671
0.10722963179042319 0.14296103420208875
0.15215284356168365 0.18605076765766004
0.11811663719533122 0.14520935411998584
0.08197473823157718 0.11272115423176488
0.11810308122791581 0.14873669834439948
0.08662208244513965 0.10893037531486745
0.1183455473600519 0.13368277062343617
0.11561272460320346 0.15326512114610874
0.09251237012346213 0.11253685216056927
0.10032545503153271 0.13255448108518128
0.12541552990878974 0.15581648124844774
0.09732247354792418 0.1252043750366996
0.11100517798344081 0.14353654746506517
0.09875956306316776 0.12899385496192547
0.08026711435274551 0.11287004209320185
0.09925409865530427 0.1295063348659662
0.1074367299431802 0.13749633295206667
0.10374760627547337 0.13417836199081443
0.11634499638895758 0.15681780345738378
0.08772021593997456 0.11521714457114816
0.09529677618678195 0.12410581523583553
0.11678461377305902 0.15247751139756371
0.12010605070028968 0.15812997471208037
0.11758623935850541 0.15782162154854915
0.09082719965222326 0.1218287682040122
0.10234321783498611 0.1349388074565911
0.14228763254011847 0.1762284680945359
0.1331991525898808 0.16626484535561015
0.10501258960309756 0.13730805297739612
0.10304534290832355 0.1313079549870869
0.12795992504487796 0.1512925432094821
0.10925735835069517 0.13743468737661163
0.11080380816806432 0.14524334661508737
0.08753943069102407 0.12057873791204698
0.09595865577646515 0.12212959479562649
0.11791512663438102 0.1464465086161075
0.14313079257594746 0.17894298657760524
0.12097510063154451 0.15188065973953602
0.1296815229225083 0.1594123428403093
0.09698250964549122 0.12716889629236944
0.08411204247193031 0.11485184763908048
0.0988598322150574 0.12804448536601368
0.10278531216630055 0.13792310222864548
0.11923096901346676 0.15400347408906012
0.08696094457145277 0.10956913279656016
0.08924002335076295 0.11089904621224146
0.11494278423693823 0.14765172483076497
0.09396134765105771 0.11950402001613752
0.10241696116586875 0.13020845393070016
0.12953360208152834 0.1662281781992669
0.11736977500066055 0.15583989524049557
0.12343807745593166 0.15424495418546272
0.11447702698972195 0.14378935328426448
0.09449206326572743 0.11326687652084197
0.09915839496695424 0.13465271330465586
0.1031635854484463 0.12984085718883473
0.09839032074779469 0.1309341842993774
0.10388872961439345 0.12631583474486846
0.1421853876392787 0.17824504542995714
0.11975482431056167 0.15731253362559047
0.11726517788963539 0.15297038624049888
0.13971515094978737 0.1763973766257938
0.12473371809677722 0.16187151258539464
0.10615161139173117 0.1318141876704443
0.15287422805668605 0.18726524611792839
0.12857897032993462 0.16230712213501772
0.10173734276694167 0.1311816501296951
0.11387067432898137 0.13853270636589432
0.11869197475651724 0.14636576015721475
0.14028470212629443 0.18129508022164142
0.12515324953134252 0.1609260675929718
0.09810006663210763 0.12876394759134266
0.13434413387716662 0.16954537933021221
0.1231168993985762 0.15750910597140336
0.14597779047708206 0.18272303206334256
0.11678172821999157 0.14656064200234398
0.13105018138909347 0.16637901236538222
0.12868215946727596 0.1541941228664246
0.12908152300146564 0.15398826007671393
0.10233199494471434 0.13924457889482175
0.11314144476363822 0.14658414514700935
0.12727507502004523 0.15214325794807573
0.12431467491807333 0.16226064053401149
0.10375167819052608 0.13582253915729764
0.10145073068938427 0.13653049919032728
0.09970963496446508 0.13156611899819556
0.11856425691738101 0.14862610253728611
0.10758330503644 0.14033769074923813
0.09449079668746357 0.13108336609046684
0.1309781186529621 0.17184367598258893
0.13124495584577872 0.16917819574747228
0.11944004514003405 0.16344144327733878
0.0855609157914933 0.11557721768416007
0.10842936042549516 0.1383723043788744
0.1205784707422392 0.1439742888018075
0.09200830443381333 0.11604363410687336
0.15840971917918334 0.20206995585975662
0.13939265477838414 0.17163813330324826
0.11867489924748693 0.15859392143560785
0.136987658942006 0.16819694169129681
0.094757078247177 0.128983459936733
0.10626203063434873 0.1422080193443454
0.13624669644627152 0.1710277449562493
0.12230027957240212 0.15469377945649845
0.10598329098912095 0.13457458478686038
0.09057509101116841 0.1170275661636571
0.10680189184850639 0.14078292640576467
0.12034254860331567 0.16460523592097812
0.09371762911590872 0.12601470132225598
0.1262236302083433 0.15870037762857503
0.10193459339126756 0.1330349953391588
0.14324834259904246 0.17355748418307823
0.11820872069690741 0.1472173866352317
0.10397151180494157 0.13338868197102582
0.10743177019048876 0.13697189959180076
0.12306783240316284 0.15388249400953777
0.12376733033828266 0.15346105719357445
0.09535912849595746 0.1254482396807872
0.08720901493183264 0.12336430764870461
0.09834300367713694 0.13705659069766998
0.09167054821277189 0.11698905068057226
0.09509681104073991 0.11799399473537196
0.10927922794414532 0.1405861883752015
0.11456856350518284 0.14385110687596434
0.09430521563844316 0.12518223079964474
0.13745871652795483 0.17853801485837914
0.12407238626096811 0.1641459978650195
0.11970089658941646 0.14334938198395192
0.10780993948388153 0.1324069102401074
0.11581272443215164 0.1436001140026617
0.12761854464854883 0.1555475856186308
0.07818977372426479 0.10604802398980619
0.0800157940799885 0.10613312612340203
0.09984043275911858 0.12838866301695515
0.10625397219764614 0.1423236773748634
0.12672192676268634 0.1541611809953515
0.14264224049280338 0.181703448102959
0.09587736604776888 0.12157049527547299
0.10772169588835635 0.13325767955510462
0.13767397038740808 0.1737592332097599
0.10970307121692689 0.14745384554413696
0.10502463836505108 0.13767339844355206
0.11803971270390015 0.14721571570961633
0.10938568459742809 0.13922937181413586
0.09799390010959769 0.1285996334380389
0.10715533378242552 0.13864467263644062
0.10500297954033104 0.14025598707440812
0.13481587751462673 0.15506235037341642
0.10078758719854737 0.13877022387073729
0.1018368620768016 0.1347935111096444
0.09098167599648976 0.122029628667047
0.11373100236112509 0.1480193691761721
0.08626763614172261 0.11857792984273989
0.12821011206650149 0.15581631289797523
0.09114186884158201 0.11949821548847188
0.08115441360686679 0.11173344601234679
0.11473763613297294 0.14709298118434816
0.14985454676048893 0.17767102084951195
0.1270167006897169 0.1620526775714639
0.09655949728959695 0.12198413412792698
0.10877762740963233 0.13589096589773447
0.09827338899872687 0.13282326779941836
0.1152603432229483 0.15036734015447972
0.11494979648349225 0.14130579547459574
0.1306039871572308 0.16257390460916457
0.10044567238332584 0.1326262878805017
0.11926962093561462 0.1522577418901798
0.09699346821054361 0.12316231151865573
0.12809000943705168 0.16499292979998625
0.1219029108407839 0.15016994394997096
0.10949882230213395 0.13504846179697522
0.13165224058568487 0.16233751426192283
0.12466399443600942 0.1549245264013678
0.1396234708779483 0.1737737750719609
0.11852533264794003 0.14947695231986122
0.10436574745023934 0.1327775915569944
0.11614375706924734 0.147433686246609
0.09041103132556666 0.12057692337138844
0.11534901159483696 0.14836895350439275
0.09121813162366339 0.12307455032236922
0.09083925741225499 0.11923004796348567
