0.2077287861266856 0.21334529609113814
0.23176372930515451 0.23804271814610012
0.19232027920884895 0.20063171051423265
0.24157214778818492 0.24593214401923577
0.216607332854669 0.22212861667929168
0.2029318006371516 0.209523831003886
0.22889906873719496 0.23953869528831212
0.20004661932838674 0.20429512647573878
0.22022154563247645 0.22896172180658264
0.2112608157925703 0.21837384931973755
0.22614442419445702 0.23167537918937764
0.20756067475180173 0.21329548011462315
0.21571193256135296 0.22167122944969514
0.22200139528370633 0.22169401004240138
0.19357266760568617 0.19958163350625588
0.2183118879702712 0.22065909811775547
0.20973729597001337 0.21876378479240557
0.2232771807095829 0.2338300754245601
0.20910626793522474 0.21813237092097199
0.2116488671743743 0.2164783286633858
0.2270998830350417 0.22400848193961606
0.2165243087116561 0.21729721734953714
0.2103501175613824 0.22026866144218474
0.2137395516646036 0.22311283014776973
0.21350030341216086 0.21929197441900974
0.22175735282841486 0.23430297535670944
0.22148284274970384 0.2249486413139178
0.2024981421941491 0.21480545413097107
0.21699112422256833 0.2251177883376215
0.224494381882114 0.22745815053946175
0.23568217213504308 0.23882530678006636
0.21858651436762425 0.21812752986091938
0.22199440401984627 0.22688421275598536
0.20157587412607209 0.20843217353625432
0.22346166136298262 0.22904625872467538
0.2068785856934223 0.2089906364362293
0.2286587655073685 0.23741547773135338
0.21840918780167862 0.2231700588884009
0.20112876244382583 0.20578389646056303
0.2095245923494941 0.21819658786843515
0.21228925921447278 0.22728737424220843
0.2153492883289125 0.21875682965884383
0.2325606208885103 0.23824033536847133
0.21699556361943664 0.22260517789394127
0.23093291471299135 0.23784426630584968
0.20356836545815674 0.21030976264045823
0.22353874757776482 0.2300156032448376
0.20544210714482744 0.21044743258829213
0.2336933151172334 0.23984912602445535
0.21151567367221005 0.2189432682040938
0.21249333632110057 0.21656633308652584
0.21255271635947426 0.22447813260114222
0.2307286460059796 0.23650047012928788
0.20487675994521604 0.20825435919505056
0.23608174107130186 0.23917146219347454
0.21040054112542692 0.2178620721871387
0.22888076584092812 0.23909550358176762
0.23316885304035456 0.240621583277081
0.22655375681698736 0.23610658086664937
0.23351195513654993 0.23765460446416425
0.21256892619489604 0.22141883675264792
0.21583520797 0.22884253023904363
0.22482392184016975 0.22451415928343438
0.20407228662916674 0.20958243066891502
0.20773106394395463 0.21758167257744074
0.20937226260673697 0.21130639092937534
0.21991624346024163 0.22581228237804327
0.21136956092972853 0.21748570569065315
0.23929812479069423 0.2417699421818223
0.21042747582678506 0.22288729044717218
0.20684779084869268 0.21527267410486844
0.21606867417091605 0.22980786489494243
0.2333676637683382 0.2424057248765186
0.2304019899444103 0.2405085270031406
0.21358762543945373 0.2228367135507363
0.22427446781040952 0.22646672229069273
0.21948340813850672 0.22316396037083738
0.2256171286423144 0.2245432193678701
0.22152920737600781 0.22339942472341265
0.22669532255489896 0.22994219530995677
0.2099283695680654 0.21782792473562235
0.22467825648896025 0.23550032736091442
0.23022638946224797 0.2274185609218852
0.22255245426434525 0.22588250732948
0.20318525332151635 0.21447165341212723
0.2046808183876194 0.20462263168799635
0.22818393750868962 0.22913881381841944
0.20909906655629396 0.22033060993618772
0.21890488136089412 0.22661244993830232
0.24051834231922326 0.2446148357100127
0.21819268705670328 0.21926945242468696
0.21786364941072575 0.22464027324177951
0.23669675672630122 0.2365888028838387
0.21792788359353488 0.21943944499781629
0.22071776834179205 0.2341962411393156
0.22480730300064306 0.22997930881417367
0.1995702524194784 0.20425095020000164
0.2112138085488997 0.2168224375386386
0.20599923395986877 0.2148781065849333
0.20588942024137802 0.21353890660580108
0.2238463893856781 0.2299333442604223
0.21351230448799882 0.21145640022611137
0.23107253511901954 0.2381602031697185
0.21791578668926642 0.22709072534018532
0.22160704185130772 0.2253379692072023
0.20173650953159078 0.20787918874594874
0.209267219110054 0.21659969697298823
0.22143501985818098 0.2314352305513894
0.21927897006847116 0.22130036077587067
0.19840385342500627 0.20296190970931702
0.21944795191668906 0.22688258131195824
0.2140545218278733 0.2119143908609463
0.23574103384471812 0.24467881760546142
0.23912616288954902 0.2498054757833178
0.2241794147474314 0.23755041288243164
0.22008422572957217 0.22746700166603728
0.2239697509961565 0.21853942207116775
0.2129045981416281 0.21886818729778304
0.22056154196894126 0.2293459147979032
0.21219235271538414 0.214092381792699
0.22723552015125473 0.23375138917881277
0.23451294962086644 0.24127915740788314
0.22158001510765415 0.22506183209686684
0.20959385827013363 0.22126436326668636
0.20622298600392494 0.2147637196820761
0.23189842684002954 0.23347428612966448
0.20489921880833467 0.20396634948369333
0.22266361019765812 0.23048444301952223
0.2561321337557208 0.26773544774082336
0.23679037000723488 0.23591408140720013
0.22880945958848684 0.2389620098242921
0.22249758128746677 0.21913124883970594
0.23743637796605105 0.2362330165205314
0.2084932333150982 0.21454975397055678
0.2270866803944615 0.23685223497015562
0.201864049298311 0.21146237407484572
0.24011518051548164 0.24815122199470785
0.20866373123840226 0.21417200429772282
0.21877117019877268 0.2243631110001641
0.2142661656190675 0.21993066497351457
0.22653404680938008 0.23283307203652312
0.2246313499450191 0.22806172288329596
0.2274889745710531 0.23045720984771978
0.20167662925117044 0.20779141120178748
0.22961260638948805 0.23378165491406067
0.2157050206778583 0.22267344411725626
0.2091332034252636 0.21765808347172852
0.2202152882031721 0.22402244692995898
0.2363012404230877 0.24096836449449674
0.23526807040197437 0.23784374778023573
0.22864383917452044 0.23447993634572956
0.2339844689550335 0.23854969916848362
0.22870651726238111 0.2336912943915751
0.21018743035177043 0.2186853569212683
0.20664390731760987 0.2193193543902609
0.24311688368679102 0.2492525507181312
0.20433688828032515 0.21585225164884042
0.22184172624508908 0.22875815656116139
0.2053828240730454 0.21440178222326672
0.20621474200503292 0.2121173130736474
0.21497980930255517 0.22113226687694323
0.1897144253266065 0.20363030468286336
0.2183352653815462 0.22251586182841326
0.2481202574755669 0.25000016293347793
0.21207307463510303 0.22152567568882037
0.21889530725959164 0.2322490252912364
0.2238159061835511 0.22227358011778567
0.20595232936680172 0.211952062693356
0.20870212445112887 0.21369401535922591
0.20250909678697787 0.2091033757633354
0.1942260121891981 0.2015519734337635
0.2079171580558597 0.2166433421651717
0.21451389201478266 0.22344699624939915
0.21605349760868778 0.22769835356198004
0.22339317544117623 0.22789850577634974
0.20596709645724898 0.2147447220727812
0.2238424794920038 0.23378330563750874
0.21551590749380176 0.22537998688445984
0.20761588183772442 0.21216753807640143
0.21660826893185053 0.22592673476408723
0.2529497636048011 0.255152429137304
0.22225764686793625 0.2288443053229753
0.21196200379036853 0.2215621340827801
0.22230061679121735 0.2291391143172066
0.22958149748700907 0.23511644700500084
0.23395574426137652 0.23452325395258544
0.22927571000040975 0.2298178190530863
0.23793643061942557 0.24202609241507203
0.22055825414166103 0.2199878760901394
0.24482311123088507 0.2514946163289044
0.23282742626610986 0.24031670919955977
0.2201821288107475 0.22384253779535165
0.2255227721935693 0.22809865951811553
0.23507394882192847 0.2415655029406779
0.2254370310198744 0.23807216066634498
0.2208117443145859 0.2278349818082063
0.22801888433637216 0.23619859487159503
0.22230164500501282 0.22049394265868835
0.22953550183422572 0.23451575619569118
0.234374427446944 0.24665797862954092
0.21913632265029562 0.22659706414383968
0.23165874736665382 0.24206623019251414
0.2287332325382019 0.2366293504242975
0.2128301359735724 0.2101820644181079
0.21730999345691993 0.2161009816604866
0.20896283970113036 0.21129790654117045
0.23131402871098114 0.23217844773178725
0.20867455301885315 0.20959636149832117
0.22468425659237007 0.23511829069583168
0.20850309748369378 0.21771544974829277
0.21555451374074686 0.2205320281641977
0.21690616694445097 0.2211618614891259
0.2123668394639937 0.21078099907413514
0.2161165756602835 0.22113470430813664
0.2021126973049454 0.20120733845803482
0.23703481151348665 0.24488104827189533
0.22111574822598679 0.22787860728745193
0.1984673369033913 0.20770032451465523
0.22155230554409147 0.2193872199890302
0.2149289352172893 0.21272035793418237
0.2113469341431934 0.2205734488430358
0.22848346834330063 0.235366552332187
0.21934094534406617 0.2283580052336596
0.21177904285963386 0.22057782686389557
0.243745422611707 0.2503129811472694
0.2135278755760301 0.22151151697400956
0.230338040914941 0.2404635598696198
0.23183732882117922 0.24085107033369074
0.21243020050917652 0.22193453054734158
0.23552225995759726 0.2401655421972844
0.21263674610007627 0.21658805527007396
0.21624090396335643 0.22344125873274048
0.22628836177968606 0.2331230743106123
0.21581315504687737 0.22248485485177927
0.21201523119377835 0.21525467071950466
0.2006662360166598 0.20642147655636683
0.21809822906165216 0.23063971660121318
0.20997966109977748 0.21729230836080174
0.2189585751441902 0.2256305830269206
0.2070191204769613 0.21084559222474436
0.22303986239632692 0.22855294395387496
0.23348042370924355 0.2411388363560384
0.21559726771048782 0.22492536585184694
0.20896768266875115 0.21144051943099645
0.22170088140673205 0.23323506027428326
0.22554524923315464 0.23889413922966898
0.23249888622972323 0.24108032554120787
0.22205229327577777 0.2238921612023012
0.21536614525597728 0.21703003154491576
0.2062357546118301 0.20809926258347297
0.2291918312961917 0.23774654863408815
0.1905266546225772 0.19331136265885074
0.2138052789230598 0.22443629680781957
0.22506246711759786 0.22715354666012835
0.2437324777865296 0.24415310854530534
0.20304909284283212 0.208462143478358
0.23499266085273027 0.24208511872968375
0.22718104187944801 0.23243254338635755
0.2179679582717814 0.22517233952741167
0.2262048293721088 0.2319147140982457
0.19930989371407287 0.2027344362405457
0.24107515635341456 0.24549292986775795
0.2154455947091202 0.22738097809762878
0.21367325269786958 0.22257193141074746
0.22536412933743696 0.23176610055978805
0.21426879971245477 0.22053361235847796
0.21122969672836767 0.21764124043658445
0.20673587651473746 0.20921639385699312
0.2190310869551072 0.22544801554487345
0.21489897752063242 0.21598381175280235
0.2197447049809975 0.22524357769807438
0.2182102645538062 0.22657924823707518
0.24934021689149385 0.25573288673367045
0.22535050284006772 0.22829335347373597
0.2288741312032906 0.23861100879294192
0.25448406155889713 0.2653800315655181
0.22349980113394322 0.2262628675039206
0.21833702117868903 0.22576250992364533
0.21037387384485184 0.22083997457028592
0.24231993435968274 0.24817253157700497
0.2007111315954576 0.20328515216042398
0.2216339803460338 0.22501777263743192
0.2062808592015934 0.2092091234349894
0.21032197663910074 0.22400815322778272
0.2265122086342992 0.23005187176926245
0.23207078639485418 0.24461277106483093
0.23543382676333893 0.24176904696669524
0.23681965261869278 0.24460337547032854
0.20231653385998324 0.2044239337390955
0.20056104659927987 0.20956542475894532
0.21635495999407378 0.22445964937403176
0.2076569855094008 0.21447371226629716
0.22863907355231083 0.23000910032949057
0.23695477046624544 0.24361260978873803
0.21814633777950163 0.21752440549981086
0.21734826799974236 0.22268914798588435
0.2216481430551763 0.22885774768310074
0.2183856895623952 0.22512371160986985
0.23167452053948795 0.23679911263269943
0.2230550328841378 0.2281274045948774
0.20907090073286724 0.21738821241943626
0.2212249987040108 0.22313055053086803
0.21531730058685866 0.22541363257267907
0.22612917875787378 0.23572436043771794
0.19852267232136908 0.20199642603606915
0.21687283345516598 0.22390795805634417
0.21026426474038168 0.22076087861905955
0.23253366146767132 0.2395390445782435
0.21856411795769246 0.22361368125016534
0.2130626900127875 0.2217595043432368
0.2170465927213418 0.22280406968644564
0.2121655718351262 0.21881160692796997
0.20392922954029208 0.209348113508666
0.21685072969158087 0.22410500521077412
0.23624451757714787 0.23865541485989908
0.22587877593795638 0.22934998278523783
0.21143261171288674 0.21847046707101267
0.19551780621237672 0.20348568645516404
0.21476790624200004 0.22431474418976882
0.20246631731877152 0.20932267053625783
0.22029662709945586 0.22378612553487162
0.20795269694726004 0.21712898266775582
0.233375253733451 0.2357144932904536
0.24354381287625848 0.2553076450311955
0.22860374242754872 0.23311389191734957
0.22153128335066552 0.23117960025685216
0.2127019985429066 0.21934904318101656
0.20906929409758204 0.21737495240146942
0.20670324884382557 0.2115602733430074
0.21645207123474006 0.2157839691282096
0.21131889858900657 0.22332722473069694
0.2130184624877037 0.21315001829142133
0.2228814403321338 0.2226291998300766
0.2234481040997466 0.23229094002199147
0.21606002215902403 0.22559743220168624
0.2091405836792969 0.21064525604899637
0.20646503843338054 0.2195839133047281
0.2132515106234555 0.22062237790268166
0.2152995477242004 0.2238271439341091
0.20807710354668954 0.21531808773463446
0.20299378254192518 0.21623719186687207
0.20853185283812112 0.21396388684134296
0.22358123195695828 0.23082357206800855
0.23424910362944423 0.24172773621066998
0.23296757898137968 0.24334865897439445
0.21705064930420764 0.22994418671476557
0.22078346703107735 0.22275087973438026
0.19741235857963463 0.20549646160903284
0.21557812879576127 0.21935379955597123
0.22576079657744888 0.22659950620543184
0.21071656125713575 0.21963332994423282
0.21784837769836835 0.226816780885765
0.23816594403410724 0.24713962619393545
0.1998765869977985 0.20211715672138114
0.2226252912605197 0.22846529844011348
0.2257679551260012 0.2300360704294531
0.22136483615506172 0.22512472507651332
0.21096468459520806 0.22023928550666813
0.2165664329727413 0.21430360081335809
0.20341669400558426 0.21077480655073405
0.22402118381329403 0.22115386665365128
0.22930039147272857 0.23117267659881569
0.20432561990785095 0.21584675242795867
0.21871206178487732 0.22713393796160308
0.21277838456725637 0.21762807756811134
0.2322935970182958 0.2351481022878582
0.2095961237219945 0.210357133970627
0.1974674478723358 0.20057151506210008
0.23156292745319193 0.23937910573527568
0.20905417517779262 0.20646623292479885
0.19876285632495777 0.20140509336114668
0.215935224138933 0.21631421431569398
0.20127329636167976 0.20620126006541892
0.2145443659798946 0.21575699836777293
0.24197724408631244 0.2465497389449253
0.2132248047758088 0.22126948029633148
0.22349407113701797 0.22856484580783398
0.21090534095816368 0.21663777187337732
0.23568559388436555 0.2399070906043259
0.22457189069667255 0.2327470831102147
0.23960778087827356 0.24773810549815778
0.21449610882345752 0.22076332749029673
0.24443554456958907 0.25279450902407435
0.22199406128999868 0.22790244029978593
0.21089891152547702 0.21610561031716916
0.22600202670110514 0.22843505567757533
0.21934306003461687 0.2233293323275816
0.2273657887301237 0.2358596491837792
0.23251409164477124 0.22935442958218838
0.22529207942673252 0.23161693616773404
0.2174131692252563 0.2299669626125146
0.1985093072166556 0.20782115427399273
0.2253889634334245 0.237077654648986
0.23981053759802834 0.2449990825549567
0.2320284500438388 0.23735980607007742
0.226870341735848 0.23106849177900163
0.2314244804659878 0.2357397465919985
0.211819974753977 0.22050411927046845
0.2358443680041905 0.24230013772369438
0.2310833938563512 0.23587777388927797
