0.08211729507661801 0.08640108707344284
0.11283282262242648 0.1192309656563949
0.06346176151075777 0.07190371880605538
0.11250348269643827 0.11651673025758101
0.09573545852304585 0.10028680990613263
0.08466290925031993 0.08929181252282418
0.10387656234773708 0.11227458173527585
0.07692786713719632 0.07629847191875958
0.09927550512403475 0.10321069168316102
0.08367137130327928 0.0894227874938435
0.0992872447166673 0.10507606463706004
0.07831887588281257 0.08326833610582507
0.08015055693479822 0.08525442516807931
0.09679292735279557 0.09966318999572718
0.07321349430729 0.07818991600001755
0.0816471931278612 0.08665440455681615
0.08216911349553929 0.09090818226179302
0.10465247405125985 0.11157629737053475
0.08616780613246322 0.09499261322038798
0.0798545464866802 0.08325271849776705
0.11052058106731076 0.10951323656023246
0.08751058362982903 0.08891846778158398
0.08963053622405279 0.09650181155503243
0.09915405169494254 0.10505757853714055
0.0875488777602591 0.08924168642630959
0.08298454250486298 0.09213538722837411
0.08920074812237723 0.09360163589029358
0.07199896649763986 0.08158558912796855
0.09597289101724897 0.10164762306912013
0.08772646384967563 0.09052683981736283
0.10808434498741398 0.10977537874543632
0.0870616323045721 0.08534994557822086
0.10750228560497993 0.11189417754642923
0.07077108743975466 0.0767204633507383
0.10896051087055755 0.11512447954943357
0.08903425029161056 0.09050569431917095
0.09507190845656122 0.10090732450147581
0.08057678660371323 0.08288888770651721
0.08357641709771214 0.0891308921453505
0.07713057099936516 0.08198325597695941
0.09105577028339401 0.0995697148402458
0.0905881294657182 0.09524845198363106
0.12018921040680547 0.12791247902154035
0.09676691547633202 0.0998668662509448
0.09845646596126946 0.10115063073936235
0.0792474971458526 0.0831478692451953
0.11011842160603795 0.11464596143289711
0.07917169464072049 0.08441855159405125
0.10224101495151716 0.11155233342143685
0.08350455025901404 0.08828673319622787
0.09327006468160189 0.09810222924195186
0.09127035385055407 0.09797318910333867
0.11003841890652631 0.11279832506880486
0.08136308676986728 0.08581534608909813
0.10591590615196679 0.10895328351028652
0.08260225814502035 0.08900734277329632
0.10875351698950886 0.1174211305543285
0.11042046330503591 0.11322076233506417
0.11701086878922298 0.12414351281918215
0.10362364375243564 0.11043115349772376
0.08373132010567856 0.0905130272216266
0.09066372622250386 0.09700099778303412
0.09734417710739121 0.09764582959034315
0.08318688572521993 0.08959607451461375
0.07713219946844795 0.08520243041003048
0.07827529317585159 0.0834635111627873
0.09854945110109492 0.1048044486941212
0.07618217205448119 0.08104920996204533
0.1084538326210228 0.11027496870817315
0.08782497161777149 0.0938494550588232
0.08565970093947084 0.08960358581842418
0.09392571399592743 0.10455446470621572
0.10546534107418798 0.1153106689758486
0.09718041965245634 0.10498384867616262
0.09382508486712322 0.09798319714538092
0.10485529307279373 0.10952917908651895
0.08570682483150031 0.09162580346219387
0.09343310777286201 0.09264295205430519
0.10670266699961824 0.1077345298522811
0.11663813531970178 0.12210253098515365
0.09503678959487515 0.10212835783995772
0.09899340767537809 0.10515625157736923
0.10974474708253316 0.10855637031697449
0.09758487681342748 0.10304730064224069
0.09713418789422182 0.10234638379299152
0.0723497070457621 0.07454344195974823
0.10577291268458999 0.10896431788264926
0.08178920893821408 0.09244713586043876
0.09768715151332155 0.1022092285310647
0.1276407640928157 0.13103524142412895
0.08959824287504488 0.09180036707013241
0.08927487602589208 0.09408576776593702
0.11349328046490507 0.1130075763236134
0.08722259733391882 0.08866311344445175
0.08500858159530755 0.0955537768923462
0.08822628699262319 0.08913668715582207
0.07954365019970253 0.08751620795126243
0.07546539336349306 0.0775056228016771
0.08387601138202265 0.09342948376644172
0.08452276346694142 0.09288683380178518
0.09585970972627794 0.09897724410434257
0.08652595567934866 0.08787720486727514
0.10622671528361506 0.11472938722768543
0.09537975282294633 0.10451994709010885
0.0990162912538068 0.10296848699613627
0.07303198340539944 0.07598532009273253
0.08441561409471876 0.09243748591429307
0.09779005197913429 0.10603519356812004
0.08468596733745011 0.0864865908279172
0.07154021229278393 0.07376904675322316
0.08550352105694635 0.09105442661012875
0.09068125722069871 0.09315736305077994
0.10773372879463777 0.11573308511317204
0.11166092674067551 0.12033368403579046
0.09720631791696281 0.10584402443983558
0.09355423424850012 0.10142191411551991
0.09802354039885781 0.09574064871952226
0.08826672260863627 0.09418362291226659
0.09080934408507875 0.09640127873250168
0.09356282242714967 0.09627703314710885
0.1055888518560677 0.11328850557773355
0.10062744434878186 0.10401485779696085
0.09996672911977438 0.10457842979873969
0.09144130454333156 0.09749848175663241
0.08658090161865242 0.09217592671852042
0.10744761889444483 0.11109467155809935
0.07542466222079741 0.07747233174320432
0.09180777281827268 0.09842905257374106
0.12499478347243743 0.13577210638026688
0.1059048470205222 0.1104488732150945
0.1073247682141721 0.11430302628222522
0.08504811122168845 0.08300548386134315
0.10705524129363402 0.11197123695119206
0.08135349525289573 0.08478600423547268
0.09572771321068461 0.10479339635269758
0.07118016443730264 0.07607833590163023
0.12657817967390517 0.13284866490574232
0.09223582798205923 0.0937290875085675
0.11536236234541504 0.120971948347922
0.09887988570058401 0.10433644472155564
0.09906457065933644 0.1075225643154492
0.1045528734487023 0.10926603563360718
0.10552585406368567 0.10866484465748631
0.08159121896804221 0.08730098297776961
0.09648026031014573 0.10155080284258988
0.10036473614743484 0.10482452840525663
0.0779219447284454 0.08900451218579884
0.08959423195775391 0.09294569836556879
0.11815435161014098 0.1234464319801102
0.1103823485339849 0.11023770989755581
0.09936159657436203 0.10422846206094839
0.09864286989830404 0.10355479512695014
0.10998113254728986 0.11237938489495825
0.0867227605178589 0.09473010945065911
0.07472626153359553 0.08301591942209857
0.11591529273785059 0.12301437012396822
0.09410658389133916 0.10422386270342111
0.10389891417094343 0.11060391000553167
0.08762455312413225 0.09580691151437695
0.089103154141939 0.0924474228685539
0.08486762891814216 0.08870485457354554
0.061250291840509584 0.0693392357895389
0.09547359176446996 0.10188950378492362
0.12221494465631604 0.12859193474630307
0.08529056282288648 0.09167271553610995
0.10340804081878738 0.1130010665945871
0.09060359915089095 0.089890911331659
0.08119371988923316 0.0883638343615956
0.07895309342221123 0.0849880182375913
0.07458326789245036 0.08126641630075274
0.0658074204238535 0.07127453916762441
0.08526630969434072 0.09310566911853005
0.0898690256869729 0.09455275183757643
0.09211737720250493 0.10370415457736584
0.09927643933582123 0.10279689958466155
0.07282769502682576 0.08008418363717766
0.09684030799676628 0.10325168917880384
0.09521409832152221 0.10171596527434103
0.08300880351644685 0.08649311008592063
0.09171574630201908 0.09837235251020274
0.12960284125820526 0.13100255744609987
0.09083924272084984 0.0959900547732189
0.08088428650262577 0.08911874643813224
0.09904776787273119 0.10699523414544758
0.10083574010660096 0.10470219927937355
0.10422682415513813 0.10578523067881263
0.10303699386097377 0.10462769410382182
0.12286494437535146 0.12793114252465201
0.08336123793473374 0.08682840869662957
0.1342020053639306 0.1440237072863495
0.10398856293544043 0.11027576846546595
0.09521790086662776 0.10083243938053944
0.10904798381355696 0.10931136552292457
0.11035887146977152 0.11407890920959561
0.0893233983618425 0.09816047962864993
0.09416267431499399 0.10075080662342895
0.09339620322146472 0.09876444218813557
0.09558758157934712 0.09744932826284396
0.09301825303724821 0.09904144002486391
0.1202401583303299 0.12982621121435314
0.0892473237603526 0.09474747459232212
0.1079251547909565 0.11629274109315904
0.09872240745884703 0.10630715342944781
0.08474992148909201 0.08603067441769269
0.10312856454912114 0.10492280525538179
0.09181579131946387 0.09274800106352386
0.10188997102387218 0.10485574559751283
0.07895579983427495 0.07970036647080153
0.1046747805237656 0.11601376371877008
0.0700643430210669 0.07831762433586648
0.08970177805485188 0.09471129326880358
0.09844761049099582 0.10251206810774134
0.07688663625441487 0.07780881378755289
0.09073953313037562 0.09591279894936933
0.07450079781820483 0.0745472800784215
0.11452079139412295 0.12052834691176785
0.09304407403880385 0.09964270966878301
0.0690950091256992 0.07472541966732407
0.08566265692483477 0.0857004165690567
0.08490184610876328 0.08582340847863536
0.10225705241611217 0.11130377408718563
0.11725693871953942 0.12385345990347178
0.09840253698240484 0.10493526868024565
0.08453265682453934 0.08950152191287042
0.13311034570911615 0.13956176287498112
0.08336212269750115 0.08623588607896221
0.10422974203019847 0.11245544706686206
0.11470528099755938 0.122846803122319
0.08070456894064243 0.08959932641341961
0.1149326867066999 0.12205557940938193
0.09359558485052874 0.09753970019060167
0.09046866253818966 0.09716394159635489
0.10806874645890192 0.11456589342389852
0.09309632470692071 0.09814574556084417
0.07856058683465778 0.08033847584558933
0.08176607064318481 0.08696722735274207
0.10116077435383942 0.10772978736353044
0.08932176610558293 0.09595827742606294
0.09946119581774984 0.10315076602724675
0.07882586106243518 0.08334963937516503
0.11096561358776841 0.11588624036948997
0.09767631112477827 0.10183430776389762
0.08852919886484617 0.09539778959273204
0.07646346154128707 0.08146106654198833
0.09202873398233957 0.10158626727872676
0.09610802653115191 0.10813817150093478
0.10668935095159947 0.11436443506144431
0.10012282456804816 0.10437948121100209
0.08909633530229491 0.09490764647282386
0.07577274480826289 0.07546662413089054
0.09658160167248461 0.10515739980113377
0.06077843737886735 0.06431303406026616
0.10746893582452935 0.11816036380770391
0.08603482888947704 0.08522098674692495
0.11928554645477912 0.12139261028025403
0.07899241695457665 0.08294680534723924
0.12407393770458326 0.13063364618828402
0.09514124496983832 0.10055011979265895
0.099782790689072 0.10566917682382385
0.09724215309243832 0.10289182273392032
0.07940050224546451 0.0825137188259885
0.12397563442512673 0.13310755010698874
0.09585172990310949 0.10621720911172165
0.09543028250484059 0.10263846687601112
0.08779198891727892 0.09265695605089462
0.09613884859853185 0.10066891626820901
0.09163565803362256 0.09550735703562628
0.08639403013678465 0.08879568322572136
0.09550192061958544 0.10226784267109124
0.08401228212526743 0.0879579206822992
0.09766572230900435 0.10562212788821786
0.10271002996441553 0.10799320611817728
0.13440651563747283 0.14207858290299466
0.08795220903472521 0.09069028707729318
0.1055751339258962 0.11092669610526855
0.12439855626377959 0.13211312353467164
0.09718216813727813 0.10116585355067723
0.08800820544805239 0.09491649284553168
0.07869134856315052 0.08645319086296072
0.11468861432959968 0.12107082444077359
0.07643864825946345 0.07881729228781376
0.10181217249055524 0.10528609712590148
0.07625672886139923 0.07791625345212656
0.0848731655695547 0.09139275911824897
0.1106688932904136 0.11644157665458953
0.10824275479183103 0.11828381427236839
0.11624568853242323 0.11927789302419582
0.12069795033328751 0.12662906964094303
0.08659853514235784 0.08860697161342611
0.07666712692221034 0.08451459717198118
0.09269388689857769 0.0999371038429091
0.09774177088988485 0.10326376411134901
0.10745691850672355 0.1100947084701304
0.10765572702446757 0.11650246095995988
0.09255343326980627 0.0902661363767101
0.09458694601209712 0.09770745999470877
0.09595273897557845 0.10466399798548386
0.1057822830765774 0.10911341465449428
0.11444491171050065 0.12069579853173101
0.0962752197000116 0.10041615126345559
0.08745538600727001 0.09430883272863477
0.10023780299405917 0.10248974734413614
0.0954721805709747 0.10354502239644336
0.10227606331808158 0.10882349874222805
0.07378583880649735 0.07818488896303304
0.08255613931348889 0.08899212813282488
0.08502826930858047 0.09193654572606481
0.11130931462288543 0.11630924893302166
0.08909202706182541 0.0938343016453653
0.0829911470044153 0.0885000336383448
0.09111062501407936 0.09719195763756693
0.07904861671831521 0.08715558438922154
0.0843099743989154 0.08942277815927163
0.09291864513579892 0.09860110892712264
0.11604826247176057 0.1214010623508052
0.10035609667308897 0.1011254494048697
0.08485661718702452 0.09046829609999274
0.07358445480871237 0.07742512706427937
0.09270159145549489 0.10247959698108018
0.08872206971740271 0.09579905585010444
0.09975493376177685 0.10302476200925574
0.0786124629217152 0.08283081771648505
0.10965549933204645 0.10991162481256835
0.11729849533197301 0.12535859250027478
0.1129988220163632 0.11801156527374844
0.09954137995111001 0.10860293917730589
0.0898497324342889 0.0950717939575337
0.08628639252464917 0.09046387255592019
0.07495788004182553 0.08132126912250934
0.08343685343413063 0.08539995773738623
0.0811442553736245 0.09018171140105684
0.09182629956997272 0.092027391738269
0.10156606398770097 0.10018440806367937
0.1001539483138893 0.10865874113379248
0.10044612518445903 0.10519535135160468
0.07751711875331743 0.07782494631569806
0.07198390985332011 0.07654979697079245
0.09623696533862852 0.10102064050905472
0.0799585146145106 0.08717753100811021
0.0741080333602099 0.08029616936242734
0.08390146972091397 0.0943585861177121
0.08601601581508314 0.09004294370846146
0.10210961780795844 0.10922659569392958
0.10640558470658414 0.11360078513838813
0.11049901860415981 0.1176053800262886
0.09065175584236715 0.0995954876421669
0.08471829490354253 0.09163698149278493
0.07243286343461801 0.07755394582407793
0.0801342664410512 0.08439591095874201
0.10997648346440489 0.11122318388189147
0.08334386717357377 0.0932063828678664
0.10168423320371776 0.10703088606003894
0.10841139705895918 0.11635493111310637
0.07154532647181204 0.07351176119151387
0.09358537899842119 0.09912692573967943
0.11838044849882301 0.12210083039525231
0.09527263145253476 0.09648674733817321
0.09652316470132398 0.10145168719186246
0.08925405771740025 0.08925679151317441
0.0913613203514559 0.09590516805384523
0.10965717592155534 0.11034035602409459
0.09608535415658995 0.09716751106901472
0.08139264555348372 0.08946347021962048
0.09480625220907442 0.09760102980517733
0.09519658455971822 0.09834059297630979
0.099331802679269 0.10040242515059633
0.0842020940825485 0.08578711659721985
0.06583679232314857 0.07098246838052094
0.12312886334029388 0.1282568749188706
0.08454006654758033 0.08401349200138665
0.0656724055734911 0.06707515644606225
0.09569722528348101 0.0988081967237165
0.06877986559272804 0.07343382220247889
0.08129278765444026 0.08298381028527319
0.13564221032325158 0.14459127786909223
0.09004904508233766 0.10037487392947855
0.09796359606651156 0.10296980581597359
0.07731318956380816 0.08141667020029288
0.10479720694456077 0.11361530837453254
0.09891504466278911 0.10360248867964783
0.11526643092813957 0.12139757455391706
0.09256012118921596 0.09995141896974076
0.10831204185596478 0.11807259494200784
0.08405739541321557 0.09146922405581347
0.08003114038549933 0.0807435522108891
0.11161904200990541 0.11385198318579585
0.09535852947781029 0.10220394088695077
0.0953095514541786 0.10272403540609139
0.10274378937734563 0.10040737265686858
0.1020813657256118 0.10978835597042667
0.09591398843932115 0.10307685310280167
0.06560990715962509 0.07310785446196184
0.10261816348202962 0.11082505491945555
0.1008457277201726 0.10482148703051426
0.10512357471241597 0.11162932717111339
0.10330405962591632 0.10545463361053209
0.11251366578178819 0.11786474930693934
0.09035382316899465 0.09881401095941589
0.11123108877465392 0.11520613602530162
0.09690779847046196 0.10356800275775704
