0.2736038623692064 0.3435828007069535
0.2853850206412496 0.36603890347771934
0.27469820378125664 0.3529781049007553
0.26040969209177883 0.3384085651157646
0.280450744608236 0.35861831586318776
0.2782856695980676 0.365784080542565
0.2704310492313778 0.3447586791560254
0.2683286492238111 0.3506447050944407
0.28406739754098 0.35565884869530673
0.27944790761077326 0.35956579079024925
0.28932400930702373 0.3611525034947072
0.28943707145144126 0.35428673007207473
0.29578058764478143 0.3630776491007635
0.2812874699542307 0.3467366026716927
0.2700344341449192 0.3301407976350045
0.2563440271951824 0.3382035906979941
0.26828571150933467 0.33898433332618366
0.2888493958305113 0.3682024021775421
0.26576936513756005 0.34217021505159523
0.26229223749352915 0.33218469972117853
0.276729119254996 0.36165404130216816
0.2734611169375396 0.34663966148923114
0.26615318105848934 0.35244400584462426
0.27633099760223884 0.3556300141654762
0.2847758200966876 0.35669398125006463
0.2715506366520808 0.3485921639878398
0.2835279260453132 0.3622444371776387
0.29354669443315407 0.38127950824935897
0.2789849649580608 0.33873289218277
0.27661568548595417 0.3492351414496863
0.2800194160265938 0.36362110869919895
0.2672476667428311 0.33741246028543304
0.26727679840581214 0.35114534246232376
0.2947034178422581 0.36281261817722454
0.29038745632446167 0.35994700443226585
0.2779035838975335 0.36122647496376886
0.2791727875570795 0.35348861746259524
0.27264066706462486 0.34537940996099936
0.2810500888184801 0.3598623749275634
0.2942607510610735 0.36771200643355756
0.27184087783832156 0.3511798504326634
0.2786701303100961 0.34043086901826
0.27769638630228516 0.3710855666531829
0.26556183533278355 0.3541994512142063
0.28013041009776785 0.3543254324179456
0.28237671197500863 0.3596559615249164
0.2665555624735955 0.34244372141021356
0.2867629174037256 0.3594962509881498
0.2904372728786421 0.3665948567566608
0.28042305999008493 0.36961514239232596
0.2857694208218155 0.36210470144410467
0.2704689564378662 0.348557162609002
0.2780858412798072 0.36588619855239
0.2621353339311795 0.33461111919734937
0.27416596325356274 0.34116808360405526
0.2378879218532806 0.3042874171439121
0.2901795407414495 0.3648952185551499
0.26577642102844695 0.3494284656163302
0.2712780263237041 0.3464464775994726
0.26131552740650876 0.35122070182901166
0.26588963998788817 0.3327150671419086
0.26555351942309635 0.35595039550740754
0.28289179295889366 0.3552230717930577
0.29858180810564194 0.393245853789022
0.2709349036252379 0.3448072562072969
0.2745071836947125 0.3550576918805959
0.2901971429632721 0.3721951680807368
0.2719415046580318 0.35165600716910406
0.2797839781643725 0.3574095064751559
0.28060277270478384 0.3632797018985005
0.26902601324515196 0.3433223522550408
0.2577691499798 0.33774246562910776
0.28615210351977144 0.36279930588434484
0.2682794511759968 0.3483983533719546
0.26508602532698833 0.33379714767081936
0.252467823856404 0.32975935485162905
0.2932417154210986 0.35817509733995345
0.26421195290468574 0.3557949037738689
0.2743315393884475 0.36193600890108
0.28814682236342326 0.37240341329654536
0.2890737361782459 0.3571895105400029
0.2703456615875978 0.35098235126734356
0.2505038375293507 0.34037183429323803
0.28568401680275773 0.3588629665832605
0.2966486313246106 0.36279873384965766
0.2813222685904545 0.35554307586047373
0.28097288818307414 0.3512545202499501
0.27456436399895556 0.3562266447607857
0.2832593098750031 0.36544027814295943
0.28393853152028037 0.3590104503613588
0.26847845868380116 0.34552021398833144
0.2585111627404998 0.33945315009121263
0.2731021901812419 0.3407582479883515
0.25956025460988785 0.3268135377169088
0.27736804276642363 0.3581815308724329
0.2644348090427644 0.3385281483846126
0.28095352413540625 0.3492925327665883
0.27104791697040187 0.34997001618909634
0.2821819700118627 0.34543804240332443
0.27994951913561744 0.3481471693790228
0.2996848814422532 0.3908978923159614
0.28056890568601095 0.3607983435014449
0.27166733842160556 0.3582677941747365
0.27244982160646336 0.35224801411468254
0.2617350261118091 0.34551363054367673
0.2718191760143954 0.35213001332846433
0.28628736974257324 0.35913955594986036
0.26908100407630486 0.3408326078966624
0.2724320412544769 0.34494285932797764
0.28163126908451475 0.35379856274240706
0.2664900980477726 0.3372796580662221
0.28393567494354194 0.364970079691559
0.2590956924896567 0.3389421772473613
0.2812346260187123 0.358563311472244
0.27963946947609886 0.3447932872328187
0.2874438689977196 0.358776273975967
0.2785703057083974 0.3649832857026032
0.2783083953867022 0.3475068420452224
0.28577503524684944 0.35618393267228604
0.3099796507833732 0.3724737090038871
0.2915038110712369 0.37049167891172097
0.2653941686233258 0.3429655370319748
0.2862986251870669 0.3621032755183405
0.2849599147347396 0.3686985155705448
0.26247996946741786 0.3355974575737015
0.2702652698383572 0.3530859595643641
0.25176687261154634 0.33128420953952376
0.30465856102080513 0.38300568624970616
0.2669534075994822 0.3485723359622693
0.26575649256315725 0.34078192661724255
0.2659030848961374 0.34936816777124524
0.2813850178952803 0.3480882577917487
0.2818841051993332 0.36664197517854485
0.28003610614309693 0.35248694629578986
0.2665247187716135 0.3510459979113447
0.2791117852552533 0.35046424407493304
0.28368209462863986 0.3626433319450389
0.310117780236224 0.385649819255424
0.26553410781323816 0.34792379435732484
0.2795485915500534 0.36952783309580284
0.2700677496256286 0.34047879835261907
0.2831149718471793 0.3611604876257369
0.2954566221246744 0.3663557363792033
0.24962835374629402 0.3255644301964176
0.267556645416769 0.3488643295077965
0.28776318486475755 0.3559772754992927
0.2699637356943376 0.3403014569814386
0.28428847766317444 0.36192060855530833
0.27489782639525906 0.339551018380285
0.24981494203730628 0.33648365140025915
0.28821417590637716 0.3597098193882065
0.26715936316622785 0.3491034494910043
0.2763276264013804 0.34840896757084167
0.27303154013329195 0.35384494174902503
0.2664734451361388 0.34116907785690914
0.2762372399549833 0.35466455828927035
0.2794246543764416 0.36473556638961036
0.30658604022809 0.3719567879148458
0.2735181476652208 0.3520362244243465
0.27621384130387205 0.34914788524372853
0.2700270079212526 0.3507007440241796
0.2686992752791727 0.34540607069051116
0.2696178807976565 0.35934704055689815
0.263823063080235 0.3459608159797731
0.27060453216479874 0.35659821177985207
0.2623776284395967 0.343622280839638
0.2723952315922229 0.36912063601539086
0.28997933118810304 0.3631613714495772
0.2847007399912469 0.36359846265512086
0.2814577756382835 0.35241127148576673
0.28257847420085813 0.35582606199710287
0.26962300379869136 0.35129940738248666
0.2747335138619886 0.35664267032811486
0.26668377706054797 0.3368803531100904
0.2845413689210195 0.35266663925600383
0.28608927647179533 0.35609606420262147
0.2904065735710078 0.36746920818900697
0.2706898557279444 0.3387723425615651
0.26718908013016457 0.3421083139527971
0.29138837707066395 0.3670475086633639
0.2547921245708808 0.32898668178042606
0.27817905854404545 0.3467800298733092
0.26640219362632855 0.34247993667817156
0.2634748019643263 0.33143956330033464
0.286596461705508 0.3668259457502071
0.2622690719953646 0.34905982416106063
0.2672418388869438 0.3428200181090931
0.28419511375032913 0.3515300935441409
0.2684978412386019 0.35426596649875325
0.2921996514454477 0.3670157421677402
0.2816440511933844 0.3568837966771718
0.2920651865115146 0.36736243847998096
0.25550223852225784 0.31792977196407446
0.28527859151761387 0.3705520377175318
0.2972169630863381 0.3712342451816124
0.29888715693909973 0.389427351004575
0.2663987357305176 0.3478572425850843
0.26770661782862754 0.3292813368313087
0.2718839875963738 0.3514530591087915
0.29082627839105013 0.3701299950820284
0.2675504726981366 0.3330733545676184
0.28617225395395574 0.3586322241807207
0.2726790774242399 0.3613926730249017
0.27827866970373016 0.3338824423111494
0.26943067736645443 0.34859553712943003
0.27524807953422575 0.35767774093470883
0.2741462546387224 0.3529647827668144
0.27982698273893947 0.36524346719576045
0.28939493993029053 0.36642670555215817
0.2717238707262177 0.35098111768494117
0.29549739157972676 0.37340102887260473
0.27186584939100183 0.3389440333453115
0.27610806400221977 0.3566191092464113
0.26510581117448057 0.3346858749621904
0.2880216443277584 0.36158489075638145
0.2731882492038179 0.3659067206076835
0.2503928091863953 0.3289414365536359
0.27771848130656906 0.3717393334411509
0.2951695985755076 0.3807863989251647
0.28751909564858846 0.3694154596085949
0.25968675334630875 0.34802324251008293
0.27720738035094106 0.3536782059798443
0.2714119412440821 0.35846178542394763
0.2751341277659357 0.34665006060796
0.259096313053405 0.3421885705110824
0.28061360308475464 0.3650755753974727
0.2692216608462627 0.34544958845282214
0.26253535018143 0.34424502846735267
0.2733332103692898 0.341866466598083
0.27867819144207195 0.35224946935400225
0.2740875737323218 0.3581557623862886
0.28107921794205964 0.3523063814727758
0.26796563491030706 0.35793618234166075
0.27414045339358595 0.3372328002949323
0.29211143930045735 0.3594569150240153
0.28385520503423883 0.3412187318425929
0.28357084117780856 0.36312100290383054
0.26674450966377034 0.3446729815684245
0.2772101100443151 0.3429108936887613
0.28031533016758586 0.3608461893820205
0.26984414787598493 0.33342730530914344
0.28979625312954427 0.3556356422113094
0.28345663446980596 0.3656296137846365
0.27281037319517815 0.33936767112493227
0.27785580203611426 0.34932883323658376
0.3050272130639186 0.38297108305485805
0.2672567877608795 0.34093840190689445
0.29004801344038655 0.36560530629458243
0.2628734421065691 0.34191958380176973
0.2725303509506369 0.34916542563769176
0.2930810276542221 0.3719148397863677
0.2760529544691149 0.3559320274122495
0.2877768241059187 0.35745313855524913
0.28228489468344375 0.3614130019125971
0.2771979492887408 0.35308201671615147
0.2937740913656694 0.37690250542465104
0.2838443110596331 0.36605348394837056
0.2890507510133005 0.35947428235490625
0.2852318479223621 0.36115587852060216
0.27529584538427676 0.3603976904393029
0.26480636160772925 0.35101319122902136
0.3010910677328817 0.3740836783194554
0.26408458933520995 0.3435692976335994
0.2673920086700661 0.3590392991187942
0.272571508733313 0.33444506761803927
0.2760236021420056 0.357045698374385
0.27745248300719205 0.36643060685897944
0.27504739353908436 0.35357274977174774
0.2873821359914697 0.36160069217718815
0.2695241610099867 0.3311045043334085
0.2675973710244144 0.33965860427006334
0.27536644782781067 0.3658190842260485
0.2713491288788032 0.33674289662811224
0.27970984069128985 0.35214653864228157
0.3015074633860209 0.36817268179500023
0.3019629019621234 0.3735011999141236
0.28030375455219253 0.36129663782783367
0.2673463743672713 0.34889611363897505
0.29293792813654274 0.3655021854664375
0.26666650535221675 0.33893587033755274
0.2911605906270688 0.36524340746214917
0.2945031891140626 0.3763396323722618
0.2683264621658921 0.3468825346332966
0.28295775617971 0.3665634284378952
0.27958213070759086 0.36141051161058846
0.27655886706046917 0.35854465990940443
0.2686411680178446 0.33927453769752086
0.2677125636510268 0.35954816143428187
0.2574046615360753 0.33562310773739135
0.2631786428437207 0.3275802280946938
0.27946659512495536 0.35620019606698106
0.2858003467463684 0.36042283761807076
0.28581748369536536 0.3680393893023611
0.3026766239466927 0.3946326591463926
0.27939930393883033 0.35014886076630675
0.2662563286518883 0.3458944614926446
0.27838017577799024 0.3607920066189825
0.2636417689311133 0.34558557310848104
0.2680200510194071 0.3682139940996374
0.27460510789776393 0.3587414233231738
0.3011844901708868 0.3765359677484806
0.2739059729003363 0.34671098323178084
0.2528563260063448 0.3426864440140252
0.28490866085974853 0.3539131386747513
0.28039111313194204 0.3520956931238748
0.2612970745460714 0.34565786230931994
0.27052414786629947 0.352452851878315
0.2736456365888979 0.355332893329495
0.2727192919747382 0.3720418909222879
0.2954996365341433 0.3695864818517785
0.2878795730554126 0.3663925445774159
0.26107125902394535 0.32818418645940967
0.2816838353888721 0.34717521209214
0.2768244408269963 0.34841850353055126
0.251054914886313 0.32513330572370025
0.2744167459436662 0.3449055882411289
0.2753355192404028 0.345607600520602
0.25755051805711077 0.3481914105905052
0.26164861173274473 0.34031737252021793
0.2526847229649691 0.32804146252135696
0.27829411448187413 0.3581486344338693
0.28306702205962286 0.350803636109024
0.2670491997325104 0.3484375108289254
0.2814788337890262 0.35499582873910684
0.27023372521093236 0.34378640655806275
0.3014293602950552 0.3634179348253547
0.29327304519901126 0.3643850709520731
0.2729988233933663 0.34827910598313644
0.27591679755125764 0.3542614574722829
0.29329337062546706 0.3642838590222606
0.27130057062792107 0.34347968137366397
0.26493191160613566 0.33825807078488396
0.2414857748451725 0.33380666122669295
0.2767241569903257 0.3406054853322655
0.26726560632561425 0.33237401527439603
0.29092245792576443 0.36152050833283506
0.27713608526522093 0.34385334018510083
0.2594961352797279 0.3353421599198483
0.26739324413144966 0.353103319402253
0.2556993513737447 0.33073882850574143
0.27265900566657064 0.3453717583397687
0.28473224971849903 0.3550362873157383
0.2680029355799719 0.34727627007417505
0.28352348740411815 0.36227728864091086
0.2662929052976929 0.3425299750323643
0.28557658622140575 0.36803099809041845
0.2592776812235226 0.33135170981492096
0.2692742730687741 0.3457281329105721
0.25096260378632607 0.3328575514945591
0.28630300852786195 0.34942983121517535
0.2904287695750491 0.3618998053775922
0.2921406379455638 0.3553298497082303
0.2860505657520232 0.3626555402992333
0.27108981912967656 0.33792918920235254
0.273425124476593 0.34979008603217054
0.3067496067972627 0.3784266924507581
0.2817791635944451 0.36041582918427295
0.2858594619952635 0.35652588695597026
0.27732748413363484 0.3514709734626242
0.29608868394961063 0.36207901476601306
0.2743359714522766 0.3580984562875879
0.2681870307574944 0.3439895251625609
0.2923268668673819 0.3702915033812715
0.26864715011465773 0.34671171139789597
0.28718521125678853 0.3658512412873286
0.2684539603594516 0.3354345378112742
0.2716823772803806 0.34600086404101354
0.27140154801816924 0.35097796830352834
0.2727485164374078 0.3543602265457154
0.2845587931009896 0.3492017185710067
0.284368931228717 0.3583080210631408
0.2862831396252446 0.36186186375108786
0.2730294758352208 0.35211497203783704
0.2872473848357294 0.3629721715360087
0.27900125977481377 0.3558029201044121
0.283859151750629 0.36574198750377135
0.26228214437599445 0.34980603137003347
0.2891052574006641 0.3691141149954005
0.2626235148980357 0.3414380824823
0.29893636717926647 0.37492745583940673
0.2813372411028533 0.35134380748308613
0.2805174625084669 0.36147034341147966
0.2628758970358341 0.34554829521992786
0.293711212158533 0.35766586098424297
0.28323516098096685 0.35452801651042287
0.27181577642416266 0.35222669913725146
0.2898016889546602 0.3711464365244392
0.24730468159337565 0.31700244610809686
0.2612975321506303 0.33662710736219015
0.2810887376357293 0.3641840182433785
0.2918987512463898 0.36150276351104943
0.2889916000957615 0.3542740515439981
0.24916911213607218 0.3405202733946913
0.27928326170713885 0.36483611364736557
0.2849223579040697 0.35371064893493476
0.2863661998244158 0.35800324965543096
0.2497236288270881 0.3377678025365132
0.2681235112607563 0.3545785940275988
0.27723227159022923 0.351999776937193
0.27101323888377993 0.3407977000329262
