0.18505666676167168 0.2321721371318472
0.19896182657050313 0.25532504616359497
0.1633237696360403 0.21785776420260156
0.14300619429726447 0.2010685246676782
0.17736448394395343 0.23232820562725195
0.19085336545692133 0.24182135002110908
0.190691139958513 0.24282176630274052
0.16817012873638157 0.22582949668072685
0.18025045765873363 0.2357811037180908
0.18535349428417836 0.23556428406994745
0.18183605837969707 0.22587519862816122
0.22035944431330576 0.27027921225889506
0.18353090887868617 0.23049379811353551
0.1795879674028943 0.22321303390516792
0.16957505941970838 0.2105921844762873
0.15411051679400367 0.20812839731507615
0.18868241090065094 0.23185437363922184
0.22749567435061763 0.2710360268613083
0.17367221754335108 0.22430857548399816
0.15839793839497512 0.20814909635087936
0.2172003598852725 0.2746773997101218
0.14926467276213462 0.20684505466547817
0.21114650047514855 0.26580034640165046
0.16923081789760433 0.22375929729193234
0.2162415145382939 0.25767777376887
0.1527547566681153 0.21517387185588785
0.18804883921184473 0.2498799351703389
0.20278499526707536 0.2688416027150019
0.17211556775542103 0.21809720456001272
0.17068403964415846 0.2150744603637875
0.1871090972296982 0.24186759427800092
0.1754449325084756 0.2180254111387718
0.16252138698891275 0.2147075734544325
0.22329744226104442 0.25876532026592025
0.2589662460507276 0.29234535363978925
0.22537644603740412 0.28186760856515536
0.21168642104797034 0.2617978319829325
0.1595147166720159 0.2095863305927841
0.17784073872540035 0.23178357394106036
0.2559072077241519 0.2996205492158887
0.20086892222064684 0.2530336893889169
0.2076591688892123 0.25108446287616387
0.19176834647040103 0.24940980056749706
0.13945975972258098 0.2116245473504466
0.22793823902636345 0.26626770428647206
0.20050671844868181 0.24925981559840693
0.16223376430167025 0.21557442492548684
0.25033883425637843 0.291118092961043
0.24230846602375536 0.2889479044550473
0.2421086294113497 0.2970110122780863
0.1940625435870108 0.25060634978382856
0.17193431928523817 0.22194952451368458
0.20786191929790873 0.2607428553417379
0.15855108678693758 0.20648167963012332
0.1772690655234673 0.22008196023341148
0.11798540619801809 0.16143320488068807
0.19793197291036174 0.2516043176002508
0.16898628767217108 0.22317618442358034
0.17819945468594145 0.22776386542486418
0.1496565443098477 0.21524897994492453
0.15907418535549725 0.20377636234050353
0.15051784824800024 0.21979538653934763
0.1804813370257277 0.2256667253463428
0.2464913561707291 0.31225656569377624
0.16227977187604448 0.21132152098820706
0.19251970324395895 0.24923260626781152
0.2087409392009206 0.26466482650675305
0.20058468870924562 0.2531163811286998
0.16708841113740042 0.21901277121093585
0.18111398047315386 0.23822526389278256
0.13685192492906298 0.20145021218978534
0.1425273022506497 0.19793654135142572
0.19365212888582348 0.24335497384845883
0.1775480935209355 0.22894299257676778
0.16315554529678802 0.20771438638862458
0.13333920672145344 0.19229207059857806
0.20521554792781577 0.24498771269910244
0.15926874762709703 0.21621191032359807
0.1718305336670868 0.22419351093334414
0.20085918047281978 0.2569868611747692
0.19300616608742796 0.24154130252007144
0.16903108197103064 0.22251233626619488
0.1366007288340193 0.19620523153974423
0.23623643267485692 0.28093085659095496
0.19647812845871604 0.2447375731339681
0.17927589672493116 0.237911631266281
0.1918426795199271 0.23798819272053065
0.18427967646117527 0.23577225247879813
0.18228203241656418 0.24247201169799934
0.18950695039273033 0.24295765043080708
0.17634160032826782 0.2231902433502433
0.14971811911762867 0.20365551235132517
0.14629725671427946 0.20490033960105486
0.13921951811861688 0.1936990610320254
0.184286988820222 0.24555176162749587
0.16248893511766754 0.21192084892033183
0.1855218185551678 0.22613230412838237
0.18152227942248483 0.23198819905027254
0.22510761608021346 0.2568755446885833
0.18382310053746462 0.23003617926189562
0.24678044871369012 0.31202929058434664
0.19644808591876625 0.25392838605946977
0.16872502143938053 0.22876159230325704
0.1601937842166435 0.21520497138812653
0.1531013662772906 0.21383497054978376
0.16261472745936956 0.2182403209963786
0.2075389290151414 0.25595179260756323
0.16080198156646883 0.20720746189766096
0.17392757692277386 0.22273016904839157
0.20030607540191392 0.2536482881283218
0.17674613369665398 0.22504390840801455
0.22874684220240202 0.28231729442126985
0.15245096946684808 0.2051381574660191
0.21882201017666844 0.26654689285527805
0.1684085123142772 0.21590425741730404
0.206417504422896 0.2448722766812444
0.2000637901468866 0.25344054584810044
0.1681854815158129 0.2169822608830369
0.18119140731266495 0.23045065351397861
0.24507430305255962 0.2794418425514838
0.1920126036199593 0.24676467541021407
0.15270449439927378 0.20548601337706351
0.20381423610580252 0.2544977501071978
0.1909401735260682 0.2502125866353681
0.1421543718356141 0.19840135941128328
0.18533845689462533 0.23559834020419096
0.12827829149310982 0.18638480634823437
0.2423243088970879 0.2836839436728747
0.20245667331582554 0.25025356029867496
0.15830746296118048 0.2163682853491142
0.20145771660459674 0.2587777038274744
0.1756644633468106 0.22669614496076518
0.24147523036360566 0.2879764784117945
0.16881987640610668 0.22302962880844213
0.1482726311887399 0.2164338701579158
0.1970995875464968 0.24153564173796857
0.2039518873092747 0.251684621484435
0.22648871964312653 0.27417986855903453
0.1603244809463423 0.2140703070907952
0.19700001442710618 0.25565620670651246
0.17209684828302393 0.21255626794203963
0.19812734831117979 0.2477915257033296
0.20863951245214044 0.25312957671914227
0.1763181271776487 0.2211222841793223
0.16703657204851116 0.2240529329433479
0.23029005319199097 0.2744158548253627
0.15926133301762344 0.20435100875995676
0.18591259530352688 0.23631108635370063
0.1640237884748089 0.2089640435481916
0.1690956587293202 0.21671034194802083
0.2070054315781681 0.2489888731499307
0.16379835745617652 0.22487114817009504
0.17982729102607325 0.2301089617851302
0.17241914621034163 0.2298098089198583
0.179611193168259 0.21866337788167442
0.16902254208619247 0.22335350491048073
0.18446576315973928 0.24696664599335194
0.2067973582553255 0.2518488639629285
0.2209629910855092 0.27058830605822554
0.19561355139678882 0.2370525043256834
0.1875398361837988 0.24192129640337764
0.16959491744686542 0.22162530477385217
0.18479519095161398 0.24135419179367898
0.19297562082895992 0.2501318247257356
0.17769152637104482 0.23064950405288145
0.15998115539266433 0.21873142177932167
0.179991118397462 0.24599324640615441
0.20974227698193706 0.2615192744875314
0.19860661985584463 0.24975533385961157
0.18518629879790233 0.23384354601411445
0.18106403957634123 0.2305570647785455
0.20947760645853963 0.2653414090480277
0.16009140218365345 0.21925209157321188
0.17152959569598863 0.21609881712932896
0.18370577616138054 0.2300259169000636
0.2125085161399152 0.2597551905695303
0.2101304556747368 0.2602911637202597
0.17172582473020329 0.21684899120637977
0.16945357121190635 0.2185166065102703
0.2480722082721801 0.2910808137755664
0.13545112159087194 0.19103381131583647
0.16973826598587594 0.22165036841687616
0.1516955432836842 0.2015761377448985
0.1580137909816993 0.20383577380621848
0.19595910288819682 0.25105116825108836
0.17452030914935773 0.22211850962212254
0.16852315391306727 0.21395902980009235
0.23525159295592135 0.272409930311397
0.1821235102681335 0.22879768861603733
0.24026730904820431 0.2868766707600361
0.19832501528542035 0.250438475632901
0.24588719844581036 0.29041433830441615
0.13661262763032098 0.17460011566194966
0.20088122678110418 0.2556354442277096
0.19453087046127784 0.24669170666638848
0.24763278718108875 0.3063295249214991
0.1454703260246986 0.20274259555260488
0.20215092940892765 0.24291431263252086
0.1692280188465032 0.22266347585536042
0.21379458212793134 0.26235216685372065
0.15133182737330084 0.19652151393295794
0.18816651434751264 0.239726716347335
0.17351954914784726 0.23706922563476
0.18747479066254563 0.2212798195687282
0.1637891868088964 0.21752153187849124
0.180275605870638 0.23610321909747506
0.16466434155593437 0.2148306183930129
0.18666646240925094 0.24480905340978285
0.19057637341188632 0.2445341164291201
0.17741928202343932 0.22846099015485896
0.18214427764512853 0.24428714656010841
0.18226019256013257 0.22681165176566428
0.18776799634589947 0.2509903115588384
0.16512711691848148 0.2128829495731498
0.24705620566379288 0.2902398645226576
0.19181000437791168 0.25038680874589037
0.14349651061072452 0.1979552642356182
0.18070098788097896 0.24438621006055847
0.2561195520640131 0.31476753559888715
0.2054207082865611 0.25930795719747557
0.15043837543882266 0.2157858092931189
0.2173483391589203 0.2683358047815784
0.18202193649739165 0.2327049721982045
0.15970107371325704 0.20906585845794226
0.16707997480725734 0.21696373772223196
0.2310041133152333 0.2781131029820573
0.16480766194967422 0.2167527944415408
0.1789947333958286 0.23027895973760745
0.17233373085991616 0.21877947315500468
0.18150183498222036 0.23401251033485398
0.16374427690815485 0.2239697526377436
0.19773940577751314 0.23932049162046626
0.1639769966978111 0.23401214207186705
0.1761179941045897 0.21215961283672677
0.23782175866827762 0.27785504904698005
0.21884525065269483 0.25601471054325814
0.18607938158647094 0.23951409863484874
0.17352308545980805 0.220543209922858
0.19393812824489373 0.23554758862162686
0.19069431138556808 0.23867105506567554
0.17509972429164913 0.20758535256975427
0.19897756339487774 0.24074157530187595
0.19426929531462783 0.25423036652503156
0.15692503579292763 0.20874020138162178
0.22268702202617977 0.26595083739381375
0.2294782406551912 0.2759848215641081
0.16798346325697885 0.2185006064297952
0.2186083109967115 0.2740957106382062
0.15919691941045908 0.20911163897992036
0.17136624292550895 0.21790703586470986
0.2068126767995763 0.26063700916027843
0.16227467193037393 0.2230191332805914
0.20329116892549867 0.2549332619471318
0.2262119672009776 0.2777240559389875
0.1792459253767112 0.2317244220072018
0.25876780739876143 0.30499004396364954
0.1857029121907283 0.2420245987003393
0.1985010573463881 0.24639347331067687
0.19159946211968518 0.24531975021159028
0.19518597892553272 0.25024138468370183
0.15574849962934684 0.21530893516559574
0.24210568458127146 0.2918044507122086
0.14787553978312898 0.20060896070750783
0.16413886186930576 0.22178225744978977
0.17674629176946904 0.21114184906077157
0.1853789887760219 0.23548049543612506
0.1500303688316298 0.22230004223000893
0.1880991305516759 0.24083685022935183
0.19229442804611907 0.24199191922676555
0.15786828841266065 0.1946708498627634
0.1382368825071203 0.1972447586680014
0.21146888630246646 0.268548919699825
0.15524887306313626 0.207440389829532
0.17852813838511242 0.227087874981454
0.24552062971017827 0.2929542822358347
0.21965186935888387 0.2718206118900508
0.23218263993205465 0.27966761458261874
0.1448796682269383 0.2105044073247212
0.23479358210586385 0.28552339018391476
0.15947471841094335 0.2134220509761065
0.24599869269552865 0.2918290793924295
0.18040593360813645 0.2469304402783646
0.18092437409935766 0.23159418008936014
0.2240288302525108 0.28513316426181007
0.18814284270790804 0.2454148314057166
0.17460515057932594 0.23306408679488327
0.20181003771409237 0.24571444702222184
0.15792051180083663 0.2196585231806866
0.13930938320898112 0.20138115956668873
0.15068265274474255 0.19958172638212968
0.23876632329687653 0.2775127329718704
0.19369082953447067 0.24940199397471008
0.1896665652894019 0.23949987426507102
0.25679051561210975 0.31605968233411796
0.21466317492926187 0.267468545119094
0.1517820543082479 0.21001566284508788
0.17889843677664907 0.237901460155962
0.16718127636678912 0.2194726678632314
0.1630508910807955 0.2401812260402661
0.20680372277625503 0.2630767857574983
0.21949855382030634 0.2733005704539246
0.21648442772215395 0.2628354139820709
0.13030444697579774 0.19373091334772996
0.16779154615284506 0.21927081335133397
0.18601174529689196 0.23712856648379219
0.18105570006292063 0.23751854900585467
0.1498665360164771 0.20473558771686556
0.15723968727600837 0.21649257326129423
0.1660430509695098 0.2339391560345525
0.2475678515874576 0.2946112506898973
0.19975798711279547 0.2541182455656931
0.1650160814413651 0.2077722521130812
0.20869779790608936 0.24577749556238782
0.16862260408982227 0.21985110199432267
0.13050941921953285 0.1871993680494862
0.1651848879920594 0.20797498969852485
0.17044251258774937 0.22130775016706292
0.13999898558308918 0.2050742470014023
0.14734929695240762 0.20724186870475517
0.12191406697430109 0.17538222610689336
0.19165461039079953 0.2419537160436008
0.19891655139296738 0.24461272509962034
0.13346043139277153 0.19775885893151104
0.2258603373623966 0.2757101986475207
0.1514153902918584 0.2023027750839275
0.23229446066779713 0.25956082337172875
0.21831841437278776 0.26243788288743364
0.16636334689470184 0.21556104950229238
0.16094531412200536 0.2158159392592834
0.20275865982107324 0.24610700489109058
0.17218271645602704 0.21854049520881005
0.1418399149933679 0.19504805129540914
0.12930204742492124 0.18834829807610906
0.18476494442821442 0.2246238054160113
0.14861176604883097 0.19347379942149845
0.195832773950322 0.24366868066381528
0.19261003081179232 0.23580968238089903
0.14748635741016772 0.19626863143002665
0.20510758921581015 0.2581258979463347
0.14486006046515726 0.19319544042292844
0.18270835022290194 0.229504412194093
0.19382148781668446 0.236270702617285
0.1499044475803294 0.2094227370908305
0.18688616568960992 0.24199115197598917
0.1693776797881842 0.22129409451924192
0.2208284169187137 0.27552599728117594
0.1371678841101046 0.19469104843988383
0.1829931534311111 0.23058561659213167
0.15049955566487466 0.20420190799962135
0.2286856657443408 0.2691223908703215
0.24380009186344068 0.28667563470167096
0.23571554057739333 0.27643691457151087
0.1947028970101538 0.24570314707984084
0.15889758759615866 0.19724367671219892
0.17953926705321452 0.21814986922100452
0.24009691634100472 0.2901010204821026
0.1995941362870089 0.25126673979655806
0.17983374672480368 0.23174242211109156
0.17675011770568455 0.23104871422832485
0.23824353562767933 0.2837553408965201
0.22563122995916016 0.2765717168795742
0.166093193833801 0.21756377803980997
0.23812068097583602 0.28532951207094287
0.19920200025787405 0.2503578033575413
0.21909644498848832 0.2722971478612253
0.1663826658107106 0.21141245913163828
0.17691384798201587 0.22774488617386435
0.1975299910474455 0.2543458303925804
0.19160104787258292 0.24905815450647295
0.1908190564146722 0.234673783692769
0.1947224474075074 0.23880292374849646
0.18417671401099608 0.23468784351727992
0.18721754336472282 0.23690487888159822
0.23403159528258446 0.28196357322692606
0.15635837873278288 0.21912825186000556
0.19530175057836527 0.24780318278283464
0.1628442716990434 0.21942710077942962
0.2133603418877459 0.2603645437333615
0.1335639532490573 0.18950021389699734
0.22492088787664805 0.2718731705098498
0.18924210203843786 0.23990515597850987
0.23836554702569257 0.2820529179093646
0.1899929838734443 0.23983998836442527
0.2244823349232119 0.2609299947120007
0.17826608566334498 0.22771816009497528
0.16655072069456975 0.22271482246553873
0.18731109331444484 0.24374636333856403
0.12790891391693535 0.17300990300439403
0.1642595804132156 0.21507054823395202
0.15959973200219527 0.22354717445909228
0.19790610862925279 0.24871966766129616
0.22773845283011027 0.26528154304912993
0.1384909935770426 0.19938021453059676
0.1792306637310864 0.24195092460017323
0.16913649190657468 0.216509214722105
0.22959866996857733 0.2741009951151761
0.1414026314282448 0.1990046473465262
0.16152834839185135 0.22442083669946805
0.1665552103359683 0.22836298900074087
0.1592160576664556 0.2037154850934593
