0.27992076156321377 0.30711866965672957
0.27897242245651 0.308447920428905
0.28032230856490536 0.30828774788090324
0.2883030479491245 0.3124230194075314
0.2845864298878983 0.30954947880860856
0.2733660864346245 0.2985632851353231
0.28084907437592105 0.3061971395125181
0.27660795471809824 0.29983239818025015
0.2845508247232962 0.31027860237402827
0.2951613969663429 0.31839018138188047
0.29259521316028964 0.32173219889424665
0.2784086782034065 0.30353061366229606
0.2787259248879736 0.302546159047763
0.26721788049530726 0.29378278208778585
0.28181057255501357 0.31042150305206595
0.27410743578650515 0.30090263174193577
0.27834835651827977 0.3008180407808268
0.28270006816148247 0.30724960701367626
0.28642359847667626 0.3091491879272206
0.281232115070319 0.311972360137409
0.2688682468024895 0.2986270738820853
0.2899637440034524 0.31758942368081006
0.29570270046458447 0.3246026831245752
0.2735457905184136 0.3042632995882854
0.27184602077436887 0.30207242681623603
0.27593224256429044 0.30423747583030225
0.2741138890097839 0.3010882253658288
0.2829364359461311 0.31415482045301557
0.28128335746807637 0.3083899494824095
0.28841292442744654 0.31528312868845465
0.2854278736946816 0.3063129941721261
0.283230071148869 0.30589797288863774
0.27485340763224225 0.3006392953587068
0.28389235952792286 0.30614080806565525
0.27516277602718503 0.29692487938402173
0.27502030190172827 0.3047431019629035
0.28773699888937565 0.3142441385568353
0.27940673747339406 0.3050813710651385
0.2796073779069478 0.3065542301042992
0.28942349162450953 0.31379102926583674
0.2808331479997051 0.30511131507423545
0.2753706102805476 0.3051523028964148
0.28688278074391377 0.31353474661921543
0.28718188076253925 0.3152839933337814
0.28302348729904864 0.30992507888916676
0.28878926173105646 0.31422550882827277
0.27133776910408597 0.2964610869391638
0.28498463642875227 0.31325534085138057
0.2864149685839707 0.30804840768559627
0.27761859895121715 0.30056828440885813
0.2831951399047682 0.304926676566318
0.2837395074607515 0.30787396233007247
0.26600471334118386 0.29304563235942155
0.2949149758856494 0.3246603133047503
0.2744347436352605 0.30211428401949175
0.28314435641809327 0.30711381976266344
0.28235783006713977 0.3113727766435641
0.28955650838012675 0.3129699765926304
0.2801070128170844 0.3026239519673128
0.2809263365266397 0.3028044627794509
0.28305094645903656 0.3130281316407119
0.28260101951269373 0.3117739256729627
0.287334713415429 0.31021985854457756
0.2713064481583358 0.2984923040081182
0.28633887542692665 0.3056651185757857
0.2846879881594651 0.314183083803488
0.2788899333319085 0.30553952274812474
0.2724052402206699 0.3010364102531602
0.28950661229839436 0.3154811835600781
0.29087302196924547 0.3178731345535837
0.2896365146948167 0.31453784422326114
0.2724156635363464 0.29618522690316085
0.2816191086412957 0.308965737757421
0.2726908424715705 0.29974292650787393
0.2815557209042111 0.3064623497913436
0.2577595732418775 0.2860883327213481
0.26657650072439787 0.29149081851198727
0.28205822456363866 0.31409087990216034
0.2936372293123907 0.3227974120482883
0.27599906618377024 0.30373290584468243
0.2854952177207809 0.3101084398729974
0.29695296862827414 0.3212947822926113
0.27514298504073675 0.2983055919991705
0.27662748925711256 0.30335936236347716
0.27828981769284744 0.3028090625115923
0.277055485382541 0.3040200573042677
0.27904946341213177 0.308613717292562
0.2758113980420758 0.3032188727335798
0.2795072739822272 0.29978729756251904
0.2828778146857461 0.309471176661806
0.2939654085916342 0.3237784985145598
0.28304561267623146 0.31337729506265916
0.27948811441813975 0.30959286219778864
0.2787668748500674 0.30500228123094936
0.28725751577663344 0.314857711720241
0.275172493325705 0.3005991631041053
0.27847587969620824 0.3043114217691782
0.2812519823417913 0.3038779937292385
0.28605504155716177 0.3113621416538495
0.2856872098180999 0.3124754342039752
0.27403679722446134 0.30173239470591023
0.28529937162218494 0.307732388319158
0.2954749071459274 0.3253033735946909
0.2617738062920001 0.28782613041408067
0.2812975222661346 0.31530925333980914
0.2817286436235738 0.30997876709551325
0.28564262079079733 0.3043501925863025
0.2918657089328678 0.31469240930100395
0.2720368476125508 0.29567543051221157
0.2725679132700813 0.2971681948241201
0.2839420215378773 0.3080986671691275
0.28685042032043806 0.3126409902947008
0.28014221125866323 0.30432237055919176
0.2885241546359436 0.31722488043404945
0.28219185864843294 0.3056041812600034
0.27362786128193967 0.30031278654908367
0.2821909218460834 0.3063492085347252
0.2826038526829148 0.30817728332654015
0.2786149679523365 0.3008239445446587
0.282460683408282 0.30736657636826864
0.28542601035385884 0.3124390856099394
0.2833493142394197 0.3047701204383991
0.28211760659112367 0.30853135134679205
0.2828202975699728 0.30722762563237277
0.2753928342752238 0.2943964894132559
0.2895620888810564 0.3155617380537246
0.2906840007585548 0.31365031225653345
0.2798230260578459 0.30306608019363807
0.2942585173593008 0.32003822087391687
0.28608419439000937 0.31250161232773316
0.2855977869687379 0.3151442032796593
0.2766583601304432 0.3033697715117637
0.281814043881006 0.3025266126946826
0.2736455539810873 0.2998339021277044
0.2884701534875147 0.3130292002052535
0.28384578482831313 0.3130527074127557
0.2913908221628296 0.3162170463045278
0.2758941881582622 0.29521538273978726
0.28755892025871727 0.31389270504940375
0.2787922638296501 0.3050348588668463
0.2701773067159021 0.2959753336145096
0.2769614595775122 0.3033261890681068
0.280892063395134 0.30580618285316147
0.28531253890692415 0.3095975613664135
0.27544371794815525 0.3054022341351899
0.2785037349426298 0.3046538973209289
0.2925660547188389 0.31422453612817436
0.2808905521182509 0.3083910831088793
0.28726451461099906 0.3130159376274638
0.27904332414938177 0.3105298933364147
0.27280421813410155 0.2933371765997027
0.2834920339294627 0.3140214860387222
0.2730095553825866 0.2973849720613243
0.27727612142799773 0.30647465657150247
0.27680110359209675 0.3051472417308819
0.2884832538068667 0.31443938113953307
0.2863785053002021 0.3105875336765623
0.28807713961289244 0.30889073972959175
0.2776202835887345 0.3023495254212868
0.28996158970834685 0.312399091276
0.2831379246842228 0.31253394458526046
0.2756380383973695 0.2991377865504715
0.28644348014820903 0.3118710697460254
0.27966522089683443 0.3058094463832812
0.2829935229597606 0.3056564696018172
0.28764576137821773 0.3140441939176735
0.2857803531373323 0.31369067501932535
0.26984254475742475 0.29534573203036707
0.2733523070853541 0.3001835466362435
0.2939746691280776 0.31381396197851297
0.2751751620562275 0.3015197797227326
0.28741501652496143 0.31322257825969013
0.28724082210343804 0.30897415354332025
0.27807331989452233 0.3027570140172621
0.2785839969764686 0.3066284507687648
0.2921675105519039 0.3184886292195534
0.27791271652791866 0.30485688717053866
0.2892167990859412 0.31674516056832464
0.2733206208695125 0.2957106903925946
0.27809845279846873 0.3050086379681862
0.28208800523163885 0.30810587795584776
0.28503632069497176 0.31055320010869153
0.2848642121463328 0.304870799603993
0.2790112124797277 0.29660961082447657
0.2750890439792665 0.30345255671669796
0.2767779563734518 0.30456827215995946
0.2857646401374738 0.3077793371398063
0.2946722862696723 0.3224004522998751
0.2723386494716521 0.29843449804634326
0.2751891517826091 0.29823057913762974
0.2779857529300533 0.3046356877158734
0.26796587402671157 0.29260515356652445
0.2702215400736584 0.2944345592280917
0.27551957243896535 0.30432825016576304
0.272456333363192 0.29743040814863775
0.29126910377222204 0.31730463289990923
0.2742310604592373 0.30441596520457065
0.28623621505134456 0.3091115096255158
0.2814819422914498 0.3082820600988168
0.2735660297464508 0.2990800453293814
0.286920210427305 0.31167929936557953
0.27344919394219636 0.2990031432847579
0.27119867291404115 0.29537174463699434
0.282421414012733 0.30586022396413864
0.2769918428200687 0.298787128683417
0.2804440986967885 0.3115416197675735
0.2836642077887102 0.3111170791173619
0.2845389567319746 0.3114742006277276
0.27835896305274027 0.3045930391732868
0.28703864462341705 0.30890656031436803
0.28217699173169847 0.3076501408253723
0.2773367537508979 0.3009788534769459
0.2942616029236503 0.32209819541228835
0.2936093000640836 0.314584876099902
0.27222403663932193 0.29994172727252694
0.2722200132753236 0.29935972557433504
0.2932267905017255 0.31987057200532665
0.2847850856983456 0.3121150926327321
0.28601422441087676 0.31017626793685127
0.28151244087205257 0.3060213787788155
0.28139269962033653 0.30638120039039274
0.29166727231623407 0.31632722801954904
0.28489402415071474 0.309057744500301
0.28327959213479614 0.30769411647826006
0.27395430905522 0.30164209375445167
0.28319831561456676 0.31000597173525407
0.29299501133676686 0.32171685243388626
0.28005791742195973 0.30660989069468814
0.2822304317182917 0.30683062691355567
0.28521274461428925 0.310826614582984
0.28041949085402634 0.3062274800317457
0.2778105202721377 0.30516579781337483
0.2742719051608956 0.3025777113327917
0.2687853005587768 0.2965517079517466
0.28477703319906184 0.308321857893423
0.2840817704468515 0.30762767417685144
0.2796421170916218 0.30341077166277947
0.2835708156181131 0.31157557581723494
0.2662323153334976 0.29324241258827616
0.2904172404957885 0.3150189308922632
0.2800812584976381 0.3120724210602949
0.28767112501812586 0.31048385211359797
0.27914215897053873 0.30466875196665283
0.2834876308884337 0.30941513020003664
0.27620157601421014 0.3016703584912099
0.2836023162529279 0.30629207485562504
0.2845637008973201 0.31097147319581164
0.2782001640983448 0.30554836719929995
0.2761897079658765 0.3017540472668674
0.28272907169390465 0.30722946215461444
0.30125733425342915 0.3202820701612383
0.2734526335839797 0.3029641336552667
0.2876618193468302 0.31113045763881664
0.2826095776427799 0.3093452954003859
0.2883456602446687 0.31425285178671214
0.28715128671285306 0.31480314372681123
0.28115053072052115 0.30690912807601173
0.28354591427637094 0.30722077680642484
0.2839017678944116 0.3157527786098943
0.27861920155922865 0.3033041721682582
0.27805402596836376 0.30237230603270526
0.27338054855068317 0.2941754630855652
0.28224053501473506 0.3071124972843556
0.2849773242345779 0.3119150396955029
0.27946987955586566 0.3042164086659532
0.2734785821784235 0.3001069947361123
0.28322327013621956 0.3055270104455991
0.28565789028008504 0.31402166053019864
0.27846059826354347 0.30431800762963274
0.2806034142929535 0.3029153154251145
0.29245954295954885 0.31745138836654097
0.2814535041518153 0.30198093949438365
0.27207331781797034 0.2957307711656947
0.27362065046483885 0.29433160131981556
0.2834205070072749 0.3088467341275131
0.2748392524400318 0.2969491206961007
0.29449733895887026 0.32044791355050145
0.2822309481950985 0.3106833213276693
0.2769540369815513 0.30554840357678975
0.2775809246869219 0.3033236841888173
0.2798130523817733 0.307082390169428
0.2720744164381339 0.3019691462810403
0.2800541916414908 0.3127225402622846
0.27281144419552333 0.3026510537406374
0.2826824582207916 0.3086714435853233
0.27379189180946933 0.30112201688544205
0.2896629458902115 0.3165971492866145
0.28319136661012456 0.3102532194350158
0.27840580962057676 0.30453916689036936
0.2865537571481761 0.3119580452453418
0.2747877774361813 0.30307786727576524
0.2800906740379496 0.30733112776242605
0.26655084028993403 0.29152278815151156
0.28108714873570145 0.30609745391991905
0.27796054381766044 0.30444195585330364
0.2784399840771549 0.303404996734865
0.2736663489757063 0.298436546251602
0.28530171800597975 0.30869063689995413
0.2756493523575393 0.3011388692279203
0.2791857973933094 0.31061389214725177
0.2722839195652349 0.2966227098344698
0.27731929274813566 0.3049933819644318
0.29080438175282886 0.3173681569868899
0.2942514885704979 0.31645607215417026
0.27970153817341575 0.3070394695477156
0.27413733889105507 0.3055390131008266
0.27176657795696724 0.29911960183182273
0.27514323429088605 0.299229836101762
0.2874611818497698 0.31188421730044597
0.26717550794477357 0.2913996752659168
0.2848306058744834 0.3107067174020893
0.2794807876950532 0.3058413600922918
0.2735419233453958 0.3060340044019951
0.27526736380142386 0.3010116673939502
0.27259513936433727 0.2967485662174242
0.2748234176681908 0.3018298248498682
0.2883102653759281 0.3202854451729028
0.2764263442017914 0.30174003367882424
0.27899647157123014 0.30262055361026396
0.2828375062065703 0.31388355037619037
0.2794938742875843 0.3071926191999558
0.286242835668857 0.3113818629804661
0.28492844405104606 0.31031573182242045
0.28194302078086186 0.30681302691155654
0.2747800171905984 0.30262999648303907
0.275531963019734 0.3026151880638731
0.27943731817143497 0.3008745898076942
0.28773160431627937 0.31495395024242967
0.28074922526067375 0.30457368962170234
0.26341807957474195 0.2926402416551194
0.27862575429634245 0.30455810963153573
0.2714357815006458 0.2990670853302589
0.2793717907624293 0.3034440665678431
0.2685305245243516 0.2943596896879662
0.2878642289917313 0.3154074774493076
0.28565282247367046 0.30978635647272335
0.2846580685140524 0.3097869335778512
0.27432364313972313 0.30227846370016354
0.28633494657126385 0.3101134121962951
0.2767597836812144 0.300719558185378
0.27996240189771227 0.30577573294303706
0.3005941536426888 0.3305345105918078
0.2775686241927166 0.3018473460516698
0.2762155787212213 0.3022268370808874
0.28022834375832933 0.30845324940817953
0.2771830278011799 0.3019059626601405
0.274782139887663 0.3005749048365924
0.28110862490422084 0.31072878141650717
0.27526186434954936 0.30130106745242197
0.2744878179923218 0.2983617141224932
0.27538264041693933 0.30380493692112087
0.27556972643168404 0.303952338114507
0.274925075528543 0.30246681571256434
0.2747178244879363 0.29882053271134623
0.27117617492467977 0.2949137184091155
0.2792691611952598 0.3057933202437414
0.28772731841539706 0.31516513463863244
0.2893205172956611 0.318269264869375
0.28940646576710555 0.31156691608519843
0.2689527617315905 0.2956177445573342
0.2929206922056538 0.3182518350337989
0.28713471368622345 0.3086375089975104
0.27661417707083846 0.3021112054873887
0.2770310133316001 0.3006543911041525
0.27849760927697564 0.30887601311678153
0.2760659837477387 0.30102500208620697
0.28055735557922545 0.30651807349569765
0.27869731232075673 0.3058955655728133
0.28362815639700184 0.30707696277766944
0.27760194303577584 0.30543179992954633
0.27904039398408514 0.3077002393182022
0.2726318785699687 0.30032086886987863
0.2735140579363704 0.2971690340563413
0.27638277004439554 0.3073194577047058
0.28489962558766224 0.3104398423380983
0.28784770715083907 0.31488422603493127
0.28756621255195713 0.31385901871370914
0.285808628452109 0.3149080519435475
0.28721990094785727 0.31343676166372947
0.27927791056083084 0.30505417524232736
0.2730459456939545 0.3016712265976487
0.28706483226019314 0.31513645378837435
0.2827380664284227 0.3063176868029018
0.2795292855448366 0.3111099617648428
0.2778327907161384 0.3077848871465444
0.2846231315090405 0.30684495144055485
0.2810150209007354 0.3056510590668339
0.27097259082573133 0.29751975880765563
0.28445937009917716 0.3082376495294564
0.28387808412011883 0.30650966044498223
0.2969626513252953 0.31796098561013775
0.2728270974907226 0.293884115921828
0.2816645554959002 0.3050977514105676
0.2811156370035542 0.30416181301017003
0.2904565831516284 0.3159224715045717
0.28267043109601553 0.3124686415312624
0.278116011741706 0.3011430283631238
0.2851782097023077 0.3122318863758293
0.29484277116794655 0.32634476398915757
0.2800451923812244 0.3050540231578202
