0.15804816805916574 0.17697611274292885
0.164940900653781 0.18847308884404834
0.1671224109860274 0.18759307219216598
0.17096230417051927 0.19039793646324796
0.17440532221447377 0.19254625076923992
0.15240778102799296 0.17138650344917147
0.1622962903445316 0.1801300518298304
0.15307323228012817 0.1719406488245493
0.1859906898870245 0.20312155084736777
0.17354827896402233 0.19021572388315408
0.19006446509488767 0.20932960290268482
0.15864554928628308 0.1770027891261665
0.16928262171302763 0.18706011097553915
0.14691489265202684 0.16861978917162657
0.16333257740978577 0.18225746103952267
0.1526342823753575 0.17307860039944406
0.1532030970789926 0.1721761417358871
0.17276875821662438 0.18934209023717166
0.16082270462354414 0.17996251087273976
0.1705360604728887 0.19326921420046703
0.14105898601671923 0.16324999286932945
0.17763372135322808 0.19909897521996317
0.19102834199864188 0.2130859966675454
0.15000304544535262 0.17571035029962986
0.14761821486658988 0.17292101409921104
0.15981620916792408 0.18134709159788506
0.16747557527746634 0.18665302750791815
0.16856178623888413 0.19319578971906787
0.16732295166462724 0.18636689328122705
0.18249928564176615 0.2048602257891816
0.16749224198568982 0.18465749552484587
0.15408448664973864 0.174738301178157
0.1481799942495694 0.17119863518722742
0.1626067698132267 0.1810037394092889
0.15713689363552072 0.17560808534777306
0.1527946842569008 0.17387175129802215
0.1644749523362895 0.18808985000729933
0.16642878502567365 0.18555341501499747
0.17072609770985672 0.1898348541419784
0.178441303440782 0.19628532316841216
0.16026402706259618 0.1780514797627143
0.15526380577846097 0.17663948674074673
0.15835627884248712 0.18078630525474432
0.18526901649861702 0.20694911263306195
0.16992960776721966 0.1895206726513413
0.17703999655433844 0.19482213293117467
0.14596082772619973 0.16741130971403276
0.17862035961860653 0.20191855424219948
0.1639455136331106 0.18120381556975168
0.15428288874343804 0.17166976608118936
0.15752303065031578 0.177050060479862
0.16365331783759945 0.18121732694492043
0.1381917432892256 0.15846261750936677
0.1814777043332983 0.2033447773755238
0.15324813596979958 0.1760626488394881
0.16003946436019903 0.1809282866484513
0.16443015404485858 0.18536542419229016
0.1700314435147145 0.18892408293088828
0.15381370345046158 0.1719109745568205
0.148889934992466 0.16696707444944808
0.17801504685265396 0.19766394425127212
0.16178089973144363 0.18502879660418803
0.17546308599693133 0.19263218263118123
0.1441053730961823 0.1638634898259934
0.17814153799032517 0.1952713739570377
0.1688901319141723 0.19241921455604125
0.1591601479779724 0.18017824157037116
0.15114873570967965 0.17232909217916936
0.17656572404391777 0.19704576641137803
0.19054150000485504 0.2091782258547707
0.17988676266257045 0.2013135904748665
0.1469230043552731 0.1677776193113895
0.17596088446520364 0.19597927190887265
0.14405480736176904 0.16420713837815373
0.16137518995960856 0.17991753897749618
0.13000710393288842 0.15313308052861677
0.14466633622819416 0.16333799387697315
0.17529141663258513 0.1988371261066902
0.19411535484882209 0.2155749613226523
0.16322542574693866 0.18566031180161374
0.17844988901477132 0.19749725575329252
0.1875604388798874 0.2090097418152875
0.14616538372902418 0.16519373729287137
0.16023879095567753 0.1792524632339905
0.16204404943822803 0.1799696722664314
0.14856391145467884 0.16919767440126546
0.1647305943218005 0.18646978029564903
0.16436907803826217 0.18157635675363076
0.16418020256355545 0.17749792534984898
0.17586251132690076 0.19507133371021143
0.19470335082664456 0.21494387075368615
0.16394442147494345 0.18628644799966923
0.18076860992340002 0.20019396350274657
0.1549927487336773 0.1743917376656019
0.17183065959987784 0.19127032254309062
0.15245994455331147 0.17305101107810122
0.1686540606303132 0.19004013477474418
0.15985003907585996 0.17861798845146862
0.16316759314094448 0.18503384143073742
0.17484663401340414 0.1965861943262214
0.1515369914188177 0.17301678398632556
0.15465185200854117 0.1745121284931445
0.1834686366729727 0.20676112777503217
0.13658985857420422 0.15720163295389683
0.17050711482786632 0.19642653942474728
0.1546536702400874 0.17697437099816274
0.16997442128795984 0.1834603145393422
0.1745098620730114 0.1935841809344008
0.1439825200707883 0.16501703856645397
0.1481025894987832 0.16531265726973976
0.16213008897658146 0.18100097731989792
0.16463449765302363 0.18347677987305896
0.16544940217430013 0.18406764373479098
0.1687552758260514 0.19168860659221076
0.15965103120646937 0.17677477450354567
0.14379474680800988 0.16409114359435054
0.15893706856397144 0.17607624373789277
0.16529589828715271 0.1818478435767402
0.1583616709825033 0.17373889520311325
0.17153313839717665 0.1892512631289623
0.16691925585576442 0.1852839313227721
0.1583996691771276 0.17549829280840126
0.15909294949245262 0.17976442601900544
0.15410662655453974 0.17530357460171564
0.15874235725943234 0.17142832198548277
0.19472478934088755 0.21362018226175264
0.18489083016441013 0.19783393656352424
0.1568909003721868 0.17375551426253066
0.19409786018212297 0.2109252276345551
0.17050667887834792 0.19228894837187202
0.169878556568409 0.19318831145315096
0.14866644776503338 0.17203280779405883
0.15992244619855686 0.17705780923207756
0.1583786815300969 0.1776788928486421
0.16384840464468736 0.1802090292385233
0.1827588744082828 0.20304387271051672
0.19138877922502626 0.20795831065126355
0.1505637095255584 0.1680365667866396
0.16119253299331357 0.18222614083913843
0.15526307613358895 0.17558855365261675
0.1444052082080395 0.16341070252706347
0.1562225026375925 0.17797902938786125
0.1635598089292666 0.1799481507059995
0.17132785192974873 0.18865599557925797
0.16764633518426306 0.187295738635046
0.1649696870950962 0.18178988127135934
0.1731907071912574 0.18979411192720544
0.15665625900873398 0.17626265372473196
0.1681607348771112 0.18825757595572332
0.17257429933366378 0.19564031705637916
0.14887578522943432 0.16863066770293414
0.1777941897195724 0.20020544059279677
0.15190945224456068 0.1726452518958782
0.16240520190718388 0.18196173462166024
0.17889732956738566 0.19740456028716524
0.18220930926393394 0.20072757806979635
0.1728954408778285 0.19016211517142909
0.18051953592454442 0.19532417435208216
0.1757406028726724 0.19289439872829517
0.17946877299817854 0.19585298437373078
0.16253008101073757 0.18599446980076595
0.1551180534584434 0.1724543711469541
0.16691362272409427 0.18709584279068087
0.15466850350610026 0.17677114281043546
0.16271501765148022 0.182544001281846
0.18790981054130945 0.20598855115409523
0.1864582224701784 0.2056159398745356
0.13885755745584255 0.1595580352358725
0.1569506143866611 0.1775172911824076
0.17986009151244373 0.19252754580071108
0.16206121997238992 0.18395547809637486
0.16143719213707577 0.18176140009943195
0.19670045337241923 0.21276236287561212
0.16090477172942053 0.1789633357624799
0.15384578552607087 0.17409311119157417
0.18289568276548748 0.20285723004541076
0.15561932940517872 0.17693042029050499
0.17039084258469514 0.19116307268587676
0.15394503524335865 0.16983793245059903
0.15871774527036703 0.17870404185888283
0.15747320776430243 0.17868997979911244
0.16880640665865088 0.1895204610139247
0.18086814214660923 0.19477307663429
0.16038539350542722 0.17500715442418668
0.16410375110785472 0.18342642511600826
0.1518247736788555 0.1714223228630674
0.18073027787247106 0.19420527600433687
0.18614357564123613 0.203903979766491
0.14493070882093192 0.1641548725537238
0.15576612111066152 0.1740003782758301
0.1598317411447086 0.18131168331048572
0.15102459516557878 0.16888133540248682
0.1480082748693793 0.16485451410362967
0.15972055869444 0.1802848334688009
0.1580850078538679 0.17601611849890494
0.17718401678075066 0.19565233226091805
0.15726396642833856 0.18030032641776828
0.17752361608325934 0.1942248696397896
0.1628567383254689 0.1820546423748593
0.14761090503656007 0.1665997602356156
0.17788951543632006 0.19943645348704303
0.1502145475830251 0.16928699240924164
0.14188359063753858 0.159646078022759
0.1703091369663396 0.1853711044789582
0.1607659500927582 0.1736120978884933
0.16493421573679434 0.18612970262857684
0.16581491483428587 0.18628161220862482
0.17554878983048616 0.19861410565644982
0.1647804395219088 0.18470055142939723
0.18175938903487018 0.19956397746467855
0.17354289838271442 0.19293620082187177
0.16695216402179114 0.18439630852129787
0.1923666742772091 0.2141973118403927
0.19045573235300423 0.20777311235471724
0.143828130936479 0.16621264424265753
0.1585924422698728 0.17866486999724807
0.19818617057356702 0.21732683954638388
0.16839357797205606 0.19034537727000453
0.16643657868529269 0.18692743045754043
0.16983922047850358 0.18694699596647024
0.1548713530114773 0.1741725651529823
0.20574180804722128 0.22158647980873503
0.16089758465671714 0.18109279650998616
0.1853628294022011 0.2017208256125545
0.13978301302840457 0.16166630620896186
0.17582423502936448 0.19630716018286956
0.19708378579167338 0.21745150593288648
0.15423372234456248 0.17459798266033513
0.16284652031539523 0.18030480231161017
0.17290153738554756 0.19418713039906926
0.15693011617613997 0.17543938257209446
0.1576058951151732 0.1783248446282455
0.15126035004184857 0.17119794967031307
0.15408211105306088 0.1749046661677826
0.16435861018222567 0.18377689477733178
0.17735209591524556 0.1964214358570114
0.15258565416262335 0.17137358446813977
0.16972145956653056 0.19104144009744004
0.142545348361905 0.16320093081571652
0.16742897821163433 0.1881504034713629
0.17498527529851715 0.19833543515791446
0.16780986640756612 0.18119946411775045
0.15305200788729476 0.17579306136541772
0.16229190418460096 0.18345402830860802
0.1466741110773034 0.16567777380742627
0.1633348669303208 0.17976947476344682
0.16187914326900466 0.18143330066649488
0.15826491995657777 0.18034242470870485
0.14998817110710802 0.17127418161168761
0.1691834569038714 0.18617505428567338
0.19383152432585474 0.20771575069733678
0.14563098635495228 0.16740897584953643
0.1816983268482254 0.1997180378909094
0.17108887235958167 0.19192839435218537
0.17211350022013158 0.19535606418561816
0.16965566290430106 0.1894541903592196
0.16267152733209397 0.18143402753767965
0.16065594772274355 0.1785846585501091
0.16490614092084008 0.1879258349173737
0.1485818750238132 0.16989397359912764
0.15401419998636018 0.17229610984173976
0.15715813004165016 0.17143434445233927
0.16218431608412312 0.1780192083123822
0.1881855812006586 0.20563470596073805
0.16309282458147095 0.18188252728098472
0.14039965769875457 0.16197105500901549
0.15945633230316927 0.1782835234206226
0.16692343104325238 0.18959885389828313
0.15803354048098026 0.17672967984079296
0.15980391833777022 0.17481982070160754
0.18113837841658195 0.20139456979994075
0.16207038069438204 0.17601632010668147
0.14354935357051488 0.1629895382619242
0.15175127440352898 0.1706802335788441
0.16214891506257367 0.18275449685314304
0.15875841986522346 0.1725730513044814
0.19231334514798643 0.2096013468525739
0.1646748443602937 0.18797100435729416
0.1593882257587959 0.18170830478992195
0.15203760407384834 0.17121911658477393
0.15567245909824304 0.1769394566106749
0.15489674496157096 0.17563617394939748
0.17465610220650474 0.197525289969771
0.15089208877476867 0.1744511551250683
0.16926850458189965 0.18893531327089802
0.16117486164393166 0.1799930533013663
0.18156930192028253 0.2023588885674805
0.17558835114225202 0.19437223560489925
0.1719939931858529 0.19079360671775283
0.16505827339093612 0.18427857402041098
0.15571422564303025 0.17565130943308224
0.16423943381095946 0.18237496013384014
0.13659821338121983 0.15774092989652572
0.1654571949873772 0.18816560296113502
0.16132154241235283 0.18157880099910365
0.15548916559828432 0.17453471269921017
0.16302408788769587 0.1801406793969608
0.1719485993649677 0.18830114747878277
0.15839973085796216 0.17685751215979761
0.15852962150684385 0.1814386504499339
0.14061879793163834 0.1597911987816562
0.15766035596425906 0.1780222346858731
0.18609955113164656 0.2096254008414216
0.17777673761350066 0.1954236416299517
0.15932338866465312 0.17725560133639418
0.15067017881594352 0.17325133869604006
0.15509936277025538 0.17482058390508437
0.15633331397204345 0.17474621199701468
0.1756609538865978 0.19300536834211912
0.14672603672000348 0.16358691768735012
0.17588438659015979 0.19521099226117192
0.16342963512096326 0.18060517412689403
0.1392628587653 0.16506867823075816
0.15753780875578613 0.17541183884380826
0.1504995357193823 0.1687804639278592
0.15351264837721415 0.1735992794620173
0.1704669523552088 0.1928493166636464
0.14531357248014182 0.16594174005053286
0.1616536239925987 0.17844825495746242
0.16016235921431024 0.18177453560577797
0.16750921368376945 0.18472315462994476
0.18037337464387057 0.19732116806722316
0.17627044984524107 0.19593987088028988
0.15909678726079177 0.1783426049977897
0.15648331891353395 0.17608295803323232
0.14744744690571612 0.16533117293380206
0.17174587154936355 0.1853584216959626
0.1647689055080661 0.18458858767518607
0.16114478377480412 0.17666964809308283
0.14233048337700194 0.16149919120623382
0.16645125991391738 0.18436139396325948
0.15151534994988922 0.16988215712778307
0.15748045964041468 0.1737128787773833
0.15117600209379167 0.17020270376611296
0.17486493161902228 0.19544142794509878
0.17325260198455059 0.1884291574932876
0.15860876479184327 0.17858289745870093
0.1547158721692751 0.1752141056633653
0.17174086769013686 0.18868031479046404
0.15150659149729712 0.1693967485710728
0.16448794054690247 0.18375923179841397
0.20375717339497615 0.22369215081955574
0.15029280404436546 0.16890214283642924
0.15827858416662854 0.17882510376879465
0.1601881331334703 0.17977452834547328
0.1569961981068044 0.17753735012620805
0.15655213333980025 0.17339853590400556
0.15887855573773077 0.179243732006938
0.1527545628245063 0.17377551767732274
0.15898189203076957 0.174306318964857
0.15504092297924613 0.1726329375590962
0.14948896524959204 0.17120856427575215
0.16176602256791692 0.18215795671960688
0.1520603377821705 0.1729079480147277
0.13881163238871666 0.15901165529162017
0.16410099990280919 0.18016470363350254
0.16066921619951643 0.1800819997366748
0.18788721930113447 0.20763317939736026
0.1702913957054702 0.183115878825168
0.14069569025860715 0.1591563259246594
0.1801183511485698 0.1958678602008862
0.17800149222962414 0.1920497664858551
0.17109300124224502 0.18863356232514125
0.15462001746213389 0.1719922937309291
0.15780157228016573 0.1818563567809356
0.15726901610132574 0.17488282516962078
0.1569154371998809 0.17829975984770705
0.14884516199354056 0.17071732128263462
0.17481016308228522 0.19161044258090426
0.1572146644732723 0.1781385852148742
0.16177549961568732 0.1810273591193048
0.14493044560991303 0.16630815466206772
0.14871063612238491 0.16779004235642586
0.15235421755445816 0.17592896136030037
0.18926112236847628 0.20513604131737392
0.1652646371861465 0.1892217151025954
0.16667616301060895 0.18839220380440463
0.17290349685817707 0.19310092715026678
0.17130883325354895 0.19043998792782396
0.1570967533631878 0.17605855547473573
0.1400057584626553 0.16367505846751085
0.17035108513724864 0.19242461388562357
0.1716912058240529 0.1883629970955855
0.15261561201384152 0.1741579219662565
0.1685123973728978 0.19136138591230598
0.1674218643209913 0.18492019318835745
0.17317928202784816 0.19288381248646555
0.1443028716078418 0.1645187122005854
0.15981210862415127 0.17945114312304106
0.16180525412795033 0.1784230373303662
0.20458235272208022 0.21817253569324027
0.15156491260270827 0.16994681183799729
0.17310362418812214 0.1896753281564852
0.16947715585194417 0.18805818954820727
0.1882091615525645 0.20517143861730888
0.15917415598347665 0.18474108509633466
0.1586386316583884 0.17576301841570457
0.1628323500549166 0.18477163613258898
0.1744712349953749 0.19853621881541142
0.15851757668921385 0.1757542652271149
