0.28321733195337956 0.28157823395840403
0.2658435893495544 0.2635811105622768
0.2837291881037714 0.28797248582552476
0.27162773072460067 0.2860549180573222
0.2697137118252425 0.26403788189193717
0.2791904229844649 0.2708460236540445
0.30108100156243656 0.28870100569461665
0.28137884049924916 0.272162784145475
0.2928601952754358 0.28350153250929927
0.26038748234020415 0.26380684151927175
0.28486410768673337 0.2894977157036365
0.2958503036967218 0.2949517247030648
0.28007139094667394 0.2813532710223173
0.2788970018923045 0.27033066795522115
0.2657094662601358 0.2722339834199258
0.30495880260529373 0.2944046585095032
0.2977291840140433 0.28758554517049867
0.28690305189552595 0.2819660820715249
0.279071601938027 0.26612639279216577
0.2968027546296829 0.30830788442550405
0.2856708261336163 0.29395656950674515
0.2898601262898644 0.28734876929490566
0.2655770364782551 0.2720021559284008
0.2733037160032492 0.27322414646739734
0.30049337004410803 0.28486104699037107
0.2744464184390607 0.280469459186638
0.27902829194298073 0.28261587084950074
0.27765096073256273 0.2636744399985379
0.2881802899180744 0.290825528959423
0.28320985725394227 0.2847925556526403
0.27755259351369105 0.2831440157864218
0.29954396991051147 0.2901709992156281
0.28116380304019467 0.2827393534284734
0.28570412405986323 0.2977783158231199
0.2725168086020952 0.2586415573055843
0.2775858208706871 0.27682253730519213
0.2726368170503057 0.26634144780371866
0.29690991235078623 0.29892336599122454
0.2813397702115876 0.28368503005332985
0.27143516471403295 0.2608264148091051
0.2911131520203957 0.2933208996227964
0.2715232681958374 0.2757939670484815
0.2822684819991471 0.2767181768879616
0.28617665862337305 0.2752344747778713
0.27770638318840823 0.27540932482120156
0.2895132913340743 0.285965867734933
0.27623918971791855 0.2681325332847036
0.2871058759948916 0.2947950501753766
0.29569003251082326 0.31265369661709325
0.2874233398809605 0.28644030992852787
0.2987062881164721 0.28991259652721757
0.29030423754283585 0.28898299397381766
0.2875941398954044 0.2888315364261532
0.28516157351481985 0.28277268833699953
0.30237284846351764 0.289906326359265
0.2921081749872851 0.29274276248618936
0.29738872643945286 0.30610655645454754
0.27135948895832357 0.27376110154552347
0.2834241974700444 0.27799085560688447
0.28880174914542767 0.29015894780739665
0.2949205330470827 0.28955700656158945
0.2888150948312002 0.279912589164226
0.2896903263515095 0.292319213772998
0.29174314180770883 0.2822695410574983
0.28123845998503993 0.2807111675946456
0.286892929200593 0.28604299059940175
0.2840956732272845 0.29478630560409763
0.28603283033670146 0.27217451571530993
0.2825364292600487 0.2772856147135266
0.28578691934449324 0.2741839161573118
0.2934974049101184 0.29932734578098785
0.2816204754986217 0.2655418548785335
0.2911785640707499 0.2842997462274245
0.276398956776831 0.27751626765807463
0.2893561698284006 0.2799632364274964
0.27710858072641104 0.2780324810967509
0.29227388070069177 0.2728794471492079
0.27580496606850297 0.2667452045892378
0.2707842167289959 0.2757371792892844
0.2753079241050174 0.28169773248591645
0.29947110037607977 0.30271169162733863
0.2965326231434548 0.2950511779279082
0.2659125085629762 0.26500773818120477
0.2793667418675798 0.26863949311085183
0.26740679391858285 0.27111401073334923
0.2813493457508211 0.2886063247267264
0.30998044599875313 0.2885593026656052
0.3001139488395352 0.30707605472815847
0.2954353019998944 0.3003698701461048
0.2875816681442321 0.2877946489792209
0.2866221450575242 0.2887792960939126
0.2939217104293946 0.29771431591532843
0.2962999422678121 0.2872049075239972
0.294302591785247 0.29161740764583505
0.298157396842494 0.2825769908600509
0.2706137300563058 0.2629651369297993
0.2769128644636619 0.2845689757880197
0.3022728118586907 0.2975713619715842
0.30222090501874505 0.28088357639518696
0.2936287081999426 0.2992527651825393
0.30117675833905194 0.28079250946120377
0.3083581805872741 0.2831513907041808
0.3030420430054031 0.29652277067645577
0.2814408841665047 0.2710991440154212
0.28478849566684106 0.2731763909354685
0.276641564745509 0.2797826735282708
0.2940440031496287 0.2850677327663871
0.27502753105106914 0.27301302994464816
0.2776604272891134 0.2812686504551088
0.27820883382507 0.2813756596217217
0.28293667515510934 0.2905872539452263
0.289198437144574 0.29728510575540296
0.27337025637248447 0.28075208842389676
0.29857679049910574 0.29452335636050736
0.28447468792188413 0.28952323932955865
0.2778973860252386 0.2768028235278415
0.3066820831321825 0.3041694021737973
0.27571252022731263 0.2757765621012764
0.2774390395286997 0.27498399522101347
0.28261742543303725 0.2888137442644649
0.29349911068572193 0.27985609888886004
0.29258015812803684 0.29470544030852236
0.29238689639218224 0.2808964376114706
0.2952938741520729 0.3067523703924329
0.2712459373465206 0.2761027880863747
0.2654929426683169 0.26743385926020286
0.286671236744945 0.2803065185929877
0.2911299183808018 0.2953536625812413
0.2734835350607699 0.2845614208114775
0.2880667540656175 0.2930138324152029
0.2875267888851014 0.27847817621339116
0.28295195873643564 0.2800607140884683
0.2845564818692025 0.28140126248787123
0.28978874741910865 0.2748607632108897
0.2927714665759202 0.2942587560434994
0.2895433331524565 0.28610068375059283
0.2901553917799134 0.27556243020565646
0.2914190255206785 0.28396905693380564
0.2934807707293502 0.28937390153071957
0.2864112786367234 0.28931773261698507
0.28888401531177127 0.27684000075985954
0.29314972904836006 0.2998070201814744
0.2894664014048849 0.29548460186881315
0.27941013970115824 0.27394536743721315
0.2931463523194783 0.29952878265485494
0.28496877096130346 0.28766499036382964
0.27285572826711735 0.28368897484836814
0.26796066531272356 0.27224367820667816
0.2887701605213766 0.2888172710733718
0.2908937657839844 0.2954747482192168
0.2698408506752749 0.2747380766926963
0.2743316360347466 0.2770525548345272
0.26766734417724913 0.2620879161285087
0.2873193331799411 0.27501816320825007
0.2733293643640967 0.2886923217470793
0.2735914825085965 0.28752552832554523
0.3085829044031759 0.2947945492497972
0.28119685888581425 0.27915171949221285
0.29763345348359244 0.2990698686017266
0.2982866935039428 0.2880958211336094
0.29350768467293176 0.28220540024404045
0.27293267288832523 0.26887888057833986
0.2917557300889841 0.2834283607266824
0.2932394539905533 0.2871433386214899
0.28884411907205826 0.28237752572082425
0.2861474518073005 0.2746550569214711
0.2720874598456723 0.2819428003742543
0.2853475142435217 0.28179729452037483
0.29753857829027575 0.2828097904948798
0.2771595245723706 0.27872551328943684
0.28518966785591376 0.28777860786808046
0.29835526199592843 0.2905984778237114
0.27290237305847753 0.2749920757004655
0.28000781190295354 0.28175724887696296
0.28291534126541656 0.28035437927185813
0.29752045993630793 0.29127966995738325
0.27798034903453783 0.28039121009341794
0.274241192160779 0.2716955671618789
0.30421047833234927 0.2965191905134302
0.31580476483234055 0.28815866232126186
0.2977934561623563 0.2929686597256072
0.29207237831959026 0.28440991219203854
0.29243478431550035 0.2748686602699564
0.2715981227273531 0.2757774655749978
0.26518538461845576 0.27163108577620226
0.2632919993527655 0.2611223315672808
0.28092162543949384 0.28473513354389207
0.314545162352261 0.3153369924513102
0.28251150775923006 0.2839398393537822
0.2765275294278346 0.27301025368874915
0.2927181351741135 0.2918257623998741
0.28020219295417576 0.2885037011729495
0.27467744205520983 0.2683853342929445
0.2729279115895876 0.2772528303080273
0.2838845489013596 0.27419884804700523
0.28449302412291494 0.2608653695625283
0.2711801394881987 0.276523683613534
0.3089916681804622 0.2978309928049429
0.28968383119417723 0.2931913694483095
0.2811270226599333 0.27669916126366256
0.28885083969837294 0.2881982516277041
0.28073793037327355 0.27934391719658364
0.30464722902437136 0.29196962512115754
0.2761938397568448 0.2970287603698895
0.2723464553901223 0.27224635735803293
0.28399541459187855 0.28621935734626003
0.2955134696205458 0.27543858337889104
0.30038564245883886 0.2872913468610103
0.264782725118504 0.2757803030200075
0.2889674345319691 0.28983231239000745
0.2847860732088668 0.29230181927304344
0.2959701661406622 0.2895257875378799
0.29587172076722373 0.29402999700142207
0.29720375869337207 0.2981839062456822
0.28023388070300276 0.27504686793328176
0.2936650361351586 0.2949495767201659
0.29471723875984673 0.28836664509851645
0.27799103552233706 0.27548642425119874
0.2904517940590348 0.2854516355734491
0.2719130177861467 0.2679873904267974
0.29475387552768373 0.28792415722586434
0.2799822903522168 0.2782837548135889
0.31140969519823486 0.31197907405457015
0.2912757294685862 0.28526223714188587
0.30937261246183895 0.2940007509747013
0.2723924711522828 0.25728831190666884
0.2999909993668549 0.29620797156203815
0.294655617891865 0.283252242097891
0.2837494663401761 0.28487632177605476
0.2927013316412452 0.2882887267280894
0.2912109314302485 0.2684973060355989
0.3022020271725085 0.2939986397677165
0.2594105516648887 0.27570130513747443
0.2896642113241562 0.280684404042232
0.3047008840008394 0.3033680738158755
0.3109218854139765 0.2983691436140153
0.28695234174884215 0.28682283138836934
0.2916839906057328 0.2971966503694481
0.2827196177479302 0.27788659346841393
0.29547092259253066 0.2932901292507543
0.2868345504681164 0.290527983806574
0.29021631131394543 0.2921176528034497
0.2906613514881334 0.2822722338653635
0.276965080089473 0.2747194568810528
0.26892104967681124 0.2706012795381538
0.2880461157197104 0.2760445136164034
0.2856630147879568 0.2803453150686341
0.2739601349200729 0.2728080111982667
0.2906940211935074 0.27792880540507564
0.27678098331542045 0.26430979709596636
0.3042653658618808 0.27989530459394796
0.28464776382787144 0.2888307178568406
0.28164817141076814 0.26515089685124776
0.28214851034042265 0.28180955816187814
0.27362015008473045 0.27848642067148954
0.27152604453208534 0.28583545804924737
0.2536720273043769 0.25493639545621083
0.28795680009479707 0.27904477608666806
0.27854348929559253 0.28753375198290543
0.2933158952401729 0.30340577998592144
0.2975481657685059 0.28974547300765396
0.2770298880560609 0.2777251185240168
0.28764080836123995 0.2824149262847501
0.2982382156475905 0.30691340832540076
0.304049734250118 0.2969357861208154
0.2850658895115089 0.29293224618317654
0.2848800026342478 0.2892436137297461
0.30252333070639936 0.3019529320035587
0.2736493483256389 0.27093922962390143
0.2775475470561371 0.27728785240282333
0.27044904884595433 0.2773408882534495
0.3231261030583931 0.2998679892044158
0.2903108245260337 0.2900662255952427
0.2659583441103809 0.2735499259409473
0.27798841866902546 0.2650865171559065
0.31611733087132626 0.3108766293152289
0.28942265535422157 0.2782730518200351
0.27394424397703376 0.28379841776866993
0.3010534623330821 0.30236258879864064
0.2904103956570705 0.2821623226801511
0.3031114444284938 0.30308909383061206
0.3103226228737479 0.309367637726327
0.2932404498592523 0.28528427088632724
0.27401368397344567 0.27124101950726776
0.29655668415189856 0.2974123508986024
0.2629216641406104 0.2617368727431787
0.2805708994534092 0.2820566897792206
0.28103472644180605 0.2682712908601414
0.27754344540250103 0.27722198512457563
0.2972452039788038 0.28718988353416036
0.29288322127964084 0.28261823370255595
0.3052605692731688 0.28908662882328756
0.2986073498372945 0.29563913056724767
0.28325033968787017 0.2887380215156646
0.2758139259921345 0.2774415930933786
0.2952980893608729 0.2938408971135059
0.2788093678941889 0.28301674725701165
0.3089142760269586 0.293800847267689
0.2871849568654157 0.29136428662617
0.298181842799709 0.28670552968256746
0.29285648531346103 0.2916110482823836
0.28884442195061993 0.2883485459657299
0.28656440318027476 0.27367198202402837
0.27077731533218413 0.2628147924878197
0.29225314397563995 0.279997147624514
0.3028586442184182 0.30250767426796615
0.2625206275078003 0.2709649844110864
0.31070961883154424 0.2934803673586277
0.28142555754424997 0.2925730140278844
0.28418437730821783 0.28345466757522503
0.2729512036686479 0.27093014785337266
0.26904326630167974 0.2548597741807563
0.27524169943368165 0.2653498696141624
0.2946254459932593 0.31110717136684046
0.30646190146219016 0.2832482513142727
0.27893561227356367 0.26387793198171305
0.2974509164695473 0.2885475751687245
0.28302729398851617 0.2627224752390654
0.2802813617256622 0.2848766372812281
0.2718042936669725 0.26635801551682237
0.2972708362643411 0.28441605714794893
0.3187590327545619 0.2937016576693533
0.2924193485228966 0.29134444019839
0.27582432595331424 0.2726637010149702
0.2732067875820985 0.27338324534722286
0.2736538636689685 0.28461737010637506
0.28023556370247105 0.2795567266188049
0.29528060986830096 0.28420059072825554
0.27473840823938617 0.2726463470031194
0.30345512574364947 0.2878506586511926
0.2807016109933413 0.2819369896380332
0.2779540967793336 0.2827934841059147
0.28281079622280714 0.2747126695901411
0.29016011076462556 0.29191796103457984
0.2819374074835152 0.29327384629601855
0.27266279448807257 0.2674144943291286
0.2897206624806899 0.29302457057268105
0.27829126259681386 0.2875503026596863
0.2807992941489015 0.2946008920729262
0.29379547765519803 0.2902530743728506
0.30407708475203954 0.2958965835278718
0.2822700838851157 0.2755485338742669
0.29124991583117654 0.2697509902028766
0.27981773593014636 0.2792108963796167
0.2848046408395874 0.27819137461186566
0.29990601151978113 0.2892833853725382
0.2835810642049133 0.2909430201186016
0.3030509980294366 0.2947881685762284
0.2893447591517428 0.27604090408292825
0.2813297032681259 0.28223565276942897
0.2736387414201827 0.2793474824704819
0.30316278107858385 0.29895116741200845
0.277382674126203 0.2809571841838965
0.277473742279865 0.27570370031048586
0.2760520784052196 0.2788275140455218
0.27462379406109605 0.2769877650830416
0.2838961383114402 0.2923152472923862
0.27278824469622487 0.27216505947408726
0.26363478558873166 0.26331639207312213
0.2850045557279989 0.2800067476703547
0.2782161755907825 0.27826308882376427
0.28013398385980237 0.2765066880061721
0.3016360630151192 0.29539212933467285
0.26524750831292787 0.2713726781852442
0.29217143929007544 0.2906551754156114
0.2913735896265903 0.28282050044757207
0.2902436719565331 0.284637727045678
0.2892868414219318 0.27652295997497484
0.2932442112534047 0.2855373245089493
0.30342191610900815 0.29600269876184204
0.28645808665634337 0.2818659936192269
0.2896061655650373 0.2787494351091179
0.29690310295017236 0.29680337302601634
0.28221160372367016 0.2786522042615996
0.28607167589326493 0.278336147720125
0.2919998205194226 0.2800230788952148
0.2891174535937575 0.28748746525817526
0.28153845700167573 0.28006256091813114
0.2810739950274424 0.27835086704231404
0.2798530298745501 0.278789493129217
0.26430881681592194 0.2660293561089243
0.2927128707851693 0.2855096391001874
0.2683121111744205 0.27453070538946917
0.2931637115482511 0.29262811914260234
0.29375031898859866 0.2840296457068314
0.2874192435691209 0.285599388722831
0.2707090579544163 0.2607440057790195
0.2977979099842464 0.29647384059788046
0.2776861420744351 0.2832779431602162
0.2784121735760948 0.2771124171650307
0.2883072990033565 0.2949639193407325
0.2738577316811977 0.2833649890226116
0.28752820469331225 0.27294583502826575
0.2843642193037849 0.2796020399678812
0.2879066362633437 0.29558972270218914
0.2886589053735453 0.2907331228211911
0.27310301051178965 0.28223592874397296
0.31939438837541906 0.2996725119914646
0.26800426427854973 0.2795015721148456
0.30116566700793046 0.2909398337801157
