0.15317999812890398 0.15165622840795198
0.12970488272877065 0.12716891723536267
0.1580910358685048 0.1547999186175287
0.14162216992192125 0.1535828630429557
0.14780616934483162 0.12782542649649137
0.15693110807901 0.14944017590867978
0.1807423418172155 0.1582377932006407
0.15461447508672957 0.1385515913229868
0.18785996154658305 0.1584378112510076
0.14592969808902517 0.12874112861109624
0.16405192087636994 0.167077228980796
0.16354206751619735 0.1637584971134074
0.1527084894331898 0.14141159106403012
0.17092245992471217 0.15916235743221396
0.13298723186742945 0.13543630453538014
0.17340023711098468 0.16699764940376077
0.2041900762281856 0.17102668461792195
0.1617624958870362 0.14755892985764457
0.16117315086712686 0.14963334853153284
0.18298680335870032 0.1972064552791491
0.17259984074424067 0.15785036327705076
0.17662428286957077 0.1702069306535091
0.12713883141905163 0.1353587174569281
0.14991896320190753 0.139020590070542
0.18772593865364234 0.14836932873680372
0.15479814747909018 0.15321181435755998
0.14575009463570554 0.14958221787407097
0.1401477072891781 0.12855974419529329
0.17233217327089037 0.1539219613132736
0.15905971267237065 0.15753021394627173
0.14137927247965779 0.14076227389323445
0.17902334463699812 0.16793704677832424
0.14727636762417198 0.1447301217941978
0.14837841505459717 0.15987343874300575
0.14061278491234122 0.12834879593848703
0.1476437862757365 0.13566279809383944
0.1603106150572745 0.15285768333175836
0.18784759028344555 0.16929157003632433
0.1704486780636489 0.16733087201659974
0.1437910669229948 0.13780000342068147
0.15679215672567465 0.15538427119739473
0.13835759034905917 0.14085811959632574
0.17277989858739223 0.16315439707589469
0.14641638369772916 0.13046632319359022
0.14372463336659227 0.1333503726864456
0.16388464754920812 0.16433815238248614
0.14106847505003037 0.13165459819689557
0.16371677465077136 0.16798003038803366
0.18584975215523725 0.1947225769076115
0.15320016928192803 0.1513475061888053
0.1766210908743252 0.1633685348555059
0.14819074899500398 0.14912847166583948
0.1533584611739809 0.15597964199740083
0.15054154201277173 0.15117414769924564
0.18389478012362243 0.16622380358920605
0.1415806044096783 0.14205773349731052
0.1686620003848349 0.1743608847466857
0.14451055280560032 0.14911116666483748
0.15727365148131925 0.14834863926489833
0.15762020174243754 0.1527753197803323
0.18635064193337816 0.16538663990659538
0.16321709644339177 0.15882831963624308
0.16576381296532575 0.16227812689782348
0.16442462274801786 0.15159622353423763
0.14675291483289474 0.14235670481913965
0.18244339149743413 0.15458753839953518
0.16041674667955755 0.16409452709570807
0.1566135453185759 0.14206636922595398
0.1663162107897619 0.15028116787811682
0.15766489091725658 0.1434571097518826
0.17047596502726967 0.16851822640800335
0.14574041674444374 0.12628559969761755
0.17254867792994058 0.1570410941747483
0.15713647657191615 0.15751125392444362
0.16343830197566228 0.15583647590453067
0.16667080331872428 0.1425989364558099
0.18059338946930492 0.15440946955613563
0.14164262692250384 0.12636811748924395
0.13919377731347674 0.14038997348620644
0.15329288908316838 0.15570381906565292
0.18300164062497432 0.1715346454022592
0.18070650673756217 0.18081091062633134
0.13165552027710617 0.1257309858394364
0.17275584331745697 0.1555811782545005
0.13353890935164323 0.13233096894397484
0.14517365068013463 0.15403869043036944
0.20665597356277637 0.15204050434569327
0.17847721023609545 0.17831421742694892
0.17958390384209694 0.18417648638802833
0.17057573665668105 0.15258560508171187
0.1734559524812136 0.17154856459269
0.16286674697721348 0.16458673694449363
0.1629827715273229 0.15311430445585528
0.1688278103231578 0.17057199837123385
0.1844503233099757 0.16643016742237773
0.14365614701883847 0.13115671811090976
0.14090520401271026 0.14985033980541046
0.18666258381466436 0.17479870894255425
0.18298272825003728 0.15400227963526203
0.18509430339782668 0.17820178155201172
0.21628415369631923 0.15595758618226765
0.18197561193526407 0.1621923419742082
0.1950880283177876 0.18704351371312686
0.1472770524662476 0.1306776577249869
0.15965239009443985 0.14459619900053128
0.13691269823630317 0.13961837634842386
0.18377130190438798 0.17206845474261787
0.1421202096670366 0.12879329042737914
0.16225603415437412 0.15535834326957806
0.1631247303224628 0.16064024356309914
0.1454181955314526 0.1555201524780812
0.17281898091382975 0.1716401971753272
0.13336500703104856 0.14047357599196655
0.19528965449691338 0.18079758682243177
0.14461418964901865 0.15069613399615472
0.14276768926860603 0.13586731277535813
0.1930197171334295 0.175772412395585
0.14671621015417133 0.14354371542583763
0.13423000515775046 0.13532270445316874
0.15714023648168646 0.15419225071462905
0.19727363935136755 0.1402315690834168
0.18769089028182512 0.17782798639343286
0.1682907555858046 0.1470987349434708
0.1675910170644575 0.17672969523703494
0.16736687098262162 0.17379969314864274
0.1282964206010385 0.1326828071913532
0.1533548365864318 0.14761412244111508
0.18603496019152277 0.16719827206789345
0.1410130743468733 0.14959588833790222
0.15889006712779352 0.16274418992996795
0.16522610285615072 0.15042265316503242
0.16235465224055703 0.14953096206959812
0.14371636858472173 0.14637591852126208
0.17753116221174667 0.15213992069001742
0.1583123822898414 0.1513129267788893
0.16785649057197383 0.16204191690895553
0.1785941972068449 0.14043002603635926
0.18351535428471585 0.16456367240328493
0.17236803292476943 0.16215899540879164
0.1692714972205248 0.16597063191031305
0.17277429591247967 0.15431728229222919
0.16612973568486836 0.16800568792482512
0.16543159621383763 0.1686704022949228
0.15109337321723162 0.1449093445016515
0.16883202773737543 0.17574008653366524
0.15728209541047264 0.16117363129127743
0.12992951359843283 0.13791499037356117
0.13537362742178627 0.1411994751161919
0.14931231567291478 0.15028714402892296
0.16797590219023206 0.16646774673930612
0.12637855756771094 0.1311109375788347
0.14969307366594417 0.144563547342777
0.1360028947690184 0.12786139998160057
0.16168570559796533 0.14921904423133595
0.14287532217521492 0.1587253399744474
0.13883665200571665 0.15235082151342494
0.1980015537549503 0.17413482094845872
0.15320964421684455 0.13759938497166285
0.18526751658887872 0.1786798192403714
0.1780944985014352 0.156144397875057
0.16259960591547584 0.1501036865344175
0.14578558652881785 0.1336897035694432
0.18066227107258612 0.17078467746048528
0.1654076625339626 0.15441478589513247
0.15865602146063243 0.14856511670537098
0.18393747736945848 0.14865032032767808
0.15477292378551305 0.15796904737169165
0.15417399149165587 0.14936550648908822
0.16426076818791394 0.14936341238882836
0.14536201984942881 0.141211499279077
0.15290228742339304 0.15659706616083963
0.18190225379514766 0.16470686870259235
0.14268650467251975 0.15095407368131236
0.16380507484814363 0.1589387512901453
0.15204867040673603 0.15348743098724632
0.17919725189041438 0.1724161398191199
0.1424870191512218 0.14267893408758175
0.1492316304649537 0.13421342440134842
0.19227237020114185 0.17217236256648893
0.2292481579500481 0.1764352036691599
0.16046799881331508 0.1601789104290654
0.17018562744029916 0.16022137481269522
0.18943389922826673 0.1582483899310522
0.12779888054342317 0.13109930150870863
0.14105354328051986 0.14010824078353165
0.13468445876866525 0.13061329573407465
0.1674386156561911 0.16274640128731663
0.21480740230634596 0.20622258188760706
0.15289241135202164 0.15357416469034577
0.13586635220078774 0.1344374115267466
0.18910801096082763 0.16451155179768154
0.16518213511200383 0.16756377430631925
0.14851316202344664 0.1322534784123983
0.1418438942810621 0.14418149640353994
0.16638596570636935 0.15476702397777925
0.16707798317420305 0.12083303732823986
0.1485459015517287 0.14856291291169224
0.19159922297279564 0.15933631951278435
0.15765071587291807 0.15633390248488457
0.15880504765120645 0.14978041847042217
0.1909809750234199 0.181415896543948
0.15112444182155046 0.15441892392482637
0.17766750131912962 0.16343121716178632
0.15508761463652515 0.16818994345913907
0.14663884452216758 0.1407748337214484
0.1614770966749975 0.16017378186848552
0.1599333369945295 0.13789653115583358
0.17007263859950836 0.15373213665797042
0.14870516615118723 0.15113514824431512
0.1629675941880938 0.15020467549085662
0.15833127544760206 0.1631114697841228
0.18348937490262338 0.15867982633575312
0.1670294075219912 0.16160132501082355
0.17643117726221635 0.18635532112416933
0.14482599324907494 0.13570784864125854
0.1694079813078711 0.16125466531298463
0.17793451075804517 0.166388006256587
0.14503108388206823 0.14307553276970697
0.14605863325632784 0.14546532116021157
0.1421014628550063 0.13065208953115892
0.1768601637382287 0.16797367577536956
0.16538639592613233 0.16348479071350838
0.20390947702000298 0.18997921102367396
0.16507949436390063 0.15930037371157163
0.17012305647403814 0.1613414783583881
0.14788400744810637 0.13662157107817494
0.18707796568565835 0.17031183268012004
0.17643914216899637 0.16160391286716805
0.14945869666723907 0.1505208315526536
0.1588644205799949 0.15228000236669256
0.16835577027322662 0.1419698378954757
0.17518262044702623 0.1595964106761434
0.12749048318219616 0.14105307129475841
0.17158289938515844 0.15801849272078128
0.1866292283566473 0.17937770571929262
0.2000695422608847 0.17813415777118402
0.17000343277787186 0.159659799394203
0.17528290875928762 0.1761576159424804
0.17450087873785675 0.1636270223778035
0.17480240692198978 0.17048964347619233
0.14395611698280456 0.15116589996086213
0.17274184431211284 0.16703914289223934
0.16027990495903283 0.14944659596636603
0.14645006263592256 0.13996084631691977
0.13011317896239535 0.13244182061780185
0.15445686934760378 0.13323136319089784
0.169145922473657 0.15598037408924348
0.13181026633756088 0.12950271689086065
0.17659562489192357 0.1604010140696952
0.13718219276998433 0.12689150284175343
0.1786785146978343 0.1585850623734874
0.16489369565613968 0.1547905053270161
0.1611644573856049 0.12166272109397061
0.1589463590713566 0.15896689539324685
0.13552134695698226 0.14037411981729842
0.15380852977995488 0.15807562881327414
0.1168250258571763 0.11806944462459305
0.1702836260507727 0.15681965554235386
0.1589402890768725 0.15549623550051264
0.18814181863571097 0.18098998574346092
0.17243045228095935 0.16980953703238005
0.1701324557189635 0.15538266607765738
0.1489076009074694 0.14784567313339034
0.17171293467343607 0.18198726659076506
0.1780614547018379 0.17038230183191713
0.16818874652212173 0.16809673554994894
0.1623463718214903 0.16650118443509793
0.1723509689403046 0.1637668706266919
0.15677182277425114 0.14957980085583725
0.16406137344861815 0.15952024051469968
0.12478289973146577 0.13324072769621145
0.2358184711225067 0.1746780051196078
0.17582776977368644 0.16983320614704334
0.14328662617969853 0.15180075635076365
0.15860054438566612 0.14886548519413453
0.2110493825147896 0.18813893744709667
0.18174883772469147 0.1697229064066555
0.154191325132994 0.16162893123550698
0.19597699003427363 0.18721517725547512
0.1647802075648832 0.1570422540478201
0.1991045916855229 0.1860252151446821
0.19074259147917028 0.19707268466027633
0.17824875648679317 0.16827651820864864
0.1514596783533252 0.1405257617267802
0.1844748781294361 0.17572418063388368
0.13908101513025342 0.13433824688431284
0.15667257730129272 0.1561293476221949
0.17024391687584692 0.13304595742380113
0.13641152127704298 0.1332143685247999
0.19361727033519716 0.1536170651009092
0.17918132560587427 0.15295852735049328
0.2091860906589115 0.1655760122321358
0.18195917616548737 0.15936924914110406
0.16802342351756017 0.16471688276478474
0.1551576624060099 0.1468648054335856
0.17197689243264658 0.15432219772312974
0.1547949823340768 0.15418039900574698
0.2057168345519881 0.17348141146743237
0.1765966464872117 0.17141406380603308
0.19404144895412576 0.15634762788469028
0.16809429460249434 0.15960491164212165
0.15865577302515954 0.16085412301213148
0.14943561625567436 0.13662650054051373
0.13085118985658678 0.12833354308913916
0.1709945828912835 0.14617030764719185
0.19353621754611075 0.18775348708304843
0.1270374240759301 0.1305163842548991
0.20735993351808935 0.17027474988845911
0.16441331320225194 0.1641011224942452
0.14972920531294837 0.14867394011495388
0.13676799970754672 0.13607711162419558
0.1280505991749751 0.12056691147555125
0.16048467181502005 0.1360816361192325
0.17273119307554527 0.18395347940031323
0.18579365022066113 0.15775204374263138
0.1571681909695704 0.14020091629120002
0.18018050567872268 0.15962312359003328
0.17086886211113725 0.14932901866454384
0.1538025979191596 0.15225551240043794
0.13990448297663372 0.1340868089173681
0.17609900136692308 0.1646744518310793
0.20869956803344947 0.16891364983374066
0.1668840179468737 0.16058136322068273
0.15645716520817465 0.15319099465024977
0.16717501488113704 0.1408821918100022
0.13828509787852483 0.14829309570329574
0.1594158820012051 0.14905158178523073
0.1769538107416879 0.15278127605601816
0.15248480261176411 0.1562793137369905
0.21027736114196002 0.17182871938554242
0.16056827954995073 0.14997216876418987
0.16219930321159648 0.16020636296613477
0.15852499395320865 0.15166044040379084
0.162384250003827 0.1614465275560138
0.158511195238467 0.17300013496836744
0.13198565736373655 0.12929729129222095
0.17650342471658248 0.17891762747741677
0.1446359332323544 0.156730127812814
0.1476852544908358 0.15370786625095886
0.17679299711651206 0.1689141206214624
0.19394056920407876 0.16857306798885538
0.16535762618181482 0.1595648586319746
0.2189722112895742 0.14767718433682742
0.15652754623790374 0.14978399484960928
0.15005045206760922 0.14315240889688624
0.1790572558779716 0.16839970907159113
0.15921984586881172 0.1640563760076105
0.17086152125744786 0.16178008153173187
0.1663422030116126 0.1429843255131565
0.161776374100263 0.15512544060296635
0.14966283782573356 0.14312570632281027
0.18600164088870422 0.17533078039137506
0.1463409535933145 0.13844219640963995
0.14400875245115796 0.14266874945321892
0.1489245163268261 0.1490716224979791
0.14089985775040062 0.14632093942146396
0.16727820831540843 0.17099891389244928
0.14199715311429137 0.1338119596523827
0.13019976736819888 0.13253939654860925
0.1533221010034734 0.1520499980152195
0.13575433095925285 0.14335298583700798
0.14986964843374329 0.15011944694516613
0.19985231050934368 0.18538999510006612
0.1421103431395769 0.14852242385794395
0.1886279776224101 0.15958216673228126
0.16815806569283334 0.15057109222803428
0.15564254419296852 0.1544102766948873
0.1666734382405278 0.14945183128701028
0.15646493274610904 0.1521831697310889
0.18157396277322266 0.17446701752585508
0.16438767230811444 0.1534199834687918
0.1460498041640502 0.1430520586835309
0.19963413350934497 0.17193360636133342
0.15245107889433834 0.15327015412874379
0.15591390107260286 0.1453972045607185
0.1688795794810975 0.15407816751939943
0.1632785822882333 0.15812982633724
0.15084347838586865 0.1462243466985105
0.13294478044944943 0.12701133540354267
0.16620183578398962 0.15659078685579125
0.12776176628414576 0.13637476691357261
0.16751713971988288 0.1525106152854109
0.13321142772903327 0.13630562693856252
0.18382121046694017 0.18491864433193206
0.16346830445724278 0.15428037309037207
0.15911029145794034 0.15526805251766332
0.14917122315747444 0.14115408737432544
0.1827617443610566 0.17668802264901362
0.14960407828702568 0.14795008947520583
0.1479317941399975 0.15009866342235703
0.14726936867244955 0.1564724200632304
0.17305709470793632 0.16949375906488925
0.15947279282404403 0.14558294337699393
0.15985949332283078 0.14775126065550773
0.1786738777892999 0.17861893688242372
0.16940384102349912 0.1679649709800009
0.1336321132678509 0.14199492896370342
0.21522180785424505 0.1849623646280057
0.13818245907400115 0.14472574054482826
0.21673398433395777 0.16467651322176965
