0.282521118176839 0.2881745144707142
0.29589476647904134 0.2975799282480742
0.2773913515992151 0.2799008736670886
0.2849836779419095 0.28247009960359637
0.29601082689989755 0.29605239050207954
0.2825704386553105 0.28074944908140237
0.2867703428189397 0.2865456297643125
0.2878097241980289 0.2885501499606674
0.29606764080057235 0.2929498939243896
0.29550266883156323 0.2993610279176645
0.29837994262882966 0.29726892097073343
0.2846111306482095 0.2870027023879906
0.2922640506673262 0.2967014788534758
0.28917785839136606 0.2966793696977844
0.2944048232689801 0.2970200754025078
0.29175399963395426 0.2889590911025104
0.3059426117925684 0.312358455486888
0.2941896876058719 0.29190858862352953
0.2880954700052288 0.29260507383938955
0.28974767224574755 0.2883244644566738
0.2892013580721281 0.2892137471961468
0.2932344030225799 0.29551652214518426
0.27912295114197777 0.28010022403436763
0.2889663613181879 0.2920157040019677
0.28202840803663276 0.285281100811435
0.29487385614324274 0.29744637204390423
0.29226139364145487 0.29165420035350687
0.289793446238793 0.2864679438673521
0.28412131628098064 0.28067166041282393
0.29054770310854733 0.29611977698420466
0.2880132817828974 0.28279891008035
0.2969521853589087 0.30184971553584006
0.2864660948672374 0.2884601157503348
0.3012605527942041 0.29863994027033086
0.28900355023921487 0.289023724049497
0.2776774113261129 0.2844889177793796
0.29407839134032904 0.30118379632299247
0.2945010893647254 0.2932922810484298
0.28493374065164484 0.28664711507848356
0.28726882775899065 0.2897782371103075
0.2917919290174515 0.2922212048214879
0.2914654425889352 0.2904863944612653
0.28228135489788525 0.28743563413338474
0.28629674437573144 0.2896819275076902
0.2839802309101105 0.2853418787546356
0.2880736006045255 0.28691846979656105
0.28727886291409443 0.2903136315154503
0.2898631695581295 0.29526564987006393
0.2874627873256305 0.2935819827105412
0.2862292408531553 0.29387496604389135
0.2797509650079856 0.2764854866943278
0.28647274027351793 0.2833340267006118
0.3010492546182958 0.30171686342051696
0.27928422931461344 0.2799099353217284
0.2857159802298791 0.2882437786221796
0.28279540462996805 0.2865304092435148
0.2905330001350303 0.2927180593928655
0.28974238048122564 0.2903324919216635
0.2952112673312385 0.2972659114609657
0.28311373186331784 0.28008906445621107
0.2855974031121871 0.28416020250834156
0.2842090170898546 0.2841911103183217
0.28869118344293965 0.29168565661903145
0.2807849559368922 0.286010805160759
0.29237063848516515 0.291962088062051
0.28725286614189655 0.2895812925356456
0.28498380921147826 0.28397242828662195
0.2772773221398492 0.27850676725776724
0.3067127712461651 0.3058643814814493
0.27747776147010783 0.28108388822407226
0.29180871540127645 0.29105158774105794
0.29272166506778935 0.29384518557051675
0.28018162648309836 0.2911078545552926
0.28539076520070006 0.2902171432432047
0.2959688380020418 0.297790223315237
0.26958326881830946 0.27515133156951177
0.2881560560944864 0.28762896218413486
0.298117857402405 0.29834900142271464
0.2789644385927609 0.28224034958237176
0.3011076994337437 0.29998024046556704
0.28811404544592345 0.2886759632434496
0.2787764321667758 0.2802185282603806
0.2823893725254026 0.2809487672637224
0.28903640346794707 0.2902318874744142
0.3050930457365885 0.30596865586291183
0.29899176940364425 0.2957744701731231
0.29748268175023046 0.3007238303376287
0.28604262364335525 0.28552958674263373
0.29633088149163567 0.29923944248820555
0.29340692995492335 0.2932882823964915
0.29647751757526175 0.29780384800800264
0.2921739915143838 0.293265746336249
0.28047105754151336 0.28544233122377516
0.29283642310297736 0.2927430681070753
0.2859177999626556 0.28707230696845054
0.28528193186116724 0.28535495623212126
0.28552910139656346 0.28167355643860126
0.2903318603961193 0.29637457988591087
0.2821818174297236 0.28349227020152507
0.2920223213253027 0.2960125494139856
0.29278828335529683 0.298632951765808
0.2855717582307614 0.29066311945842255
0.29450877817419696 0.29143572905112913
0.2798240189116818 0.2837818362568673
0.2908368164728618 0.291543127900153
0.29228636908346234 0.28721472483723404
0.29856375181052014 0.2984599738717266
0.28666249759777107 0.2908231875417471
0.28895455038488865 0.29019593665802323
0.282089879273518 0.28478118006295183
0.2829413615599443 0.28071673717982565
0.290997463802908 0.2912727608471568
0.2863970024576835 0.2931067707615249
0.284657973297505 0.29024550137075955
0.2925365426734488 0.2942415290141238
0.290147011428009 0.2880558199311888
0.29091602438432806 0.29274836865932385
0.2825759430409842 0.28467913776609627
0.28294702399921273 0.28439898640157024
0.28534774871998314 0.28580252058669564
0.2832285292439827 0.29116725594346343
0.2813766909373145 0.27955760894303083
0.28189558569972506 0.2863543003408772
0.286727549436587 0.2924854139255293
0.299737409764945 0.29554746763097184
0.29501435884235766 0.3021697684463299
0.2897195559083594 0.29457187723278866
0.28352139754054057 0.2872966663775882
0.29343067246082366 0.2944602053879797
0.2857530821791522 0.28980953685356237
0.2813340076838456 0.2768125196939866
0.29066562133035667 0.29412933582215783
0.2884835047837898 0.2876022058361571
0.28687807459589504 0.28721514107297547
0.2781698436381008 0.28334317102022977
0.29172482777190206 0.29727924021254754
0.28761333033148073 0.28842696692359554
0.2893496570651231 0.2938320627153085
0.2909251496861061 0.29443919719213246
0.295615105302726 0.2958383061911754
0.2944875106904052 0.2911704048359522
0.2898415583575833 0.29173851367274156
0.2936187052747313 0.29478424958601457
0.282958852280795 0.2830203227221561
0.2835702370825274 0.28434187343211714
0.28921035672880935 0.2910386286532265
0.28016829234774254 0.2818592974995709
0.2814392073023747 0.28501070250575694
0.28053764490188327 0.287662553554547
0.28874564916507306 0.29133577549987777
0.28726310076318823 0.2881838281801307
0.297562528213491 0.30129207625736637
0.2864221153695017 0.2814410750622076
0.2934090006693118 0.3001914269711349
0.28654660670433413 0.28238516215746845
0.2909411336035167 0.2878065501954217
0.29939854170628716 0.296624606397175
0.2878051551185632 0.28583477290290865
0.28914724033107747 0.29094101163198205
0.28844618076625494 0.2864968904326365
0.3079981152914207 0.3062553625049122
0.29884910599402303 0.29713007933827584
0.2900781776852696 0.2892572861713461
0.29289375779005855 0.29992408862678005
0.280335090232506 0.28430172751018873
0.29154688551287866 0.2951120453859797
0.28696394973453904 0.2843551605919432
0.28863699900985856 0.2871482666609272
0.2963144676650659 0.2937336402500524
0.2922622577159344 0.29090361508338863
0.2761652471747064 0.27573506588494157
0.28526399384637025 0.28688274633670985
0.293708570711305 0.29748748428567795
0.2927449539025432 0.29285789487075564
0.2866274775656119 0.2930029339055142
0.28679062933098065 0.28726594863739785
0.30893374560612086 0.3039588082792579
0.29378946617859353 0.2869866079350921
0.29439018768731656 0.29482271924191705
0.2871395375521037 0.28627811636915534
0.2946233436282204 0.295446231057638
0.2954875698013467 0.3003793398628814
0.2833634739888404 0.28658954396601183
0.287000980017692 0.2837796229599991
0.2825461375772117 0.2919411041755555
0.2802629290658202 0.2816060956309601
0.2924733153671243 0.29723228606410446
0.28297632317859295 0.2861176167680893
0.2935836340960877 0.2939682202746424
0.2860869139501545 0.287399452712378
0.2965780217120555 0.29700968258570803
0.29637978973638585 0.29645587735400075
0.2882575977890171 0.29096447829060684
0.29099593643430344 0.2924437489532044
0.28629397220627784 0.2866090498339546
0.2885786308617455 0.288902836320636
0.2901652437539344 0.2920293681575608
0.2833474243561208 0.2879265483839901
0.30146232921728877 0.30349039264675515
0.2882027749716715 0.2955727837280827
0.289309755592517 0.28919873468599044
0.2748227272778787 0.2787075828610816
0.28349484870560515 0.28741611911242193
0.2992312165951986 0.2975828493231238
0.27791977654682987 0.2874228150256385
0.29200444065552345 0.2952662945130714
0.285425114862278 0.28717233974754347
0.290245885012844 0.2958898324396837
0.29912208396964746 0.3043124176049553
0.2945444021429677 0.29399472671074195
0.28300118884792497 0.2847711146834905
0.29262957295056047 0.2971274768254862
0.2854446679850787 0.2874783625124389
0.29309458670309735 0.2912538344956075
0.28735755794432793 0.29007115946155426
0.29041646849705777 0.29111020399739795
0.2869081734467885 0.2840690026429018
0.28760331668339045 0.2928747923748319
0.2849827284068104 0.2910627549661605
0.28677358197875874 0.2931545615515938
0.2917120444093051 0.2912343861564084
0.29170663869196306 0.29128143551315994
0.28900084488083916 0.29780532619754657
0.2879836495545499 0.29027288271296353
0.2935273257345036 0.29963389695064346
0.2868975777031406 0.2874108333407432
0.2892813983263868 0.2953569065182955
0.300765764224519 0.3035432860522946
0.2927808212835898 0.290943086499143
0.28032141432256513 0.28620287199243566
0.28928484399762955 0.2919676618500914
0.2939150985471791 0.2932042568379728
0.2812163616334947 0.2843840138351896
0.2849627961974909 0.28982734874282173
0.29145491768188936 0.2897121226887793
0.289311107409561 0.29132605243703374
0.28649595730339117 0.28505402154609155
0.2946646205786912 0.29580043263344463
0.2938758263197386 0.3017612086403139
0.286866000611897 0.29235608587344186
0.29441374588204444 0.2942735320669635
0.2883856758188164 0.29059788229321526
0.2826225033127362 0.2812625284663445
0.29587824043964855 0.3012673187807971
0.2940935894696624 0.29439324477916906
0.2875031486592068 0.2937283976544386
0.2850197360540153 0.2829907094174486
0.2922480188836657 0.2895009310893818
0.2869854559093236 0.2909766063793777
0.28755548994656926 0.28838410392946967
0.28114215963813644 0.28510578663958064
0.2865937608145115 0.29262918306828667
0.2916848780573129 0.28752728508497566
0.3060217420413617 0.30700904860909767
0.29644381634728784 0.2926070910101733
0.2857228063777952 0.28902482634260557
0.28512063569972596 0.29157515434480774
0.2846992872670338 0.28615299309574177
0.28848697768943005 0.28753076306528963
0.28748851591915475 0.29092958890521736
0.2870100787814591 0.29010379348477805
0.2875907992085227 0.2890080826648429
0.28733277137546215 0.29333175272868134
0.2862001445330263 0.2868130839571142
0.2838088129063747 0.28360679926039273
0.29778353011503195 0.2973810693111621
0.28151917451963643 0.28247063726651783
0.2901404719821879 0.29385892542606484
0.28995810173548386 0.2938808143149189
0.28991447525043285 0.2915803847712876
0.2828755582006281 0.28960136559349653
0.29598703690109457 0.2942841577965537
0.30393306144589766 0.30289713594748074
0.2938971616265339 0.29224574379770624
0.2854542784444842 0.29111869720162836
0.28579019423741164 0.2915364627928773
0.2899916192382763 0.29204550579482147
0.29136282529941376 0.292247257994389
0.2897866426333114 0.2899100492171185
0.29507343448190293 0.2919332590846498
0.3006680642393564 0.2926806188780813
0.28504109135466177 0.2873755951804738
0.2829173726395943 0.28698173334040866
0.288587838661871 0.2920940000389417
0.29733548664286397 0.2991959995102581
0.2854927599601294 0.2851587124861215
0.2881137612927412 0.29238417302752046
0.2948673897246842 0.2979751192007991
0.28899058250609566 0.2890397870849125
0.2958370611721097 0.2913149619291798
0.28470766583060214 0.2831997673361121
0.27875485498449853 0.2838122951281767
0.2871938862747742 0.2841727250048427
0.28782979560891964 0.2867660547156629
0.29828561482429883 0.2923224100135635
0.29236673041872036 0.28833899986623657
0.28991074691721697 0.29029255289295325
0.2864818288191938 0.29209626177478965
0.2899682923061195 0.2880472334235602
0.2821465868825804 0.2838682865162125
0.2920343025886829 0.29146999651518696
0.28632481151161965 0.2863695241397959
0.2900602157933286 0.2898954719695327
0.2925110288462624 0.29773719903735557
0.2951365942596405 0.29581131700687074
0.2888313049097314 0.2867413997906308
0.2934270285607854 0.2959815672259122
0.2894359041959976 0.29283415784576167
0.28097208059666756 0.2833573885827358
0.28741972214664935 0.28632306793382356
0.28795863126372967 0.29148463903571964
0.29541621244192007 0.29790950154666346
0.29177496767751193 0.291047448987894
0.2875527364659796 0.28683775135885
0.2903817951359548 0.2838935362276535
0.29338800615309774 0.29590000771515107
0.2970412286988968 0.30022826224701693
0.2746651432579138 0.27655997741641464
0.28952357937051615 0.29027752825647973
0.28346165448780786 0.28579989535284667
0.2790996751150157 0.2841999080150236
0.28796588838338194 0.28741841722079897
0.2861868533479304 0.2896106348236325
0.28707325754024304 0.2901802590817708
0.29023791093213364 0.29290743044536743
0.2911803379394218 0.2926404715490066
0.285146021471399 0.28528502665113303
0.3031312259795354 0.29840124579075783
0.2811161245810227 0.2877282474696903
0.2964140492484388 0.29216966424199314
0.28045960717390805 0.28873009939421795
0.3018958048738903 0.30233959329188914
0.2973360604106215 0.3009943502448731
0.280417137666196 0.2824235561147771
0.29545754233011084 0.29158924447159223
0.282495734177206 0.2816995236817516
0.2836109652678115 0.2819856643151194
0.2782637960432668 0.2836338391265676
0.28087884039056926 0.28037828333588066
0.2922666071523236 0.2976042314586084
0.29491542486054334 0.29710269238439985
0.2826185699899112 0.2817026909157783
0.28971524735036597 0.2935244469266601
0.3002926807942693 0.2918508945620102
0.2928257837306099 0.28849346380575114
0.28546412623255396 0.28598033398191425
0.2830478425860705 0.2856547476216086
0.28201396551678337 0.28550728573607076
0.286537168786805 0.28564409776172034
0.28929963524856295 0.29012026068979857
0.286429422910456 0.28968487792746217
0.2936572540061195 0.29398971809062574
0.285647253873834 0.28863964767828604
0.28915828277378613 0.28978231649861386
0.2913088108812347 0.29353201301978993
0.2950775515885677 0.2955230432421255
0.2832776732769378 0.2901663658095515
0.28903997472122966 0.2874081066346793
0.2867818173035038 0.29190327128148835
0.2892682131746182 0.28933072453704245
0.29309589533218056 0.288394247364205
0.28504680621473727 0.28872551086362025
0.29209127691839926 0.2970277741704183
0.2892041064931862 0.287592427045947
0.2876472154746395 0.2890751682801841
0.28540946111778204 0.2867997882998693
0.2953351773252077 0.3000492087612959
0.2935310979578239 0.29602303449511413
0.29262625277595505 0.29504351439382104
0.29054789325747526 0.2871963530580906
0.2874079560287451 0.2869861099540682
0.297569633057062 0.29829583909759455
0.2923636755710507 0.2972492784240457
0.2882124071472031 0.28913700783758317
0.2881685325321467 0.29060843034765976
0.29085162735386166 0.2912126609393132
0.28829795802349906 0.2913738900556235
0.2898367207946407 0.28771500026495084
0.29178689606519365 0.29435748061834055
0.28844286518746837 0.2888424703640298
0.28073820835269997 0.2841595112132003
0.2920129579302516 0.29544806477829527
0.29005919967694455 0.2955962167168744
0.29143516535656355 0.2858337374755725
0.288957733128368 0.2862813441279026
0.2835831326656767 0.2792899615202006
0.289335797065092 0.2899663644754754
0.2777629421092762 0.288721497126419
0.2866920989680406 0.29007246001069625
0.2861810417661874 0.291106324191251
0.28361795949392427 0.2834156751673302
0.29441508299138475 0.2950659228414739
0.27763206654355216 0.28234397474283107
0.27908257310995316 0.2832452512752793
0.2908200347579017 0.2910734183913775
0.28297014133445475 0.29063629136385605
0.29461864025128914 0.29413355918311307
0.2884750319989623 0.290720511318783
0.28688392170362753 0.29166366223373846
0.2964464057216427 0.29589313721835586
