0.1498941497082345 0.15286709549100866
0.1519681623409644 0.15472492196122964
0.14458935326877795 0.14308598753848736
0.14638512532773687 0.1443188014848309
0.17189157061780713 0.16661040108004388
0.15055089972475996 0.14863946161983702
0.15844202458146261 0.15554981464387907
0.15424707543054916 0.15472756109230487
0.16691150945570563 0.15849412984885872
0.1620963262262522 0.16172082358793874
0.16608211156100824 0.16702627659413902
0.15186799948072746 0.15395148483928767
0.18098399019500988 0.1814218933946907
0.15849312031866553 0.16139345936650348
0.16671677764156767 0.16601127736973872
0.17142467775399542 0.16742180461465347
0.1932025824220862 0.19944987488947766
0.17345588769248804 0.16826881698572604
0.15287042841566723 0.15181718211119993
0.15644246350956734 0.15407786372985363
0.16028159538276163 0.15811420418588662
0.1668225559463344 0.16755971125635674
0.14248534688799938 0.141279953639699
0.15764336767162304 0.16039749392421135
0.14803241658147923 0.15341239147672028
0.16629922440713243 0.17250223995873085
0.1659478357470566 0.16689276554183577
0.16616521722484418 0.14710315011451505
0.15810262318675097 0.15407051429137722
0.17028948543360103 0.17876996655134947
0.1596632163825583 0.15153406014410936
0.1714665962676936 0.1756737281466257
0.16068461551282154 0.16046703269224644
0.18424570578391375 0.1853678298139809
0.1609520920552688 0.15877735179589753
0.1424097845586125 0.1442236484312128
0.1724358793360566 0.17621080688207252
0.16869779194812765 0.16299333277052663
0.15197156305711748 0.151355818034402
0.15636739672664207 0.15642074845985285
0.1617348194688379 0.1602978121501563
0.15840321914705927 0.15473951977469713
0.1548682879285697 0.15689288982947247
0.1580582877030607 0.15777763894860558
0.15663176935021159 0.1579662645967241
0.15940384362170215 0.15645259353316807
0.16796375928596508 0.16279157318098372
0.1705584847430481 0.1738875200790698
0.15499860257273862 0.15741964225693528
0.15789831072919835 0.16440233415170805
0.15314252232741415 0.14453563466620248
0.1545637297165824 0.14891314333736344
0.17865475043107903 0.18195858998244105
0.15143542714366798 0.15064451931201525
0.15523301241445384 0.15239698873905916
0.15591134898051837 0.15468026162282286
0.17330045313812656 0.1704371050230749
0.16068897771502924 0.15930109320781535
0.16872484358630013 0.16921811494933892
0.16232832853906876 0.16131192306652972
0.15187710500077362 0.14910084560458622
0.14781464771206657 0.14539282978332588
0.1655632824733535 0.1664516906441253
0.15204031116643763 0.1529663041758468
0.162695986392363 0.15998276578675602
0.16467717565730738 0.16870740083058863
0.1747172352262376 0.16667746369181483
0.14312184864768607 0.14422062625451462
0.19615081278516097 0.19235894341182413
0.13736441303481797 0.1407986400456204
0.16856711494873405 0.1682289334225839
0.16298799541634473 0.16365183360918942
0.15107889296771346 0.1584477929288628
0.15906605207399924 0.16185928652836923
0.1743437826463934 0.16933802906967446
0.13046831916409635 0.13296028577302554
0.16116854436004285 0.15916948709261092
0.16723242483028972 0.16643011450858047
0.1447421366277873 0.1453074389027178
0.18013940868540126 0.17595676527924203
0.1616591036291846 0.16122417448441517
0.13858104906176685 0.1401378098128139
0.15606828111800308 0.15166764444596317
0.14915131724621142 0.15010682281388643
0.19074110763900345 0.18639396896322183
0.1717560699621812 0.16676557186112043
0.17513668216412479 0.17409647078277704
0.15939616326212797 0.1574751321978843
0.18275313937199608 0.18586818301331104
0.17296467795474393 0.16994880357802192
0.16565401308806318 0.1616228195208564
0.17049018702822166 0.1677043870675207
0.15868184857031956 0.16124283637780243
0.16723500527343962 0.16669084881730614
0.1694545024731651 0.16475484796442316
0.1560384352656193 0.15695984001090127
0.1530423811578437 0.14829880457223335
0.1700004106245648 0.1770867183985046
0.14650714381992366 0.14952667114858073
0.16887474895304144 0.16706000487269346
0.1677535496755147 0.16953685263676965
0.1682463279656294 0.1672489850721139
0.17575528708571828 0.16630685737329987
0.14977935276007712 0.15170126810173393
0.16117936093196977 0.16035820708597548
0.1685145369942491 0.1623996756033558
0.18389693221528308 0.1821321577314524
0.16880127501032155 0.17133745727858493
0.15894338488333018 0.16422837166112272
0.15628430527152562 0.15662937797258003
0.1420611520547405 0.14081471511678073
0.16463129080082853 0.1670688122684122
0.15983402273904043 0.16116225394618308
0.14657258005280568 0.151523518164997
0.17213587265655353 0.17331021006015238
0.16191936220538253 0.15791004236896106
0.1667150256291035 0.16670659803209636
0.1489569448480475 0.15014121422773752
0.15215829094673716 0.15383641632208064
0.16379297243682506 0.16050368129674492
0.16129022629658968 0.16398189353363965
0.146566353292333 0.14173241020578825
0.15907664038756383 0.16075401979945259
0.16060466344513016 0.1640597832078493
0.1722993235973995 0.1655431579366236
0.1647447520255355 0.17059259846528424
0.16432820910544213 0.16853816101695857
0.1566446629207238 0.15928411326645675
0.17346689248866393 0.17345781542205388
0.15393491533193457 0.1537245019025177
0.15001543696443706 0.14317305403306688
0.16568166318049135 0.16701107110893798
0.15239714432708515 0.14900815572381418
0.1600920517614851 0.16023483100409835
0.15813007612695265 0.16131439421070984
0.16560908262231375 0.1671802102254706
0.17007662095085677 0.1660543980057199
0.1585549925366198 0.16260576966016377
0.16927113577458014 0.1725610104831226
0.16905039229385843 0.165518682933501
0.17196346508051716 0.16555772824483958
0.16350185829559555 0.15842707830477157
0.1720163308420937 0.17103922872322677
0.16205294691516392 0.1620653592106464
0.15218041931528667 0.1545697837514137
0.15872515398954748 0.15841735555992414
0.13799030930896017 0.13848113542852433
0.1592746985923239 0.15603398615926373
0.1497289055840131 0.15365657558513907
0.16180712042399586 0.161673306575558
0.15758247359069216 0.16071366264507655
0.18279104667776613 0.18477031252711146
0.15329583528235008 0.15002092569627232
0.1770907605613173 0.18230846838708184
0.15522507300492705 0.14756914142241068
0.1725970253207632 0.16869864912188454
0.17186376656051008 0.16510131450987706
0.17138620683102734 0.1668529070932701
0.1662829226152242 0.16527245747129554
0.16169645557229334 0.1578503103432436
0.18039650679821606 0.17567072593261357
0.17366462747736966 0.1689228752330118
0.17195018951716826 0.16974950915590425
0.1841051702830223 0.18437616123955738
0.15152576643558485 0.15584194635710993
0.1708041874152458 0.17189692201005355
0.15585862180804322 0.15454677937610523
0.161760725998039 0.1516695731437395
0.17005804355261303 0.17034166481859322
0.16963349076652406 0.16709485578684985
0.15457080332198292 0.14600035530336566
0.15211107823544298 0.15367919048303044
0.16661214817733816 0.17297431973554422
0.1552949032644593 0.15661528666731983
0.15610239562785666 0.15537661730447072
0.15466774712886444 0.1534051339008775
0.19018082450050317 0.1829404922136599
0.17548079909756456 0.15228090587191312
0.1801181742233686 0.17916884532220304
0.15440243455932065 0.15291308760446395
0.15949084538931382 0.16038462864529485
0.1604013739510132 0.16158506921503824
0.1542524006668567 0.15438485016203105
0.15536706873892073 0.1520208046875752
0.15900474151250793 0.16502193869088772
0.13971925297723128 0.13821058310514284
0.16406515892126186 0.16563567976854815
0.15425728076583967 0.15437034526298501
0.16190539553419328 0.16114181872653305
0.15297698935833243 0.14949945352643298
0.17087022050657122 0.16829730752601235
0.17512249234676217 0.16674646083468583
0.16671658414685125 0.16968109348437008
0.16681195844775343 0.16787199811547754
0.1545123295553786 0.15214036409213436
0.1589379650006662 0.15972405291759362
0.16395019458103188 0.16659952795256036
0.16386381636767383 0.16328743603267365
0.1793818408503617 0.18073730755894815
0.17185478859107173 0.16787759098956817
0.169459492939798 0.1697507241698435
0.1444756869501278 0.15011060873129578
0.1509638686911319 0.14994453767562696
0.1794907800467085 0.17546874129645212
0.14434618392477888 0.15049151512578102
0.16498606636120403 0.1672066482653585
0.14059563311659407 0.14045921256657495
0.15702317093433618 0.15982784319492374
0.18506029369414162 0.18770518779333265
0.17018067707449025 0.17086080185706531
0.1453359215352063 0.1432741754815263
0.16490380314117314 0.16625183637954122
0.14841082202202113 0.14892191033109328
0.1714934222654211 0.17003055938795766
0.15595108428483165 0.15356201263427782
0.15955316495851732 0.1600450430081443
0.1594242742603775 0.15337055435938726
0.1650849171822551 0.1699166607982947
0.14659081041840424 0.15289922574893888
0.15123397980275255 0.1586160667119496
0.15695879069726434 0.1542017342484094
0.16645280086817277 0.16587610400502556
0.1494217109577008 0.15676893216081222
0.16022389530578685 0.16026059579029622
0.17167230312755533 0.17692332886015738
0.15638646048497812 0.15355103063918984
0.16022499394433665 0.16219287288351605
0.18833003319298608 0.1884608943711047
0.16094604597098808 0.15872160516367137
0.15413178190107985 0.1584804937017963
0.16107065052918942 0.16017040338036548
0.16465692757407763 0.16351923393681317
0.14692095422829418 0.14591725715145482
0.14824743924085598 0.15100919515612238
0.16184837656325657 0.1536611087514643
0.16583766094018496 0.1641703953856797
0.15869387762297088 0.1537038815923204
0.16830120670374044 0.16815652368855166
0.18005118551086263 0.185264524522028
0.15912784562346738 0.16524206877117825
0.16313099786428048 0.16254087178990587
0.16465869647911752 0.16499638206126094
0.1490169527333982 0.14676990618876953
0.16889367285362458 0.16847295086052957
0.17361224266708508 0.16757131645780834
0.1604817327294297 0.1660197569704041
0.15215597302955644 0.14192549040862998
0.1634512019097104 0.15715601392395584
0.16458989484215636 0.15932925518357127
0.15907113097610226 0.15068693709774741
0.14666708700312178 0.1506712449214534
0.16694854800847167 0.16849404356869596
0.16238330154486533 0.1541490500825536
0.1841420245366864 0.184151536045007
0.16401385300172833 0.15537284071724727
0.1631441034284762 0.16369472106803137
0.16397067276113653 0.16791686548487517
0.15516745424893555 0.15563233068245305
0.16714415830778498 0.16446727386037707
0.15093746177669554 0.15188250995289349
0.1516204003482144 0.15336100264770217
0.1606215534839469 0.1603019536511886
0.16219209841076818 0.16969819739716469
0.14568170824508328 0.14245063280834533
0.1617960034267504 0.16079818873367688
0.17190391944332964 0.17018687274695404
0.13700355664172031 0.13865673001609974
0.16405098217121397 0.1659686140112977
0.1727179715078324 0.1710096504087596
0.1572694539779572 0.1541449416752786
0.15568374167558524 0.1600469083520981
0.1718322231595237 0.16733614918226436
0.18646866527183328 0.1794372587519969
0.161592433114391 0.16578444743527618
0.15763583349108273 0.15850324603226154
0.1488147707489604 0.15200220269760492
0.15973152179054953 0.15951905038294062
0.16064746225570417 0.15950487913852962
0.16075697410444062 0.16072184961243796
0.16023658731387944 0.15460235088431534
0.17053040797574087 0.15907876687777603
0.16273575164692605 0.15985633990682924
0.15626382494691846 0.1594399500068831
0.1597039600075289 0.1550992199151214
0.16792025259134957 0.17058137033566761
0.15609705754993428 0.15504802769543138
0.1547863615697909 0.15539311437712663
0.16466434176628336 0.16771115531633723
0.1729292913978636 0.16375345770839392
0.16001895492643425 0.15661423759878268
0.16310966414686617 0.1606357227068098
0.1523888208891833 0.15583928294491586
0.15117151157464137 0.14421934360644637
0.15621345357607294 0.15518078919998335
0.1851646816608825 0.17258625936406394
0.16073834354673222 0.1551569481322223
0.16284854454904177 0.16158741989798658
0.15992947747729064 0.16282293019204308
0.15182135064573787 0.14757944278959925
0.15169849208468952 0.15310647839810995
0.17620600947053738 0.17009373359548965
0.1561180559736912 0.1558430742948689
0.1678249222762518 0.1654078585222637
0.16134021035976345 0.16477493201991542
0.1724140367103105 0.16906179516723288
0.16075779092723386 0.1585045979346446
0.1643774184923221 0.1657461432789166
0.16332187130902784 0.16102650656062498
0.14758918672007623 0.1470970651870503
0.15042288207738136 0.14729581846487222
0.1700336569507749 0.1714874144532944
0.16872211975849377 0.1716700238325006
0.16821818016879275 0.16243626598149086
0.15907676553710776 0.15747907060176525
0.15783633128110705 0.14434638622268217
0.18042936961527775 0.18259123476524547
0.17544264290635023 0.17673741227203518
0.13755896943815013 0.13963416289928304
0.16688033051691264 0.16760434719518008
0.15174194599220678 0.15081283542736687
0.16203291702094302 0.16226262353684037
0.15480636793360342 0.15366003461399133
0.15804508067731146 0.15756182357784115
0.15508857714890936 0.15604455941213782
0.16491229351854708 0.16362828489508452
0.15850296672048758 0.1548831746889031
0.15754152165403876 0.15550496867378275
0.17797180366371093 0.16590249863971518
0.14953316520913465 0.15362626486115763
0.17857420213355574 0.17058804743408978
0.15753847032627363 0.16509774015276804
0.19786788753711032 0.1943343231414542
0.16886921027577487 0.16809046775745282
0.1564536021456641 0.1572426304017623
0.1721995825106914 0.1686119357320013
0.15656014517419417 0.15181502457498436
0.15309940213771256 0.15146975014231245
0.1542219745499115 0.15282768387036166
0.14734303698365772 0.14268684774504564
0.17111150446263731 0.17410235195502632
0.16235378296560785 0.16234824683897756
0.1455124577864475 0.13929600299137132
0.15844775015905418 0.16363107060446688
0.20119299215507086 0.1845652959777531
0.16947883474852654 0.1600023560267159
0.16941363180864855 0.16925610556427434
0.16452693567033425 0.1628629739035031
0.15209906682208385 0.15549685417875703
0.15020200608404358 0.1471458371769607
0.17199125425947634 0.17547840721020824
0.1532771192493919 0.15550554234535302
0.18285883241473297 0.17559919314783254
0.16586867437019728 0.16104070526174635
0.16315310934233915 0.16457430879270077
0.16434358409020394 0.1672940668644571
0.15889025703788084 0.15707097596508338
0.15732207185371516 0.16267569350939842
0.14904924613038073 0.14660492296565888
0.17224202614959383 0.1751968776892876
0.1705079375962267 0.16862543578343683
0.1607911648374276 0.15704211528375275
0.14343169674149164 0.14477888545248713
0.17217761869329745 0.17422484578408878
0.16280098880416913 0.15986393373125882
0.15046394111867112 0.15177309547743054
0.1598895838904502 0.15310272105841766
0.177124332076073 0.17579540012642295
0.17379101245031492 0.17179507614949716
0.165541708066625 0.16650992258979944
0.16722951863928792 0.15653816727390055
0.1578244921980715 0.15591136578646086
0.17264416953270575 0.174420620869004
0.16474127484008022 0.16547985851085867
0.1715638950381358 0.17221289510655363
0.15093971141294651 0.1536442287444953
0.15954908354982497 0.1590423621758122
0.1667186213943812 0.16650299483937223
0.16640036802046734 0.16344218859932574
0.16293776808631294 0.15545587063002125
0.15815778621648668 0.15856199913141636
0.15536965730177743 0.15722056439310134
0.15914395197288347 0.16220789104867556
0.15797532141553983 0.16311609516561504
0.1605852675864009 0.1537691109052212
0.16366680872976466 0.15914504850093553
0.15553207571342456 0.15166444929535958
0.15850465745655365 0.1573231366758783
0.15283086023397716 0.1627623810093432
0.15523914358729593 0.1589346974869666
0.14533681555476355 0.147150837858462
0.1527318783880373 0.15016332581443453
0.17276629924682355 0.16877742147180677
0.1394974346556686 0.14468128360616367
0.16190958564986696 0.16131077564142296
0.1710128911477755 0.16702097604885105
0.157741804879082 0.16205902568035338
0.17057198233524679 0.16689051316629983
0.1682431182931539 0.1673361020691383
0.15774338492158038 0.16089424975721997
0.17273072707647041 0.17065437013504978
