0.2678334694183995 0.3001728949249812
0.27456214476839347 0.300965562738536
0.2786526650694812 0.30718091456023466
0.25826881089557296 0.2943465127622538
0.2705509770347752 0.3024089020664751
0.2879416110007953 0.3007687111021628
0.28127093255081276 0.3041268070645738
0.27609749747698015 0.30308533342182786
0.2582129197416436 0.2943333907718871
0.2807468285558601 0.3058620470112628
0.3059929102418337 0.33050180393051426
0.2622427674743601 0.28591612969797836
0.287517886777716 0.3053728364938916
0.2788908413904903 0.30777851776448417
0.28708468703550766 0.31659379543325483
0.28198487465147676 0.2942606137365737
0.2840531211393959 0.29840118790435444
0.27082121287661737 0.30048474256017826
0.2992603378483712 0.31083563757165594
0.2823056065857191 0.2979210889626258
0.2813399737512312 0.30239365263381224
0.2898332619521137 0.3168795937920823
0.2861838831344975 0.29773937072959294
0.26777648331743736 0.29903305776339795
0.2718536451537393 0.2865885468143349
0.276414246297006 0.2889368886302239
0.2879097941830079 0.3144078454923088
0.28487474416448016 0.30179694543350133
0.2935507884403303 0.3223256674142434
0.2874825384548206 0.3098546359370697
0.2726101016484488 0.3019715754533157
0.2967189782260628 0.3187645507292647
0.29098750928516587 0.3031197597720874
0.2797865379814234 0.3205225801617161
0.3052758270566138 0.31854010828993357
0.2728019478591822 0.2973215653032523
0.27827561699377923 0.3046370568107939
0.27370167041675547 0.28999028684357775
0.28318170765036343 0.3106933636200475
0.2767584768603103 0.2910637013608824
0.29210984424528647 0.3121597900333754
0.26568227278619483 0.2806116867378396
0.2935475744271077 0.3035424223123331
0.2854679413995617 0.302874592062331
0.29499782191886936 0.30914127347906706
0.2991137408997014 0.32471407367246763
0.28055209886839394 0.29679984432176865
0.3051338981224144 0.3238757125177682
0.2618275453693028 0.29285122356113547
0.2738919302214788 0.30337831366199297
0.278285567116916 0.29532498787618316
0.26993654862118754 0.30094810463772503
0.2971212656545408 0.31140506031506815
0.28086198920007677 0.31710494907309367
0.29450360633574685 0.31007711148519795
0.2816367406167426 0.3060572431803413
0.28068910996200175 0.3106880711736953
0.2784222760389865 0.29948363322359495
0.2703520449976831 0.3011027931477386
0.2856657745233487 0.2931708379060998
0.2940465801103661 0.3263933858388725
0.26297847240336514 0.30663612700655335
0.27182319336009214 0.2837610907407393
0.27442397681334035 0.310252098750186
0.2642832898550722 0.30110231712068647
0.2808060839635871 0.29970740642493904
0.27177347269125546 0.2925593793766774
0.2653502089865274 0.3021220985747967
0.284149383770783 0.30895630409235336
0.27718077806531427 0.2948925630162891
0.2907141197154406 0.30141922693262607
0.2858110204497569 0.3086384906382661
0.2811359138909725 0.3138791910027332
0.2780108484653641 0.3016637880064643
0.2738905381635454 0.28764421442602733
0.2913328818370408 0.31998191575512686
0.28291995415937216 0.3102445087362436
0.297940013605367 0.322440114390538
0.2812571302869379 0.32263105198952535
0.2927261051240852 0.33426282048843947
0.2761163073304296 0.3122445099223929
0.28711516983605534 0.30594920241253143
0.2932323788327311 0.3105946662639624
0.27932660777250223 0.30524733375118357
0.2680585751169319 0.29546329708637764
0.27402027289876746 0.297518930856892
0.2909705600566798 0.3096094339293164
0.28956123315355475 0.2907412170685664
0.25849708990154074 0.3012537973806288
0.27284962575629945 0.2938838734390407
0.2817678592415459 0.2945158191536145
0.261830029925854 0.2952247374456681
0.2663278948801483 0.29675533928991493
0.286571296359176 0.29523812538672267
0.2972961792219188 0.3175174243494485
0.27069384614310715 0.3058309735762945
0.27045846022819925 0.29138961072851133
0.2856576116860227 0.3200512470285868
0.30487950373655104 0.32049700581018387
0.28218131812608943 0.3083176358250744
0.28885148198851884 0.3062591006197619
0.28118302334870127 0.2930178132023504
0.3099254475445249 0.3245141672585588
0.2782092794190463 0.3106123534874217
0.27302874667909244 0.2915446247806956
0.2760705081963794 0.3108982191615227
0.2710033416793114 0.2974633612961903
0.2794926296931169 0.2846817589581058
0.26935427340109463 0.29753108198993616
0.27585174690290826 0.30933297217847316
0.2573207223903892 0.2839107463119448
0.27103061286037755 0.29356914090688924
0.2578358352387081 0.285465355813999
0.2756286374100293 0.30164066282561003
0.3038402275977743 0.317199240282484
0.2900223002546441 0.3123351263597652
0.2822776137343262 0.31362764888218014
0.2823647373659631 0.31398166828565355
0.2697626463761078 0.2958423347905476
0.2816999989737057 0.2953609701023784
0.28263157532470784 0.2919495192965042
0.28132259190947184 0.3075676649136
0.27442392285391565 0.3048511677596298
0.27649506544869035 0.30827573237046
0.28053540421345685 0.29958064942239465
0.29786255352497565 0.31032382221264737
0.27564188551977975 0.301358838630862
0.26029355894010836 0.2758520997213809
0.28621020080181464 0.29898967126219483
0.2793770714454602 0.30131827291524155
0.2738594319449432 0.29459837717054094
0.2711828395544182 0.2982109895024738
0.2834366565527172 0.308304052192665
0.2908520849936723 0.29729020609286594
0.2958745444750724 0.31396746960475735
0.2705301985405488 0.29642713214056143
0.2866918842845587 0.3167877839930351
0.2879827747554898 0.3151690269134221
0.2671922891501557 0.29067946828660185
0.2826147181841195 0.30860576245617904
0.2753183539976716 0.3033433560361597
0.2963890749297507 0.3128715971848403
0.2838552244299472 0.2960544971429859
0.2852978325324544 0.2984600281975248
0.28553040237205857 0.30787477088070736
0.2797681026309881 0.31014055247478994
0.2918790309148419 0.3136855627367259
0.26461364815833877 0.29396672796853174
0.28410351900568814 0.30003455562106673
0.28508663604929907 0.3002777979278175
0.2880516282061933 0.30328727656988597
0.30484628348003806 0.30583833717367526
0.29983590397870924 0.32577767537036645
0.3045797874568355 0.33093452824655656
0.26378981053592027 0.30397366965971495
0.2796627335672407 0.30721611932914333
0.2772186385494956 0.3094559762297925
0.28992140485245016 0.3106555521761101
0.27646207608324463 0.3024555232338834
0.3164449055314236 0.31568279239032343
0.28827361629209436 0.3197023675805775
0.2907678850772708 0.303107635784394
0.2738118115825334 0.306528688057071
0.2969212652195541 0.3085456715573936
0.3025718855253406 0.31182959003442823
0.2710556097519588 0.30317279102055406
0.2922987907496892 0.3165755800683534
0.2879444173188143 0.3162271952495024
0.29454844665348556 0.3315492191362595
0.27092689574033046 0.3031089305436737
0.2776897948833512 0.2987603048890314
0.292148400550105 0.30931015993557115
0.2806056107743042 0.3162960156325517
0.29691809442517264 0.3227147356852176
0.290096809405225 0.29845339311708574
0.27778681253662296 0.30921731909441497
0.2843586710161253 0.3058653320894033
0.2924327927594748 0.31288948351105056
0.28519990794247474 0.3153571249246614
0.2865813677932883 0.33381526282158214
0.25372547678503554 0.2945129878313053
0.29644682685392987 0.31316754930733526
0.2899657548268432 0.313096794754894
0.27306033067531527 0.2990872568372545
0.29012152269324265 0.2970550382856766
0.29780012242720116 0.30150410491435853
0.2851967470726122 0.30328600104754105
0.29087561592477423 0.29893028638126545
0.28421219645437523 0.31002828533906707
0.2729338412371316 0.301022435126492
0.2678262528690663 0.29398971324746825
0.3078015648208211 0.3231145751112907
0.277646385777778 0.3015580241073546
0.3020865473662547 0.33222622938440105
0.299110406994799 0.3234242926840599
0.2717482128913591 0.29998438612037126
0.26718503905317786 0.2988268814833619
0.28372002088198184 0.3030587363744505
0.29547549603598094 0.31636062757118194
0.2968493044069784 0.3187412175090473
0.2703478880144245 0.3009040701933319
0.27409724165973787 0.3018849683738164
0.3177030518272031 0.33294035613084094
0.28655589230907025 0.302224387779497
0.28102206237220784 0.2937695831329339
0.29341598147473785 0.318475916606306
0.28002334226496645 0.303755253666305
0.2761855371598274 0.30348080312660847
0.2721313356611771 0.30120468150535123
0.3003422489691214 0.3208442685813536
0.2844302507824173 0.3040062239963336
0.2622750121347606 0.2892331242361054
0.2925082716865682 0.31121485998223575
0.26785965068561307 0.29468097723946574
0.30375282452340374 0.33277254598068107
0.2942958791886215 0.30888035821549525
0.28469438200884234 0.3083658011307685
0.29049539718710654 0.3133527425090564
0.27824099666626595 0.3049477234465294
0.2863449386504803 0.30243309379011
0.29775543111975356 0.32171091788929534
0.26355122495255745 0.29021246668139755
0.28983097832228855 0.3284413711885943
0.27768410923571296 0.30749707707601315
0.31289159721028054 0.31056631102106336
0.27453352732126013 0.30655141886596565
0.30013904800958574 0.3288785017146842
0.2857184690869816 0.3193065616977404
0.28248060487058296 0.3155232774245655
0.2918530458363292 0.31148727185797387
0.27205226120994164 0.2901368810805144
0.2629299085268631 0.2976983031266166
0.2811662223904456 0.30819096383721944
0.27126668249260033 0.302056951468618
0.28711440252101494 0.30663968581919554
0.26690808970751884 0.29881449117681774
0.30381392198564383 0.31987425697397737
0.266119362660394 0.30705285004695926
0.2718492763146592 0.28714414004655225
0.2933676733561712 0.31679046734715455
0.29478524494163877 0.3127513711459775
0.2835403200811444 0.3029568661595581
0.27509718888011897 0.3090729317000121
0.26552126636664675 0.30160389455148384
0.2767134768679195 0.3028432187033548
0.2986241091590607 0.32358160843959904
0.2695889479996516 0.29669384414163724
0.27167811648920226 0.29785746026759274
0.2839333810623258 0.3108703141879791
0.2749723708077059 0.2960783240664973
0.2932327716355033 0.3219653751031315
0.27628585906636915 0.2913650514499322
0.2592660131141133 0.2895238025214401
0.277684782282878 0.30483236520693807
0.2841021519681149 0.30913346672077796
0.2770314520930805 0.29796349034892616
0.28012562620090037 0.3013907006475575
0.2950834136183618 0.31105390398224386
0.2646928808562253 0.3001120558806204
0.2803562458561865 0.3139590199746484
0.27562540670838687 0.28946626858349983
0.28545350274441067 0.32025770413015786
0.30073232161963226 0.310742694937843
0.2881189289659151 0.29692172768809955
0.28826721012411893 0.3188487570570621
0.29690646925876985 0.308599989328892
0.30583101573561977 0.31967840631668387
0.2686987487210505 0.2858418309610413
0.29105862407276073 0.3056101570143771
0.296256519119319 0.2987811271031756
0.29336653742265917 0.320899430929987
0.2838576049246989 0.3107345950371289
0.285456867600987 0.29624323866957797
0.30817025534221965 0.3265968851137153
0.2991286570482432 0.31490529845076104
0.27114550654162206 0.295846620387348
0.2820750061522065 0.307522756105591
0.29050506842048224 0.30653246622117775
0.2702044123891801 0.3005998469610561
0.2842964369273881 0.3123417740288761
0.29491445838210395 0.31687915367643715
0.2846905888008465 0.3144115270639679
0.28107398431705993 0.3043122979261181
0.28121726990590606 0.30227943319366823
0.29347855516307203 0.3105719361643859
0.28131836312024633 0.3102425818537247
0.261176125533686 0.29427834744727355
0.29194450794087423 0.3252621933630181
0.29090498706279305 0.3091995932125907
0.27272673529474567 0.3065181032405098
0.25933571269055294 0.2902819391428823
0.28342227819800786 0.3126140216417948
0.3000348229936545 0.32502088908854493
0.2794624807527756 0.30326562126932544
0.27586223362325807 0.3164977933923959
0.2803975163347156 0.3035836293416224
0.26398129799314946 0.3013027098542674
0.29420189974748606 0.32664470161756726
0.2869698001923957 0.3009836617106651
0.29097697320368054 0.3163930683141327
0.26446671675678296 0.28291384595578906
0.2870850388011065 0.3107852599077507
0.2725993286144134 0.304480001556584
0.28061362060086087 0.30459990350996113
0.29316879176058375 0.3138786383094687
0.2783246026293037 0.29019246481085764
0.27521565261922365 0.3046955761938275
0.3026335133858624 0.3130957839316984
0.3020163682027482 0.32714345501727893
0.3029956298984121 0.33126648656168756
0.2979305159580361 0.31919386717257525
0.2773596290874375 0.29679807227301575
0.30186704911393814 0.31278960733618577
0.2817986583298219 0.3072710037589103
0.28891673293218173 0.31278071934333135
0.3035641231279026 0.31044318233819096
0.27546147164459506 0.30480495347802966
0.2920449507893792 0.324717472035574
0.2747200342474763 0.29367087427734256
0.27584675516169355 0.2888926595949157
0.2743819490883279 0.2937547363510179
0.28736346573860544 0.29715840878106003
0.2888562358457645 0.3033086893828926
0.287347872651607 0.31920988329593775
0.2915042429202549 0.3113432019071652
0.28380954785266266 0.3072901414176749
0.30983165438022164 0.328611626178072
0.2683479744250612 0.303168049238975
0.2561472681449093 0.2902653490539311
0.28232106115490746 0.3142821059340777
0.28063941038412915 0.30670488401579693
0.2834808364196405 0.3093374621976908
0.2891538569176 0.30164136316033896
0.26106985360591706 0.2952057211258421
0.30700050802715834 0.31964059598610983
0.27940937922450426 0.3091250860365485
0.28581212456161637 0.3113267520444198
0.25387503977674636 0.293750652849776
0.27754192671702793 0.3085319803568202
0.26810498303312336 0.2949411129137041
0.2794882765381013 0.31348917438364293
0.27058302699628023 0.29312979167444575
0.25130819677963356 0.28043671862623365
0.29366266568458965 0.3069100819359572
0.28312469359982734 0.30628167194172995
0.27506274688896637 0.3062790801760276
0.30434770848949166 0.32531660345886865
0.2937026821306289 0.3132568621946807
0.2730412667711808 0.3012768276251836
0.29728949558195683 0.309399637758258
0.2765679615323833 0.28452680971832406
0.31506669590441416 0.3252643447579095
0.28689184799708595 0.30001353739168984
0.2836568237853236 0.30662708784117026
0.2590864376078252 0.2914606478080993
0.28999073877625536 0.31871854268185584
0.27617986985819853 0.30676032894882216
0.2839342944198938 0.3101737945431946
0.2927415445229833 0.3185357536664615
0.2836873589843746 0.30586183501707376
0.29010882774307256 0.3135793001655305
0.28402479587883805 0.3033087919315298
0.28590423843597185 0.3137542681336408
0.3005746778388201 0.3316537673425285
0.29198659005874994 0.3167066100072706
0.2699694545335928 0.30224581517878407
0.28154618944773957 0.3071820756558571
0.2679466191907739 0.29813020130199147
0.27619398315263766 0.2928075355117659
0.29070194876103866 0.3139206066414377
0.2901316030878516 0.30222712665709656
0.3006052634236359 0.32031929366783213
0.2789036289082027 0.3088916608697853
0.270836647957835 0.2983704424270964
0.291200878237489 0.30710949840426505
0.2854696061257497 0.3108963181218321
0.27143373990919006 0.30406760903121444
0.2868900290698373 0.3092006501421467
0.30713196660056347 0.3293432038308115
0.27275071631907744 0.29148099232314956
0.28023533062520223 0.30231282059325004
0.28013814173709434 0.3144403790829684
0.2893050799566395 0.29401611752661516
0.28727355855651654 0.33000992161239845
0.27654833492700137 0.3080930873688895
0.3043966131076393 0.32005684416247876
0.2556752536632899 0.2791722502566853
0.2897774880307452 0.30274188456562334
0.2906543361551169 0.3150572292632107
0.27544443173181504 0.29690218128906115
0.29159604950450774 0.31490093604328023
0.2750472806844877 0.3043591733620883
0.27245158975691225 0.2931275281029936
0.26422159966061803 0.29700750279885285
0.28012536934945337 0.29925784659795424
0.2934229556456653 0.3126242625150404
0.2871929280343588 0.3252298716411427
0.2941522090105133 0.3029901411493607
0.2951355686956441 0.3246609731599559
0.2844652753127197 0.3046669282086432
