0.14883472944628687 0.1717021776649375
0.13087291321713782 0.14452197614483359
0.1655373390845169 0.15129237828990896
0.1436123627346972 0.15125867813755758
0.18254843550375213 0.2054428175467175
0.18734429163649233 0.1750459366762912
0.15987688902116384 0.14642467057851347
0.15817195195430928 0.16635592944830227
0.13863562886326417 0.15711537672685022
0.17113707121127522 0.17058851785770535
0.20823713029967666 0.21718118786331392
0.14268977662555854 0.13898530086464672
0.1912775545829956 0.18775795235326528
0.18786140624278283 0.17894351179405119
0.16766668519983094 0.19032739904785426
0.15830545090918513 0.14438482626112586
0.16836382793971658 0.15958995606699533
0.13626684407816922 0.15610848219636006
0.21526892453857452 0.1954621257589782
0.15882645842743587 0.14392218637287355
0.16091651086604342 0.17411422258324258
0.2127539259986801 0.20044518037838416
0.15439959517862378 0.15248087059702775
0.13751179688444634 0.1533973056525465
0.14683752872287828 0.14114157543139258
0.13617123325325195 0.13832890197215378
0.21369177531121378 0.22524001209212896
0.16872749021311825 0.14388179258385028
0.18546230775873673 0.19185531725028288
0.19772614119096937 0.15989209456305614
0.13299354781229017 0.15054817425031522
0.17175865572145804 0.18198572069919433
0.21958467802687945 0.17848988566538243
0.15715331163556973 0.16668819659957299
0.23156667301906497 0.1934690990993774
0.14837323739786765 0.1553397234946698
0.1727336812457968 0.1746860425657
0.13890170558704845 0.14171063708027745
0.16269864280133461 0.1733088116752108
0.16980601458866906 0.16123037490680014
0.17825492338425294 0.18083004007963852
0.1438682287886321 0.13747395813836796
0.1589229432040824 0.1549952949875991
0.20247574059345816 0.20249177712841418
0.19336454994672575 0.16922261601407784
0.2245928930622847 0.20365668488088973
0.17489137827012594 0.15912962307886055
0.19068914465647158 0.19840398321561104
0.1389486527092895 0.14234692402011842
0.16047726831957038 0.1787105986636466
0.15869323363148186 0.14347447595181917
0.14649820524482257 0.1578906314608384
0.18993551152561738 0.18893982323444072
0.15121141784793407 0.17175387758152788
0.21628505114924704 0.17636112360431172
0.14600847659647723 0.15038312984691313
0.15959517570072854 0.17081957976679574
0.17059684339184156 0.1879307225560326
0.1582732540882848 0.16823601766264598
0.17485702447323792 0.14731540783189082
0.19281807239479523 0.20356578017859245
0.1393865847003794 0.16002232546367443
0.1597412010062872 0.1321427518116933
0.17070583082905033 0.19141033421557985
0.1449767722258964 0.16266154266330088
0.17679055021078946 0.16297342797225542
0.15290438413994215 0.1540338419506213
0.1307252750322057 0.15091925739211054
0.20616780142808813 0.19943947650637028
0.14835660503800993 0.15072887974202978
0.19168647067075117 0.14521085573435077
0.18444851921748373 0.1665836218611376
0.1448233841232608 0.15977443654067683
0.1729509851083355 0.17322409766830676
0.1535946383600231 0.131080326900493
0.21332708732086267 0.23091802762212818
0.17480057476712035 0.19707921890787725
0.20917016931504462 0.21216264255707817
0.1978930194886034 0.22528138182716115
0.18759793636670932 0.21228432665905156
0.14831241915472956 0.1685522383349567
0.15692711008081123 0.16580980023202732
0.21728247254052135 0.19925107677063283
0.17238818040410525 0.16146901958714915
0.13427074905069206 0.14468869994102676
0.1445073315826304 0.15509117627745692
0.17056208814352758 0.1848569532821573
0.21022893820200536 0.15084775786659124
0.12563396871667615 0.14889856801330142
0.19556241876994804 0.19699874775104204
0.1638789372720225 0.164299200877385
0.1224522929689313 0.13624116737890485
0.17865384674909224 0.1981917828397311
0.17520908992791373 0.1434445444416494
0.20009083206766282 0.2197043138599806
0.16399782602129787 0.18860308424802122
0.1338003043899606 0.14094723769029718
0.1807431554022607 0.21672723386013149
0.2229833784890979 0.2066094387970438
0.18532276392656666 0.17462037926916885
0.17793387864628657 0.16637545255931474
0.17174070773493724 0.156271446108745
0.24243112834538397 0.21616390130203395
0.15632528739670537 0.16474298916660973
0.16669824001151717 0.1766008437010949
0.16426849241698308 0.17063457632702073
0.1757712429712737 0.1576823912811844
0.17001106577998276 0.1261767707589856
0.12594906476289147 0.14039940457390773
0.17069952830425533 0.16752835887482878
0.12800436832096254 0.1397311798955338
0.1354410871142202 0.14671218863230892
0.12491816724127097 0.1356340672308817
0.14713563828573054 0.15045068856626237
0.21726394903831794 0.22101633898632211
0.2062024349010872 0.19620221466738597
0.1624710017606127 0.16932832252834787
0.14702910889613685 0.16721267292184314
0.133784138893818 0.14249658304973611
0.1907988138139213 0.15978002891344129
0.1894092994075331 0.1527118513825784
0.1553158987644277 0.1663935515098563
0.16125444698006977 0.17103871937425105
0.14293787108258102 0.16361247012094635
0.1591975882988454 0.1629795619253912
0.18912416081662772 0.17970786076894454
0.16320193389788717 0.18270191161058164
0.11769115559900832 0.12288488443901996
0.18220295684794854 0.1637091139424673
0.16160060360762446 0.14646657855120998
0.18015410217674835 0.17282406893413993
0.14739166726344324 0.1603445381521377
0.1639548230267223 0.17626668412801236
0.1750755226308154 0.14330265785598617
0.22074000560174833 0.21481597164253127
0.1569833836871746 0.17246351613559363
0.1735488544741968 0.18136407787815903
0.18804523407112744 0.19242835894330043
0.14661984075976628 0.1527790143487699
0.169761864163729 0.18894904979722388
0.154627232319133 0.15778076138916275
0.22712645540433773 0.2112042942295341
0.17623862415845787 0.16652759820515553
0.18616953784460777 0.17229735532231022
0.16192861108987672 0.16454130185796842
0.1521289416427722 0.1670514750071277
0.17092773418670856 0.16123970603106055
0.14350652969644642 0.15867903482790427
0.17381491661622217 0.17550260913233592
0.1744639909697306 0.16776647257766408
0.16305358269956793 0.13670723177462787
0.21468414105579225 0.1493918696322336
0.19496860414527684 0.19556414928328858
0.21082908014908625 0.2112228006901539
0.14921554844767643 0.17797173182282733
0.15218830950008305 0.15599865871961072
0.16077952291297018 0.16026072892527224
0.18298644422276306 0.1793698635485134
0.1497227749180309 0.15673323424483018
0.24458953754901536 0.21287396419932475
0.18416460933405854 0.2099910799923685
0.19033712919856866 0.18878763407395774
0.14580342674192007 0.16905189627025807
0.22655350005787414 0.17887403256472323
0.2144442006165474 0.18957017114277178
0.15107056344889544 0.1636602875107396
0.22089023565767218 0.23954586737522285
0.20471598151700135 0.22193933401352384
0.18612562556332568 0.2120002799693526
0.1422254050134809 0.14814893003260807
0.1635264467116354 0.17467435572046794
0.18816508510003646 0.18329560130015848
0.17238186463055466 0.18692971091866453
0.202643466869887 0.22380322201457847
0.168923362420242 0.17708123088916083
0.17559833125623528 0.19132987728985754
0.16264804413497136 0.1690750327826896
0.186641666249131 0.1867028908662706
0.19543355243796287 0.20956908156301898
0.17859511948658685 0.2070445357481113
0.13006446020796755 0.14523725714425698
0.21402532107397762 0.18798017469568468
0.18327912039730024 0.17590628301713454
0.1681705997740549 0.17773101712578332
0.19159446729030202 0.15938645280795344
0.22198552665846194 0.1527179660125519
0.1640775563963443 0.1533596180910915
0.19158315105000998 0.1592232031498482
0.17752468145045497 0.18088732130288046
0.15277664082818862 0.16405752380993627
0.1484925363896947 0.13383245570881472
0.23472778888727866 0.21425797352288298
0.1654374629912745 0.17961311168332614
0.2131640710869274 0.23304164530396104
0.19033248094812014 0.2056654815648379
0.14974655416566707 0.1553403588882587
0.15294413103425367 0.14132843207146362
0.1692578957780079 0.15186637804208747
0.19987789625157673 0.20844569162144658
0.1964327253715218 0.20951403851064485
0.16361442936992968 0.1835446924386019
0.15121878071055095 0.1665336301412781
0.25123612507375737 0.2358483392648387
0.1734044016601749 0.16296493998123082
0.18277368407049077 0.16039632811335372
0.1826589499770344 0.1806278400885396
0.17358630036535286 0.1592670410524319
0.15172822933094424 0.1642062557604034
0.155527988561666 0.17393355801619956
0.22138504301104517 0.23561120014386924
0.16216937117558744 0.1674736745689071
0.11445437444586737 0.12901333957906944
0.18894828051105836 0.18625451373330015
0.13749222287254118 0.14224881976472342
0.23276605915676213 0.24337021715094925
0.1992358714030083 0.1754725417968291
0.18375536586234517 0.18827406266808464
0.19382320126908303 0.1943271199135302
0.1690709408744702 0.19583401475545215
0.19280444858924517 0.17355433342480328
0.20883591438293123 0.2180429163126508
0.1307535635888682 0.1503222697362535
0.18469446756769006 0.22188324509079055
0.16643262989189955 0.18202208004941553
0.2858076732611845 0.16816431140789936
0.152487024385511 0.16283588660774892
0.23707839022726468 0.2427245892053295
0.18163103979669865 0.18920061007424838
0.16079080101220206 0.179925154999527
0.20391545404517136 0.19925078149833042
0.14985621540153782 0.15555281014541236
0.1323449273107709 0.14591497940914222
0.18913414428304967 0.18975480948633008
0.14801883267393504 0.15555068612139455
0.1858748119456958 0.1714951005434819
0.14436215480520148 0.16291793611975278
0.20416302431927685 0.194097582039917
0.134734169532445 0.1560869710187519
0.17015681411074132 0.14506355640322818
0.2172761822789239 0.21399995094488325
0.15902794780623905 0.15909427152193548
0.21905550750604771 0.2010045923415475
0.1753468245207828 0.21337829532283212
0.15656592596555574 0.17269179127846862
0.14111707662212974 0.15149357565230448
0.1906012919976882 0.21210264776655172
0.15084269735417713 0.15881774294031087
0.14614971032331933 0.1610993495600463
0.1929589069437321 0.2162378447446949
0.15167607330735122 0.1608965443836168
0.21288161175963602 0.2323891026696785
0.15424471572426932 0.14451423031366664
0.1500787152132522 0.1817872423336279
0.1517039918335624 0.16468780632444857
0.1862384164037687 0.1950179830474109
0.15375348835964556 0.14860386303064427
0.1687092731324079 0.16773424875956588
0.19828980127014115 0.2115139550676041
0.13559752188260554 0.1525007930663962
0.1651521746746694 0.17298681358981516
0.16284976549105212 0.15169652519281518
0.17884110632812217 0.19884041485184106
0.21653910959189718 0.16825896738033366
0.19200172010214603 0.1638283328202176
0.19615846056933986 0.20118797146865677
0.2076347736272426 0.194737328257119
0.24669465435991633 0.23314382628249794
0.13071417141115305 0.13457699613614113
0.17776836733572657 0.1676897135159226
0.19687773176493714 0.1580409300050436
0.20024714932314167 0.22320571893388413
0.190697806432883 0.18226160415311835
0.1644530255677585 0.13604340493216868
0.21450933958033092 0.21986444848351605
0.19788124960325068 0.20382983573837396
0.16221252744393788 0.16531638335805918
0.18036177989714627 0.18976619205069767
0.18179644596242842 0.1820099763752819
0.12775462951250424 0.14781642752558807
0.16943886724476565 0.18205413549598012
0.19598379433117 0.2092433879821936
0.16649898512577468 0.1647808856663558
0.18297259240645802 0.1738994952728595
0.1803883260282764 0.16559789105374623
0.21727253710663857 0.1940197120526337
0.15379843590301925 0.16523635685682392
0.14611537222121831 0.15444573109950266
0.1679069531749368 0.18255167970193442
0.1946645622740072 0.17827649784455285
0.14435669495356207 0.15861530625602902
0.13384726528496943 0.1484781527066056
0.18010206686263133 0.18824128242626242
0.19295264937241036 0.18028632714036988
0.15408896807682748 0.1598098547383696
0.16345424052656818 0.18521628545770166
0.18089445235271026 0.1920273433894034
0.14012782862875825 0.15406299389919292
0.20070600693051263 0.227999874753559
0.17558860069171722 0.1922183018303326
0.19476884859067034 0.18267648377978787
0.13987039173238314 0.14810430834594765
0.17794242609412414 0.18576018989421997
0.15043636453497894 0.15595791248204297
0.1744654780795734 0.16262888679279405
0.20343269213785473 0.19811978331122132
0.16232479444088177 0.13981634004181875
0.18925119113876013 0.2030643765611842
0.21569838860720186 0.20647178244165282
0.1792707718011537 0.1960579724459008
0.2399605709600953 0.2541690644102753
0.21260998030768105 0.23452886036825843
0.13616180992541738 0.14767412192812024
0.216578349624703 0.1775008700106724
0.16223555329483785 0.17555457865956425
0.1964539753312659 0.1985857833465218
0.22934093892098673 0.21326889005686017
0.1621383777266681 0.16232418801656254
0.17302939624461647 0.1926280424416215
0.18394350484911798 0.18259362834896875
0.15624667500919628 0.1512423932542276
0.16511422946190743 0.14900610872307485
0.1858512527409446 0.1815256286435785
0.18424177794096816 0.19121793497887937
0.18754619752463297 0.1987062421782876
0.1919980121245914 0.16898235341823212
0.16796526467858047 0.1576956126507569
0.22692123784006746 0.2291605406972355
0.14518781792674396 0.17991464319329803
0.13124606607749953 0.14088567026241366
0.17597395162206925 0.19136406582265056
0.1880808927735704 0.17386865860148526
0.17301377076724772 0.17484547174252552
0.1936531342597872 0.15262232866638153
0.1474911214185267 0.16489927961428924
0.25270419134574756 0.20609188313632354
0.18069911031918026 0.19710420955713825
0.17970181223775136 0.17338045214870598
0.12298700954754056 0.13758363156113262
0.1614581048179827 0.17878744300914534
0.14275328281281918 0.15849909466373227
0.1501886644071605 0.1632369337034704
0.1332644183195506 0.14384788872239407
0.11746688901930526 0.12137291447778821
0.21453225386869837 0.22059511090910766
0.17647689322026625 0.18122423265594284
0.155816907435282 0.17192688628693703
0.2041924776280054 0.19709015196784546
0.2003171078571863 0.20377893899824762
0.16765897333206917 0.17925520103795264
0.1972264098106413 0.20516908060390815
0.16648953537284397 0.13139202730237876
0.25191859746019557 0.2290682867034492
0.1792599431903943 0.16124697478977262
0.18848222588454372 0.1693819122201851
0.1389561055222617 0.15997626350627736
0.17540084501027947 0.17412228295825802
0.1769294649544362 0.18137639574376047
0.16487078859616744 0.17886523125819287
0.208639795170037 0.19876606971834718
0.13361411967154202 0.14560209805667806
0.19620921256687085 0.1886878907567851
0.15325250936030346 0.15900555800498395
0.17998996129881506 0.19043143799957288
0.20895843576919754 0.22218220768472086
0.181204566877925 0.17513267978556066
0.14645540946003827 0.161716879950051
0.1635858252736446 0.17922924534352713
0.15623383921145895 0.1466222310073215
0.16027792086758222 0.1660068670279644
0.20953816815529042 0.1939389033451047
0.17856433993422474 0.17872432191527063
0.20954288817038844 0.2090349934348256
0.1721853641004824 0.177669326765163
0.1766543835786683 0.18382232312896565
0.18367188473406337 0.16676777112474803
0.15920641174837563 0.17002393653370595
0.15025735932960135 0.16353145046987103
0.21379505766450024 0.2188462711368721
0.19523608494969955 0.1876716070528643
0.16040962786612492 0.1623798472333385
0.16124587199869642 0.15231583406044816
0.1759224541113697 0.19237237203621874
0.19785590602991393 0.17166054030689368
0.18542313866713386 0.20318149797515975
0.16776983635701392 0.18064330903678283
0.21651848197644932 0.21187342989024008
0.11973025505756947 0.12980308493295986
0.17075210846612265 0.17000295025741555
0.19675650837822045 0.18964588763733284
0.14776140166143048 0.14633207038444104
0.1783595972541279 0.19019651944055338
0.18482305616082045 0.2018731900450882
0.15330174381062808 0.15249901657086248
0.12918508874008316 0.1413880916937636
0.1937915574621315 0.1895366555518045
0.205075368594994 0.17562636550230726
0.17925859165711783 0.19919407401611558
0.20814197329236042 0.16823124770836098
0.19994272684008296 0.1995343769169482
0.15075867857111988 0.1482362370030364
