0.28158592161004903 0.2881745144707142
0.2927815159159028 0.2975799282480742
0.27352486672348 0.2799008736670886
0.2755974733023063 0.28247009960359637
0.2883489559480076 0.29605239050207954
0.27704660110554635 0.28074944908140237
0.28157827016971193 0.2865456297643125
0.2816088176129244 0.2885501499606674
0.2877997142005825 0.2929498939243896
0.2911140691258406 0.2993610279176645
0.2921761706831301 0.29726892097073343
0.2821268627067369 0.2870027023879906
0.29182891032284247 0.2967014788534758
0.2893736051990054 0.2966793696977844
0.29214437028727425 0.2970200754025078
0.28198423096362646 0.2889590911025104
0.30513688036904485 0.312358455486888
0.28582217650464703 0.29190858862352953
0.28643661701334866 0.29260507383938955
0.28214643943135964 0.2883244644566738
0.2852281968468432 0.2892137471961468
0.2885832392120806 0.29551652214518426
0.2751275450829349 0.28010022403436763
0.2867838350245799 0.2920157040019677
0.279125030851022 0.285281100811435
0.29255401648808077 0.29744637204390423
0.2860761207080824 0.29165420035350687
0.28079096319500263 0.2864679438673521
0.2742114948619452 0.28067166041282393
0.2881062059563108 0.29611977698420466
0.277655031342524 0.28279891008035
0.2947459487766617 0.30184971553584006
0.2816253818872109 0.2884601157503348
0.29511843769595897 0.29863994027033086
0.2836938048977323 0.289023724049497
0.27842572350117256 0.2844889177793796
0.29461868725081947 0.30118379632299247
0.2869251825957558 0.2932922810484298
0.2804107980629369 0.28664711507848356
0.28236766643249905 0.2897782371103075
0.2858865599173365 0.2922212048214879
0.2856481105704617 0.2904863944612653
0.28106362555706293 0.28743563413338474
0.28291356469769635 0.2896819275076902
0.2804526020903488 0.2853418787546356
0.2809021901145632 0.28691846979656105
0.28511393044849426 0.2903136315154503
0.2874852777338916 0.29526564987006393
0.28721607265066806 0.2935819827105412
0.28741529123653003 0.29387496604389135
0.2707544285758967 0.2764854866943278
0.27914826845857216 0.2833340267006118
0.2962656911447036 0.30171686342051696
0.2748516159801713 0.2799099353217284
0.28160262727204555 0.2882437786221796
0.2810794565437859 0.2865304092435148
0.2881102003909743 0.2927180593928655
0.2853268057098234 0.2903324919216635
0.2892197409399876 0.2972659114609657
0.27703506809401746 0.28008906445621107
0.2786575959586925 0.28416020250834156
0.2786748248444892 0.2841911103183217
0.2857242504242202 0.29168565661903145
0.27733938039496187 0.286010805160759
0.28795168518525466 0.291962088062051
0.28466129946834556 0.2895812925356456
0.279237839694446 0.28397242828662195
0.2706990105397524 0.27850676725776724
0.29803665803484364 0.3058643814814493
0.274703312504363 0.28108388822407226
0.2846827324816393 0.29105158774105794
0.2894981813226545 0.29384518557051675
0.282638067837947 0.2911078545552926
0.2837573056234723 0.2902171432432047
0.29196180736500305 0.297790223315237
0.26794988370745165 0.27515133156951177
0.28023124495298185 0.28762896218413486
0.29275510457306547 0.29834900142271464
0.2747746015203186 0.28224034958237176
0.29397331614540706 0.29998024046556704
0.2835822034180159 0.2886759632434496
0.27389302490120077 0.2802185282603806
0.27587671392908175 0.2809487672637224
0.2856202564134727 0.2902318874744142
0.3003130357548568 0.30596865586291183
0.29074410241081944 0.2957744701731231
0.29388734092861013 0.3007238303376287
0.27987079578822777 0.28552958674263373
0.2930964878709201 0.29923944248820555
0.28739034520846435 0.2932882823964915
0.2895657905041085 0.29780384800800264
0.28409024644432923 0.293265746336249
0.27933220109213297 0.28544233122377516
0.2865254340638517 0.2927430681070753
0.2808318162371373 0.28707230696845054
0.279051729778175 0.28535495623212126
0.2755306433002862 0.28167355643860126
0.290073254914588 0.29637457988591087
0.27926758466534995 0.28349227020152507
0.2886080800446337 0.2960125494139856
0.2910570220569867 0.298632951765808
0.2861042044385593 0.29066311945842255
0.2858404568010564 0.29143572905112913
0.277147123268874 0.2837818362568673
0.2888090443703459 0.291543127900153
0.28261701231424113 0.28721472483723404
0.290083026677063 0.2984599738717266
0.2850568269174364 0.2908231875417471
0.2842852915598739 0.29019593665802323
0.2783641566695838 0.28478118006295183
0.2750384231236926 0.28071673717982565
0.28551643458933373 0.2912727608471568
0.28550982768596156 0.2931067707615249
0.28412415837458793 0.29024550137075955
0.2891215114562744 0.2942415290141238
0.2817597311304993 0.2880558199311888
0.2878181926780495 0.29274836865932385
0.27658190909831404 0.28467913776609627
0.27962997530401335 0.28439898640157024
0.27962829243572607 0.28580252058669564
0.2827647810732635 0.29116725594346343
0.2754874786575663 0.27955760894303083
0.2795191090075991 0.2863543003408772
0.2844840014544611 0.2924854139255293
0.29118015764534755 0.29554746763097184
0.2976659849049282 0.3021697684463299
0.2857945889064227 0.29457187723278866
0.2805385808316383 0.2872966663775882
0.28782817185079684 0.2944602053879797
0.2832658701706814 0.28980953685356237
0.26879838991071675 0.2768125196939866
0.28809479792428233 0.29412933582215783
0.28191574101010547 0.2876022058361571
0.2801192918828496 0.28721514107297547
0.27601454306103185 0.28334317102022977
0.2911416610507239 0.29727924021254754
0.2823411417807603 0.28842696692359554
0.2885722556658649 0.2938320627153085
0.28707060964010384 0.29443919719213246
0.28851035939200304 0.2958383061911754
0.2869301335310039 0.2911704048359522
0.2845226518431078 0.29173851367274156
0.28850058875535006 0.29478424958601457
0.27730098294960287 0.2830203227221561
0.2785440525456592 0.28434187343211714
0.2866584420564244 0.2910386286532265
0.27392234500648116 0.2818592974995709
0.2763761958213397 0.28501070250575694
0.28018130895214194 0.287662553554547
0.2848179037966664 0.29133577549987777
0.2819896079571832 0.2881838281801307
0.29490580048920517 0.30129207625736637
0.27667645133848523 0.2814410750622076
0.29280368388456823 0.3001914269711349
0.27777359935462176 0.28238516215746845
0.28130117002122235 0.2878065501954217
0.29288902598978306 0.296624606397175
0.28208029875027474 0.28583477290290865
0.28403678147503514 0.29094101163198205
0.28101920521952556 0.2864968904326365
0.29813796147884597 0.3062553625049122
0.2911089401097103 0.29713007933827584
0.2842620075235893 0.2892572861713461
0.2929296800750786 0.29992408862678005
0.276667809516052 0.28430172751018873
0.2881214766035424 0.2951120453859797
0.2782357833413917 0.2843551605919432
0.2793746232711522 0.2871482666609272
0.28965075314024774 0.2937336402500524
0.28729654623149975 0.29090361508338863
0.2705809996447369 0.27573506588494157
0.28235334429320325 0.28688274633670985
0.29056445912931045 0.29748748428567795
0.28754240215952676 0.29285789487075564
0.28532653259099106 0.2930029339055142
0.2819057277827614 0.28726594863739785
0.2999077674484413 0.3039588082792579
0.28102103015294533 0.2869866079350921
0.29017347254992515 0.29482271924191705
0.28282962256310185 0.28627811636915534
0.29091771228136376 0.295446231057638
0.2942535603289171 0.3003793398628814
0.28312058810980595 0.28658954396601183
0.2787323971326321 0.2837796229599991
0.28591505773771075 0.2919411041755555
0.2756803323988684 0.2816060956309601
0.29026595791751786 0.29723228606410446
0.2791055622711711 0.2861176167680893
0.2860580530266399 0.2939682202746424
0.2798156640436567 0.287399452712378
0.28851199872923666 0.29700968258570803
0.28889006561261477 0.29645587735400075
0.2842656490673039 0.29096447829060684
0.2853418390163033 0.2924437489532044
0.28403984914917085 0.2866090498339546
0.28214776635794964 0.288902836320636
0.28563301414373027 0.2920293681575608
0.28285448113567313 0.2879265483839901
0.2976317973923748 0.30349039264675515
0.2877073530991486 0.2955727837280827
0.2825870367159305 0.28919873468599044
0.2727711914873819 0.2787075828610816
0.2804660893187908 0.28741611911242193
0.29239292438649384 0.2975828493231238
0.2816552765451526 0.2874228150256385
0.2884582576198625 0.2952662945130714
0.28104338762142933 0.28717233974754347
0.2888116066945955 0.2958898324396837
0.2972101473533574 0.3043124176049553
0.2881543907128775 0.29399472671074195
0.28052025159520166 0.2847711146834905
0.28970946406413944 0.2971274768254862
0.2780098282666247 0.2874783625124389
0.28738063644996836 0.2912538344956075
0.2829812852433041 0.29007115946155426
0.2877205794382813 0.29111020399739795
0.27746822769266494 0.2840690026429018
0.2848010575213683 0.2928747923748319
0.2850762898497103 0.2910627549661605
0.2860589425274798 0.2931545615515938
0.2825887438825378 0.2912343861564084
0.2844138900774542 0.29128143551315994
0.28955964340975565 0.29780532619754657
0.28272102695024504 0.29027288271296353
0.2906402720287525 0.29963389695064346
0.2801710682043744 0.2874108333407432
0.2880478289734643 0.2953569065182955
0.29778890978974115 0.3035432860522946
0.2821828298958666 0.290943086499143
0.2778206318917866 0.28620287199243566
0.28674874533356065 0.2919676618500914
0.2877662327791049 0.2932042568379728
0.27718909778335504 0.2843840138351896
0.2820370888214969 0.28982734874282173
0.28028585126910566 0.2897121226887793
0.2849404967332433 0.29132605243703374
0.27887919248214554 0.28505402154609155
0.28863298090801137 0.29580043263344463
0.29540955120572865 0.3017612086403139
0.28477424145634184 0.29235608587344186
0.28879042695912566 0.2942735320669635
0.2816861200265982 0.29059788229321526
0.2761481601507204 0.2812625284663445
0.2935515387797637 0.3012673187807971
0.2862143625292296 0.29439324477916906
0.2856473307967383 0.2937283976544386
0.2767168674517676 0.2829907094174486
0.28327298847225185 0.2895009310893818
0.2860924354177524 0.2909766063793777
0.2823927981171249 0.28838410392946967
0.27925388442632726 0.28510578663958064
0.28558788753516123 0.29262918306828667
0.28046848094395166 0.28752728508497566
0.30065920300830973 0.30700904860909767
0.2876847218605514 0.2926070910101733
0.2814414447058761 0.28902482634260557
0.28424420533510836 0.29157515434480774
0.27882512333888787 0.28615299309574177
0.28230809363987375 0.28753076306528963
0.28481775019813854 0.29092958890521736
0.28340211105793034 0.29010379348477805
0.28204799906675304 0.2890080826648429
0.2869483530585753 0.29333175272868134
0.2824318441687166 0.2868130839571142
0.27885492170432824 0.28360679926039273
0.2924700144744045 0.2973810693111621
0.2764048740021298 0.28247063726651783
0.28725104085275655 0.29385892542606484
0.2895260699850846 0.2938808143149189
0.28446484046677706 0.2915803847712876
0.2826637039140373 0.28960136559349653
0.28897019259047363 0.2942841577965537
0.2966781842217008 0.30289713594748074
0.28740109959269466 0.29224574379770624
0.28317588769432717 0.29111869720162836
0.28337920065913447 0.2915364627928773
0.2860790149974451 0.29204550579482147
0.2855831203375694 0.292247257994389
0.2841799242126742 0.2899100492171185
0.2873535058008754 0.2919332590846498
0.28933653813889887 0.2926806188780813
0.2799009711434124 0.2873755951804738
0.2813577706100405 0.28698173334040866
0.28584693285887197 0.2920940000389417
0.2914702394732179 0.2991959995102581
0.2796460952727873 0.2851587124861215
0.2856571691534328 0.29238417302752046
0.2906207007928957 0.2979751192007991
0.28301564151216924 0.2890397870849125
0.28717365796650585 0.2913149619291798
0.27853390986104143 0.2831997673361121
0.27548502633793304 0.2838122951281767
0.2776379557025627 0.2841727250048427
0.281106720592928 0.2867660547156629
0.28665559507142546 0.2923224100135635
0.28460484028671107 0.28833899986623657
0.2838099712753023 0.29029255289295325
0.28375863413746527 0.29209626177478965
0.28199920084492686 0.2880472334235602
0.27497267100849104 0.2838682865162125
0.28508386923320583 0.29146999651518696
0.2817135023642006 0.2863695241397959
0.2847197018824188 0.2898954719695327
0.29071312544041045 0.29773719903735557
0.28840681897774484 0.29581131700687074
0.28144888075540936 0.2867413997906308
0.28772483209910144 0.2959815672259122
0.28367974088987724 0.29283415784576167
0.27674835030511313 0.2833573885827358
0.2804489315746696 0.28632306793382356
0.2829616536342286 0.29148463903571964
0.28969657059453346 0.29790950154666346
0.2836770461163449 0.291047448987894
0.2817384951666997 0.28683775135885
0.27677926528191127 0.2838935362276535
0.28885298551797717 0.29590000771515107
0.2931606556447218 0.30022826224701693
0.26862771073380176 0.27655997741641464
0.2844714471063943 0.29027752825647973
0.27982225528491433 0.28579989535284667
0.2760516742407935 0.2841999080150236
0.28299488352990443 0.28741841722079897
0.28217876935233427 0.2896106348236325
0.28544925039754876 0.2901802590817708
0.2867702126164585 0.29290743044536743
0.2873286704567885 0.2926404715490066
0.280795562638956 0.28528502665113303
0.29303436313414055 0.29840124579075783
0.2802024168632998 0.2877282474696903
0.2889380093986314 0.29216966424199314
0.28146292571188647 0.28873009939421795
0.2968032623456678 0.30233959329188914
0.2952923360689035 0.3009943502448731
0.2782402860330076 0.2824235561147771
0.28795902336251955 0.29158924447159223
0.27649812837890664 0.2816995236817516
0.2766816917599711 0.2819856643151194
0.2778530431883715 0.2836338391265676
0.27522894533824105 0.28037828333588066
0.28886175001525966 0.2976042314586084
0.291080582224633 0.29710269238439985
0.274124123266463 0.2817026909157783
0.28779903890152464 0.2935244469266601
0.2864357209108029 0.2918508945620102
0.2828163530681423 0.28849346380575114
0.27970182499629986 0.28598033398191425
0.27906028219185564 0.2856547476216086
0.2789087745301292 0.28550728573607076
0.28095935812503564 0.28564409776172034
0.2848119301499424 0.29012026068979857
0.28502346523898725 0.28968487792746217
0.2891143584889047 0.29398971809062574
0.2809911087413925 0.28863964767828604
0.284676574514674 0.28978231649861386
0.2876471411523485 0.29353201301978993
0.2880021198707855 0.2955230432421255
0.28295253964008077 0.2901663658095515
0.28032682731917374 0.2874081066346793
0.2858514735907983 0.29190327128148835
0.2841003834946261 0.28933072453704245
0.2854042834852476 0.288394247364205
0.2812975624820124 0.28872551086362025
0.2881672493335207 0.2970277741704183
0.2814676155875899 0.287592427045947
0.2820628980515108 0.2890751682801841
0.2824636511484287 0.2867997882998693
0.2947907391272788 0.3000492087612959
0.28758613807853195 0.29602303449511413
0.29132533071651456 0.29504351439382104
0.28184304636356 0.2871963530580906
0.27870328952501267 0.2869861099540682
0.29098605902135055 0.29829583909759455
0.2907130185876635 0.2972492784240457
0.28222933750243806 0.28913700783758317
0.2855655813471031 0.29060843034765976
0.28589923799162104 0.2912126609393132
0.28555845666923463 0.2913738900556235
0.2834174052673889 0.28771500026495084
0.2848168769830866 0.29435748061834055
0.28224526521090226 0.2888424703640298
0.2772947871993083 0.2841595112132003
0.2891864217076661 0.29544806477829527
0.28789453696404166 0.2955962167168744
0.28268572648711016 0.2858337374755725
0.2813430319921451 0.2862813441279026
0.27689047533710665 0.2792899615202006
0.2856939832268931 0.2899663644754754
0.2814723150019652 0.288721497126419
0.2843641990254003 0.29007246001069625
0.2822083546838808 0.291106324191251
0.27833207337279 0.2834156751673302
0.28664541463793314 0.2950659228414739
0.27477715260647534 0.28234397474283107
0.27611112433771 0.2832452512752793
0.28474184105404143 0.2910734183913775
0.28353935772795025 0.29063629136385605
0.28887075526414746 0.29413355918311307
0.2834160332027604 0.290720511318783
0.2860813496772561 0.29166366223373846
0.2915251507565075 0.29589313721835586
