0.1485081025539236 0.15286709549100866
0.14930333166014303 0.15472492196122964
0.13698529659085887 0.14308598753848736
0.13953935756434838 0.1443188014848309
0.16007085611888214 0.16661040108004388
0.1448026456214148 0.14863946161983702
0.1515985293329125 0.15554981464387907
0.14872576151162759 0.15472756109230487
0.15262004246846209 0.15849412984885872
0.1554021006182378 0.16172082358793874
0.16155440811526278 0.16702627659413902
0.1489511402931688 0.15395148483928767
0.1777609789129283 0.1814218933946907
0.15682653721506576 0.16139345936650348
0.16281216136478588 0.16601127736973872
0.16223924166438095 0.16742180461465347
0.19193646878944984 0.19944987488947766
0.1643736745702428 0.16826881698572604
0.14725627171146813 0.15181718211119993
0.14975772166430776 0.15407786372985363
0.15530607999498555 0.15811420418588662
0.16190630869426043 0.16755971125635674
0.13833986800305353 0.141279953639699
0.15589081028197915 0.16039749392421135
0.1476405799184017 0.15341239147672028
0.16619820615863753 0.17250223995873085
0.16178179833393105 0.16689276554183577
0.14283926375018674 0.14710315011451505
0.14937072976797675 0.15407051429137722
0.17115649877732264 0.17876996655134947
0.14823021231459504 0.15153406014410936
0.1693437259459677 0.1756737281466257
0.15485347356153914 0.16046703269224644
0.1799774198016695 0.1853678298139809
0.15490886419406846 0.15877735179589753
0.1393354882547271 0.1442236484312128
0.1712539099664434 0.17621080688207252
0.15877904209319377 0.16299333277052663
0.1459390371761755 0.151355818034402
0.15100825190774628 0.15642074845985285
0.15592093278964922 0.1602978121501563
0.15056770723983728 0.15473951977469713
0.15236654141559938 0.15689288982947247
0.15224274072117758 0.15777763894860558
0.15333167930290736 0.1579662645967241
0.15254939667698506 0.15645259353316807
0.1593113315707659 0.16279157318098372
0.16892323549079108 0.1738875200790698
0.1527211086615827 0.15741964225693528
0.15667569007764984 0.16440233415170805
0.14022660544832583 0.14453563466620248
0.14340433612419332 0.14891314333736344
0.17643014378119926 0.18195858998244105
0.14673460559793566 0.15064451931201525
0.14774794276111144 0.15239698873905916
0.15155580383220862 0.15468026162282286
0.16654352991267393 0.1704371050230749
0.15419404395925462 0.15930109320781535
0.1623710132239414 0.16921811494933892
0.15752804902135595 0.16131192306652972
0.14449184578856034 0.14910084560458622
0.14141963179185835 0.14539282978332588
0.16133998352920031 0.1664516906441253
0.14780611255507123 0.1529663041758468
0.15763489573609607 0.15998276578675602
0.1648101176945258 0.16870740083058863
0.16263884451761534 0.16667746369181483
0.137903519165562 0.14422062625451462
0.18650069879255166 0.19235894341182413
0.13608108538363833 0.1407986400456204
0.16199516055075375 0.1682289334225839
0.15871302012795754 0.16365183360918942
0.15176234246505604 0.1584477929288628
0.1565482620185875 0.16185928652836923
0.164153579977198 0.16933802906967446
0.12826084709003227 0.13296028577302554
0.1530362138102382 0.15916948709261092
0.1597843609411482 0.16643011450858047
0.14023530187202415 0.1453074389027178
0.17177641698847607 0.17595676527924203
0.15571553713662742 0.16122417448441517
0.1354733152441954 0.1401378098128139
0.14642772932366863 0.15166764444596317
0.1458895000577597 0.15010682281388643
0.18210115139938104 0.18639396896322183
0.16195080901929174 0.16676557186112043
0.16798217954294337 0.17409647078277704
0.1524338739694157 0.1574751321978843
0.1803668163761757 0.18586818301331104
0.1665566514495238 0.16994880357802192
0.15506144760617394 0.1616228195208564
0.16115202819390956 0.1677043870675207
0.1562671854533602 0.16124283637780243
0.1608824147796542 0.16669084881730614
0.15934639502632436 0.16475484796442316
0.15149449813775706 0.15695984001090127
0.1425260173464996 0.14829880457223335
0.1719657225028322 0.1770867183985046
0.1455222367164029 0.14952667114858073
0.16065535544713566 0.16706000487269346
0.16416611569081482 0.16953685263676965
0.1637759186508921 0.1672489850721139
0.16214207172505596 0.16630685737329987
0.14605382431327352 0.15170126810173393
0.1576982223374283 0.16035820708597548
0.15917266233591543 0.1623996756033558
0.17494319163794128 0.1821321577314524
0.16624732562399144 0.17133745727858493
0.15735324341772416 0.16422837166112272
0.15212650018095694 0.15662937797258003
0.13663251047575628 0.14081471511678073
0.16170757415769077 0.1670688122684122
0.15473229451105286 0.16116225394618308
0.14678996052971555 0.151523518164997
0.16925476155772998 0.17331021006015238
0.15221384419301245 0.15791004236896106
0.16143845337943372 0.16670659803209636
0.14456195682248815 0.15014121422773752
0.15049572425704208 0.15383641632208064
0.155654768722465 0.16050368129674492
0.15780714424629022 0.16398189353363965
0.13849709616578984 0.14173241020578825
0.15587399401955918 0.16075401979945259
0.15779823518055852 0.1640597832078493
0.16226674320330542 0.1655431579366236
0.1652353409977978 0.17059259846528424
0.16093736857989088 0.16853816101695857
0.15359036317351057 0.15928411326645675
0.1696367338385286 0.17345781542205388
0.1481089475368399 0.1537245019025177
0.13759148073720634 0.14317305403306688
0.15961458886633123 0.16701107110893798
0.14497286154812267 0.14900815572381418
0.1528249716141049 0.16023483100409835
0.15577397833551496 0.16131439421070984
0.16286544862294508 0.1671802102254706
0.16178288422562548 0.1660543980057199
0.1579516519333658 0.16260576966016377
0.16699485037104567 0.1725610104831226
0.16051946977064477 0.165518682933501
0.16124147509692566 0.16555772824483958
0.15303231921164534 0.15842707830477157
0.1655354603857341 0.17103922872322677
0.1584799070442103 0.1620653592106464
0.1502737152125305 0.1545697837514137
0.15311599329434428 0.15841735555992414
0.13291642254772543 0.13848113542852433
0.14978310555714544 0.15603398615926373
0.1475140276507917 0.15365657558513907
0.15639442215509536 0.161673306575558
0.15573371167899971 0.16071366264507655
0.17986543699041402 0.18477031252711146
0.14648777849161262 0.15002092569627232
0.17637042945365164 0.18230846838708184
0.14564060818969313 0.14756914142241068
0.16296404500505438 0.16869864912188454
0.16097123950377154 0.16510131450987706
0.16357406451350756 0.1668529070932701
0.16011021325132807 0.16527245747129554
0.15326626264389784 0.1578503103432436
0.16836402416357357 0.17567072593261357
0.16301318762253583 0.1689228752330118
0.1647962181813949 0.16974950915590425
0.17879734764347588 0.18437616123955738
0.14947822526502139 0.15584194635710993
0.16670034348218088 0.17189692201005355
0.1481815522194549 0.15454677937610523
0.14478983989341582 0.1516695731437395
0.16630194718358723 0.17034166481859322
0.16284780109477032 0.16709485578684985
0.14157224490735085 0.14600035530336566
0.14909277722842088 0.15367919048303044
0.16617036043759625 0.17297431973554422
0.1522837894120257 0.15661528666731983
0.14999057824178863 0.15537661730447072
0.15021787078296645 0.1534051339008775
0.17878317329791518 0.1829404922136599
0.14640529941470629 0.15228090587191312
0.17474903777520773 0.17916884532220304
0.14889161060185283 0.15291308760446395
0.15556260730041918 0.16038462864529485
0.15556195768075712 0.16158506921503824
0.15106760020962298 0.15438485016203105
0.14816896645436034 0.1520208046875752
0.15861339340175182 0.16502193869088772
0.1320265139528143 0.13821058310514284
0.1601764190309214 0.16563567976854815
0.1484126958025629 0.15437034526298501
0.15465160234858635 0.16114181872653305
0.14351115443698467 0.14949945352643298
0.16046822496747085 0.16829730752601235
0.1615650067900876 0.16674646083468583
0.16402759982525797 0.16968109348437008
0.16240855006934818 0.16787199811547754
0.14951857107537775 0.15214036409213436
0.15271082610527315 0.15972405291759362
0.1599495082493186 0.16659952795256036
0.1593997793556245 0.16328743603267365
0.1756690244900193 0.18073730755894815
0.16234531918286588 0.16787759098956817
0.16255267011881272 0.1697507241698435
0.14446733781950644 0.15011060873129578
0.145309363975641 0.14994453767562696
0.17238377479207265 0.17546874129645212
0.14669618905541845 0.15049151512578102
0.1617412925394555 0.1672066482653585
0.13592165618376154 0.14045921256657495
0.15257135026555366 0.15982784319492374
0.1817954619516338 0.18770518779333265
0.16639055768190633 0.17086080185706531
0.14035467540429447 0.1432741754815263
0.16139383954150016 0.16625183637954122
0.14159648268934397 0.14892191033109328
0.16647634618699453 0.17003055938795766
0.14778224142192434 0.15356201263427782
0.1561600340948927 0.1600450430081443
0.14891291114231112 0.15337055435938726
0.16338057638529876 0.1699166607982947
0.14702845124991737 0.15289922574893888
0.152892478879529 0.1586160667119496
0.14693079580211219 0.1542017342484094
0.15956810664926646 0.16587610400502556
0.14946493566085575 0.15676893216081222
0.15408473547656626 0.16026059579029622
0.16998181823553227 0.17692332886015738
0.14794673813091053 0.15355103063918984
0.1569381110711734 0.16219287288351605
0.18373001460887925 0.1884608943711047
0.15229289967835213 0.15872160516367137
0.1521693112023967 0.1584804937017963
0.1558284210174387 0.16017040338036548
0.15910235297288053 0.16351923393681317
0.14086287358337424 0.14591725715145482
0.1432783923683543 0.15100919515612238
0.14642691425058474 0.1536611087514643
0.1589441598652937 0.1641703953856797
0.14849501254583383 0.1537038815923204
0.16216552581682525 0.16815652368855166
0.181291253963063 0.185264524522028
0.15941320981911775 0.16524206877117825
0.15734312340898257 0.16254087178990587
0.15738847877302825 0.16499638206126094
0.14238265584004572 0.14676990618876953
0.16307756615736638 0.16847295086052957
0.16256003900166283 0.16757131645780834
0.15935912011389 0.1660197569704041
0.13650681164264156 0.14192549040862998
0.1517082804308702 0.15715601392395584
0.15502967776240414 0.15932925518357127
0.14476750790121845 0.15068693709774741
0.14658019208878068 0.1506712449214534
0.16286225021452322 0.16849404356869596
0.14801335688785777 0.1541490500825536
0.17858482382620647 0.184151536045007
0.15067253269165778 0.15537284071724727
0.15780891612191547 0.16369472106803137
0.16355204406642154 0.16791686548487517
0.14931015213833063 0.15563233068245305
0.16044106165685737 0.16446727386037707
0.14685525713045589 0.15188250995289349
0.14689741417498975 0.15336100264770217
0.15407501273722385 0.1603019536511886
0.16368017619456365 0.16969819739716469
0.13949130698500514 0.14245063280834533
0.15629309001026503 0.16079818873367688
0.1650764698572514 0.17018687274695404
0.1336783377681977 0.13865673001609974
0.16103839454069585 0.1659686140112977
0.1666507275394493 0.1710096504087596
0.1496325002650919 0.1541449416752786
0.1537522713615016 0.1600469083520981
0.16394778788355144 0.16733614918226436
0.17405739845686063 0.1794372587519969
0.16071387729739345 0.16578444743527618
0.1534465628015819 0.15850324603226154
0.14643921427208628 0.15200220269760492
0.15417169324405464 0.15951905038294062
0.15443654108950608 0.15950487913852962
0.15442072463860101 0.16072184961243796
0.14997274237222188 0.15460235088431534
0.15657766509848559 0.15907876687777603
0.15550540924988357 0.15985633990682924
0.15424753181811585 0.1594399500068831
0.15056298492041045 0.1550992199151214
0.1627343988651193 0.17058137033566761
0.15100170663651424 0.15504802769543138
0.149203220466753 0.15539311437712663
0.1614808120333178 0.16771115531633723
0.15883831803749343 0.16375345770839392
0.15213614091602687 0.15661423759878268
0.15740731329861993 0.1606357227068098
0.14896275158337724 0.15583928294491586
0.13924657862021886 0.14421934360644637
0.15110814907820466 0.15518078919998335
0.1708233487377647 0.17258625936406394
0.15242082031758014 0.1551569481322223
0.15649725511263368 0.16158741989798658
0.15590240815305575 0.16282293019204308
0.14283273720645012 0.14757944278959925
0.14638896869536924 0.15310647839810995
0.16393564770917948 0.17009373359548965
0.15181995907994061 0.1558430742948689
0.16142307491325375 0.1654078585222637
0.1580956560767489 0.16477493201991542
0.16373776846238838 0.16906179516723288
0.15469617648043305 0.1585045979346446
0.15903259647413615 0.1657461432789166
0.15462545995182064 0.16102650656062498
0.1427521174983872 0.1470970651870503
0.14254221253568922 0.14729581846487222
0.16492524365683248 0.1714874144532944
0.16455722357571367 0.1716700238325006
0.15570405461686238 0.16243626598149086
0.1530061720804553 0.15747907060176525
0.1384422558104537 0.14434638622268217
0.1771068082326738 0.18259123476524547
0.1702213624231523 0.17673741227203518
0.13274693207280008 0.13963416289928304
0.16234555993313954 0.16760434719518008
0.14611596526741125 0.15081283542736687
0.15509011092982322 0.16226262353684037
0.14992108924852934 0.15366003461399133
0.15142619348033592 0.15756182357784115
0.1513392613895451 0.15604455941213782
0.15951027761777248 0.16362828489508452
0.15116701182713907 0.1548831746889031
0.1513122748363814 0.15550496867378275
0.1613974579996003 0.16590249863971518
0.14801304941625115 0.15362626486115763
0.16752869001290652 0.17058804743408978
0.15939516705051948 0.16509774015276804
0.18911893431486784 0.1943343231414542
0.16305656229672832 0.16809046775745282
0.15262619777861214 0.1572426304017623
0.16305444009826217 0.1686119357320013
0.14788526398963472 0.15181502457498436
0.14639183254435062 0.15146975014231245
0.1492024354976211 0.15282768387036166
0.13922116460674924 0.14268684774504564
0.16768863761180516 0.17410235195502632
0.15704916536129696 0.16234824683897756
0.1344612146960473 0.13929600299137132
0.15832996060453508 0.16363107060446688
0.179916928428318 0.1845652959777531
0.15561812521674967 0.1600023560267159
0.16290286487637792 0.16925610556427434
0.1580196830262883 0.1628629739035031
0.1494462704548119 0.15549685417875703
0.1419253755175671 0.1471458371769607
0.16967783468619102 0.17547840721020824
0.15183178838026212 0.15550554234535302
0.17264997015983985 0.17559919314783254
0.1551268542464383 0.16104070526174635
0.1595778084289491 0.16457430879270077
0.16193884444456996 0.1672940668644571
0.15076436423592046 0.15707097596508338
0.15639240693027534 0.16267569350939842
0.14162766028980697 0.14660492296565888
0.16978380107221824 0.1751968776892876
0.16295779665384774 0.16862543578343683
0.1530144165117831 0.15704211528375275
0.1400629351913772 0.14477888545248713
0.16794228758533422 0.17422484578408878
0.15438125445962986 0.15986393373125882
0.14612858269448245 0.15177309547743054
0.15095790874351303 0.15310272105841766
0.17066059153644714 0.17579540012642295
0.1649042709608114 0.17179507614949716
0.16245228919947063 0.16650992258979944
0.15275066638371484 0.15653816727390055
0.15007573967081808 0.15591136578646086
0.16773188799671135 0.174420620869004
0.1605605440044833 0.16547985851085867
0.16792174926938455 0.17221289510655363
0.14911512184434372 0.1536442287444953
0.15388979040867654 0.1590423621758122
0.16079400337136285 0.16650299483937223
0.15973350245369378 0.16344218859932574
0.14860019553148954 0.15545587063002125
0.15339404996240574 0.15856199913141636
0.1527214021980387 0.15722056439310134
0.15647256477694385 0.16220789104867556
0.157206999879923 0.16311609516561504
0.15027154493302008 0.1537691109052212
0.15660843890989218 0.15914504850093553
0.14939231539233097 0.15166444929535958
0.15344317211426753 0.1573231366758783
0.15680983728136155 0.1627623810093432
0.15390847497415455 0.1589346974869666
0.14122016014018823 0.147150837858462
0.14621745808488212 0.15016332581443453
0.16153240288308054 0.16877742147180677
0.13841473530301807 0.14468128360616367
0.155481366184979 0.16131077564142296
0.1618269443666763 0.16702097604885105
0.15583702349684825 0.16205902568035338
0.1633411890140508 0.16689051316629983
0.16105642046148713 0.1673361020691383
0.15651604392926935 0.16089424975721997
0.1669212157704731 0.17065437013504978
