0.2739710210669596 0.30901010770195075
0.2723736097250252 0.3079017538232602
0.26472096061925665 0.30225471411975663
0.2646791054545998 0.3028141950959374
0.27524213771762074 0.31223876147746144
0.2689010629431892 0.302006559059077
0.26833517388393213 0.305087618547039
0.27275559411041017 0.3089822933180017
0.267299446020301 0.29953586304572793
0.27238824318278704 0.3124509018756019
0.2850174435866269 0.3262069768753597
0.27232197355138266 0.3106709173373172
0.26900504590848023 0.30894667260101183
0.2626760994601674 0.2966698920820799
0.27686865331021293 0.3100374097258136
0.2669383635922243 0.3066881719238318
0.2669372067881729 0.3001511505304473
0.27264182723296615 0.3099290591455629
0.2744047397960322 0.30793083160948564
0.2621774312225184 0.2987891965748842
0.27251667786479383 0.3095441059146011
0.2744026069160601 0.3110057926241763
0.2732371550758701 0.31028451059444356
0.27364876620686157 0.3073707299291823
0.2620582880677013 0.3013957462296842
0.26124628840212843 0.299745142285725
0.2830594184436629 0.3191274656747598
0.2761696888392757 0.3133561711563709
0.2639950113605653 0.3041397875775858
0.27256038507908603 0.3107564855629445
0.2705342703874624 0.3067729785120171
0.26088754046014473 0.29654890328212163
0.27435025473814834 0.31169729125762247
0.2835421792408784 0.319271473722744
0.2775836980380354 0.3172888627518183
0.2698022659592153 0.30497756507713064
0.269572918165553 0.30825376693119816
0.27086825063154923 0.3115485583575906
0.26100253754130487 0.2986350573483429
0.2623823844532907 0.2984771451759955
0.27603436764262956 0.31187618231754805
0.2768146812589794 0.3105482994996261
0.2692443541530385 0.3071816912244546
0.2579310910897161 0.29800996888389975
0.275020057982167 0.3041373910784363
0.2776787588098682 0.3121616729525005
0.2714092894788389 0.30767152963263444
0.2655741824522018 0.3004541986972225
0.2594384993779163 0.29514824450095667
0.27060848786520003 0.30747122680524885
0.274078701455881 0.31501780799200474
0.2711307697666966 0.30668401665637207
0.27129853726693437 0.3109206879163092
0.2666937857707339 0.30307138840439013
0.26932045036366337 0.30808988494211526
0.26566444336341166 0.29942425332865885
0.27095140628738723 0.30413690904061824
0.27014867827644656 0.30163836966506063
0.2801348703932405 0.3155966053793783
0.276412941220866 0.3134814706940606
0.2715322312095352 0.31187296595123154
0.2749322351362977 0.30856542762053574
0.26874687648260903 0.30807684149457004
0.2840397135651277 0.32031142111335525
0.2679227579698307 0.3029157170742483
0.27247106136309035 0.3054053817754425
0.2654155558610504 0.29845812434101193
0.27117572879574176 0.3020685887564484
0.27028839349258343 0.31121153575356764
0.27239833010874687 0.3082764355696179
0.2635088823449463 0.30269057608416045
0.25774345020230854 0.29430184211332594
0.28279954909060045 0.3173662910723128
0.27524369193502823 0.31515820274207124
0.26967496983549016 0.3018090616221267
0.2721540078197272 0.3097537476234753
0.2679855327943885 0.30245906324175104
0.26971037967224243 0.3070589738883444
0.26895770760218796 0.30515112641693226
0.2636746189974764 0.30187368441133533
0.27022185694835044 0.3067471364224847
0.27560405815943684 0.3090228021457419
0.26633102084237287 0.30543864832395523
0.2636633415842916 0.30055457132655505
0.2760050198727224 0.312168989085065
0.2685169784098566 0.31084615542740374
0.2745793718015478 0.31407534843050994
0.2616779657272125 0.30058116833183623
0.27066076663162447 0.3084457584372405
0.26765274861472127 0.305883388057934
0.2823815325165332 0.32071863053142596
0.26483060079325765 0.3033886174753335
0.2787867826691624 0.3173467689594255
0.28619812276117107 0.32204597558085957
0.27416653544495556 0.31123955635675754
0.26411268946032007 0.30331846815580404
0.2650747068454005 0.3025708351460618
0.266255657761173 0.30523346290582587
0.2750611211766237 0.3067150312140249
0.2631183672948228 0.30316717611791894
0.27678396304117525 0.31158050013248306
0.2693595468669816 0.3067678484931794
0.27474055993054985 0.30708849052516857
0.26607604338535046 0.30232574224407843
0.2730912902420264 0.31594419817600444
0.27324678809915415 0.30861752708762324
0.26325568646766245 0.30485180934752326
0.2688918687455082 0.30328100402089897
0.2620657965112621 0.3073502583836928
0.2726655931224389 0.30393352896800746
0.26747102519922533 0.3090266801184601
0.26879040097925716 0.30376942825262243
0.2730847906498851 0.3116758016320843
0.2644734524415038 0.2996960782798938
0.2632968669456945 0.29660651770592156
0.2813724083519443 0.3155527239390331
0.28090871253817057 0.3186931960992328
0.2785330913151278 0.3150525215280144
0.26793281361323845 0.30680980617895287
0.2651467260412123 0.3037789743508215
0.2759684624090943 0.3173399048355803
0.27010964375903024 0.3046785868701345
0.2791053871495043 0.3154280200022873
0.2779208377276415 0.3164818594245107
0.27108016343341523 0.3080645465698994
0.27484693125466547 0.30524950772232873
0.26850023361231395 0.3056709959709774
0.2716478037526498 0.3082861499414099
0.27701839004070533 0.31054610315658604
0.27633653393078433 0.3146209936544197
0.2710637967943207 0.30593951651739154
0.27665982588668087 0.3117352794358759
0.26903317354567746 0.3092466944097726
0.264092241314225 0.3015109986309597
0.28927949061956815 0.32110208509212684
0.27284499808234763 0.3117718093514302
0.27383040742801057 0.30900917631830577
0.2741027334490624 0.31043641044053916
0.2762784311993723 0.3137182493099274
0.27249706473239765 0.30634581278166884
0.2715273773889723 0.3065018524286034
0.26296554876380474 0.3020241680610259
0.26780605424702664 0.3087832319272551
0.27324455267125586 0.3068227565359047
0.28082345188047125 0.31674195120561693
0.258642085294262 0.2995513698716525
0.2698761465665457 0.3067191623034157
0.2661314195072901 0.2963497494902824
0.2694892309189086 0.3048784723914925
0.2672175063324209 0.3060457559293963
0.2842520841056178 0.32183518668546623
0.27228627885273365 0.30875407151606293
0.26738046514534886 0.304572359225545
0.2697208880327209 0.3027453664824927
0.2680601711140957 0.3024806366992282
0.26533319510716213 0.30245667930685843
0.27050809759515776 0.3004706391492955
0.2624979436052561 0.2998456077841033
0.2717291204872949 0.3076680068459437
0.2808303507510493 0.31538322254034035
0.26719491216939895 0.3052800380972083
0.2692092947904913 0.2991669596900688
0.2606451843232398 0.30206788341409074
0.26863282354731477 0.3098281955053603
0.2708082567125029 0.3094930475479143
0.26248899844023654 0.29616325266145777
0.2723953634152258 0.31073735627977944
0.26306338658607403 0.30114418671257065
0.2703594735490746 0.30946389855195816
0.2591294267114019 0.29865414781462024
0.26404951810832117 0.3004308403691985
0.26325891104952154 0.3023642491186235
0.2631439640767241 0.29890747056609784
0.27884936940674243 0.3102810815586021
0.2713651679357209 0.30730777157975625
0.27579202692291466 0.3100484709399441
0.28247328224404894 0.3159676625218593
0.2678780630959117 0.3020743667444622
0.26859226128275515 0.31373994462101723
0.26904890328446807 0.3044761245275438
0.26286170722925595 0.3052551699376154
0.25868112347672967 0.3022909209074117
0.2808834576832557 0.3154064646314556
0.2728539548175021 0.3129818552948264
0.2808615408628607 0.31794582088064577
0.28039723593150684 0.3143650359570361
0.26510168039230825 0.3044379022315141
0.26574250286291323 0.3018900368288096
0.2750203614814335 0.3152386993249817
0.27629566233734704 0.3131665845575154
0.27409728879285983 0.3123166387146823
0.2796465269146653 0.3188797564954845
0.276720590063138 0.3102234408688554
0.26909000125446936 0.3096601912239046
0.26955854169365184 0.3064370829424403
0.2664647324155768 0.3016149751988834
0.2698461582810049 0.3065517654152499
0.2646467256735383 0.2953715633355892
0.2678664473320307 0.3011521677165125
0.2681710944138793 0.30478625654543223
0.2592547126250733 0.2984089150241817
0.2684694092934551 0.3073557537899353
0.2736636755969004 0.30623021139323553
0.2675712619730857 0.30345377597013273
0.2669560075677364 0.2955788320792452
0.26419450652846843 0.30230029161892574
0.2642309201967072 0.30345833743770667
0.2731283137568603 0.3063678556847086
0.2802460957921576 0.3165274488268933
0.26355331004194366 0.2992451019899352
0.26727183635813745 0.3040138928798807
0.28030781396930754 0.31386703077992256
0.2711632230027038 0.3117646274403791
0.270569635959005 0.3075933474924452
0.2631177305683448 0.2969098552525371
0.28175279448657503 0.31701969396478574
0.27522697264449336 0.31255600102052444
0.2693389644635394 0.30176648743707724
0.2788591844817644 0.31927457362958683
0.27364150759217043 0.30249817294736164
0.2593869230227207 0.2989876838215004
0.26857991172838824 0.3114129094898077
0.2645369652005408 0.2988821819265028
0.2819004035735496 0.3176935089659383
0.2628169040143143 0.30259889202980905
0.2744505491848624 0.3112965263611388
0.2817331648542391 0.3166705431996345
0.26715885730861394 0.3071986785124835
0.27238157939313434 0.3093619251535986
0.27193882401546526 0.30994130524523195
0.2658087535208437 0.30580219346436693
0.2664609585275887 0.3068148474138955
0.2753691896523231 0.30865463917526686
0.27773292060978577 0.31329607337861065
0.2716024447006849 0.3118271469811355
0.26561396997816805 0.29913272420649045
0.27062445140997016 0.3066971482899915
0.26303290634284 0.30088553701257525
0.2712707077208123 0.30732434106008627
0.27636770401999705 0.3112364821157139
0.27805311621445594 0.3163204043848685
0.2604788142145177 0.2965477359114083
0.27199129995556587 0.3091038303642876
0.26880591848790364 0.30760560807316417
0.27062034563055987 0.31357165149364274
0.2789629138592909 0.31615148381922253
0.27678009834539674 0.31810611559982893
0.2605139907149178 0.2989216524361916
0.2782657704702854 0.3162524163953502
0.270734771699024 0.3079567063191269
0.2699585590956113 0.29861147989970666
0.2684425571646199 0.3068814583072332
0.26464363895489945 0.2972510862569515
0.2691906095522366 0.30477337555051554
0.29350607880709917 0.3234510720678074
0.269108860159666 0.30845724751026343
0.25326648327161033 0.2916430103126152
0.27048040499762954 0.3082053548246611
0.27971767770747924 0.31651774139070965
0.27020534561763776 0.30129179515221016
0.27482428247761725 0.309597333222535
0.270883108990022 0.31113928176630695
0.2700606287618483 0.30469987567446744
0.26870615968605593 0.30536737255738294
0.2660045105527305 0.306371533115374
0.2808247321387057 0.31871368883302204
0.2721914736628236 0.3076545428628601
0.27067086893571835 0.3110149950072925
0.272921827076811 0.3092312468979887
0.2740416541692812 0.31236162305227616
0.26881746251426336 0.30191267616291045
0.27370613574737196 0.30931552748060337
0.28052231077423834 0.3130137163511825
0.26911562688776747 0.3024522841757129
0.270037942249776 0.306053321939549
0.2766895114862646 0.31218082293606525
0.26930647317879763 0.2999982557496057
0.26658275234770185 0.3010428282168511
0.2643028210153059 0.2984357644689351
0.26404828497068666 0.30198261046456154
0.2689722188113939 0.304949789201333
0.2664254254244694 0.3063177227765705
0.2657604796061077 0.30691025968460234
0.26354591139495165 0.3039157179808033
0.26960274916265614 0.309120611192453
0.27102298769503524 0.3022744691638034
0.2684805713809153 0.3066507959040625
0.26999896880708685 0.30821687327775477
0.26712722731104654 0.3019730129556027
0.2748057900415908 0.3134084072540294
0.27032621534659673 0.30571912780992105
0.2657587993170032 0.30366753973267047
0.2720860815383369 0.3041588539712779
0.2739928909862721 0.3097491652360025
0.2746044940307213 0.3108826519460489
0.2650610502251145 0.302700282354079
0.2745868083174675 0.3094508005784464
0.26961336696979726 0.30763129994988114
0.2738155237849954 0.3083765832501344
0.2590853252447121 0.2984535299337576
0.2585611129190047 0.297216401618895
0.2739261064551466 0.313251298946744
0.2761611846311827 0.3152813481620917
0.2665355822691489 0.305770778120112
0.27176202521274784 0.30472838476398983
0.27921144112984786 0.3139640661111064
0.26605010073685975 0.30428137256347204
0.27066214015941703 0.3071768614725737
0.2658234244289196 0.30323977321669404
0.2754989163950683 0.310996302670761
0.2726350889360129 0.30796746087285637
0.2697371782157219 0.3076829114598384
0.26421598273772645 0.2995897229841067
0.26596223537427005 0.30598447555422587
0.2713111621516466 0.31141926312202745
0.2718517067411628 0.31153063709296086
0.27209155131191703 0.3112756855379651
0.2717732685371713 0.31014940224222004
0.2794897040570108 0.3154006084437157
0.2657786146420499 0.3026494588194983
0.2618534330988549 0.30196989895714
0.27635307496213407 0.30905589001102707
0.2648479773384188 0.29885853810310953
0.2791681372916117 0.31817230335368857
0.26955847345958 0.30257372737745136
0.2798640956523913 0.31442397775898445
0.2622671651243482 0.29541981635976783
0.26683143072980353 0.3070220971363909
0.2770790753168699 0.31208129484573277
0.2743116303150568 0.3110909198193198
0.2702041515758004 0.3104258596861607
0.273030197802093 0.3094250427824841
0.27486988128395073 0.3106748139881341
0.2709023569039286 0.3098891920560562
0.27884175832622876 0.31692392795372637
0.2738929306376866 0.3107859372904285
0.27333375088616424 0.3110072723619481
0.2685356291024251 0.3095779623271727
0.27033211344016195 0.3065134949540704
0.268674995934076 0.30746570588895106
0.27178724844946667 0.31056695923714717
0.272792396782758 0.3068884117836052
0.2801519630105194 0.3136132862195748
0.26833372067933675 0.3048433326752712
0.2687729411137578 0.3072426849605391
0.27234048507835884 0.31014939810175324
0.2708217250726325 0.3075770305244832
0.2645261328745392 0.2997377004675118
0.25824005442594683 0.29369617576885443
0.275692484505781 0.3065959359022376
0.26309140998336267 0.3020508999234286
0.27490760490427374 0.3115979907808065
0.2664957822744522 0.3020211881311943
0.2741503568408997 0.30719927186534207
0.27430205845474365 0.3123927416016024
0.2759668685990798 0.3110766483391945
0.2624388485670482 0.29939349248006075
0.2806642222128504 0.31410812323439385
0.25869488738048757 0.29610562497256465
0.2804866095647694 0.31913827602297473
0.2750071978680645 0.3054834428234072
0.2702313493305547 0.30829438571092804
0.26545825568347353 0.3011819156231003
0.2584431769632663 0.2937397866357209
0.2727120958475635 0.30767121785374585
0.26698655444845465 0.3015402001716058
0.2725712386371919 0.3090518984772867
0.26972588695744737 0.30800497820640343
0.2667322943251149 0.30731690470871464
0.2673179378491452 0.29685188209615043
0.2565026555559651 0.299332049369658
0.2636748668001032 0.29958708163416875
0.27312599534947696 0.30929613334829315
0.27177528706462883 0.3060716623355987
0.2697675986643698 0.3044241795366804
0.2692032510388548 0.3060265862023872
0.2821443411666058 0.3160914672600995
0.2771122486625132 0.31556774464528947
0.2685528486793483 0.3038686214435988
0.25898080208224344 0.2993308418783694
0.2655982763880594 0.31027172863213065
0.27481182809922233 0.3153478554168798
0.2697934919149962 0.30489603532875414
0.2677523390536851 0.30319664915402805
0.2732482131572552 0.30869647801596967
0.27511686433713917 0.3157214768698521
0.27457029722339243 0.31885770881800024
0.27154369680123247 0.3080676873889344
0.2723090708243 0.30580837662312654
0.2704683311666795 0.307581584609762
0.26486095577744845 0.303931400859199
0.2688424147744926 0.30392020631130745
0.2663528589186377 0.30076505964947586
0.267591229274335 0.30557664223204134
0.27793484019537035 0.31214396203237094
0.26736095244859953 0.30231390231765765
0.2661860816415397 0.3038859993604769
0.2683766348513603 0.3057845815707096
0.27045586337397154 0.3043787827312643
0.27928616066037604 0.30858817257579063
