0.14625857302540463 0.16948143824102743
0.1555010410972171 0.1800812130842595
0.13899260279395892 0.15977158922932352
0.13390271666408757 0.15985102797873313
0.16476245868936343 0.19339946009299952
0.15107606476587188 0.17470237020900262
0.14913449751737393 0.17450544483900193
0.15417653257747466 0.17938603825180827
0.1399150972231085 0.16021590172594913
0.15599392059965336 0.18543793101384592
0.18157597670783884 0.20900634927578118
0.15630614406069113 0.180690276972135
0.15096467935070945 0.17710680141797724
0.13972788810257145 0.1616131047282763
0.1618271332142039 0.18445398940044466
0.1412684153515582 0.16515682776752855
0.14963028415532784 0.17308620763946633
0.15195826611094138 0.17754046036856422
0.151684519465509 0.17151834812703662
0.14528761719452016 0.17076992189906456
0.15633053735789024 0.18273809707073504
0.17015213201095744 0.1972987034169109
0.1460602770745147 0.1734909823792529
0.14512261463883802 0.16497132748751347
0.1392732102603574 0.16575665115046284
0.13880722341015714 0.1637702090191173
0.17500019573158054 0.20242907923147718
0.1529791907671537 0.1788155904937867
0.14721897608492093 0.17407189542710488
0.15824220095902264 0.1840513126664523
0.1455061598815752 0.16761914791633883
0.13491997836898334 0.15429450229245498
0.15558338382661 0.17969164784991262
0.18810952421727414 0.21450686443212422
0.15605786504659255 0.18277640238828688
0.15464181590956827 0.17894674959784876
0.16139243289338948 0.18738547945735023
0.1596100518873444 0.18553693339339025
0.13176874006496894 0.153785487045006
0.13262686986680094 0.15695353156418768
0.16118587913418006 0.1889191014363186
0.15146815957878182 0.17380975450444036
0.13855782192946717 0.16358732124683348
0.121819916203096 0.14334622417632872
0.17106848433854624 0.19182729819120534
0.16424408180068464 0.18787020058137974
0.1519867445065677 0.17779298251139655
0.14577512365218828 0.173310622820509
0.13341213185314107 0.1543281067100632
0.15956769048414277 0.18563030101283026
0.15907263961679158 0.18539605664473632
0.1553531518955295 0.18157882566800776
0.16012258710045393 0.1888038085904785
0.14339163299838975 0.1690725549065207
0.1711220406712285 0.1991924062346515
0.1471673410260222 0.1681649107335978
0.15104665144913484 0.17226977658145792
0.14671387608513037 0.16455652614641691
0.16001440091373872 0.18610042896066503
0.16504767697576125 0.18859391174507095
0.15421355692310504 0.1814623533869669
0.15551076200223343 0.17637281094860535
0.1448450272083084 0.17099989076218552
0.1700019168904464 0.19368928982288716
0.15091741775980505 0.17437928668738484
0.14253691623604337 0.16293875385773987
0.12908033719136083 0.1515981202523668
0.14574450272718853 0.1638680944614519
0.15783808006173727 0.18552195549704195
0.1609268802307228 0.1838246258663393
0.13012186364247055 0.15508545985998587
0.13466774456083888 0.1548292105173001
0.16383543361560773 0.19182238669256865
0.16205351653813171 0.1871833271573854
0.1523801210715364 0.17227059591988936
0.15353364114839327 0.17978727091065969
0.15331389053547267 0.17543963058037992
0.16082974738167075 0.18469289347186932
0.1506890012526079 0.1769691894597736
0.14904074465472214 0.17583528624992012
0.15030725663574035 0.17091019731556822
0.14297377198025052 0.16223904521128574
0.14675118388702912 0.17311699052302362
0.12398294015723597 0.14547159111439548
0.1557099323093729 0.1756377650479905
0.16005271075429858 0.18820669071623655
0.15104386302595038 0.18068065527124588
0.140010500827451 0.16764272876110717
0.1524086571001824 0.17632521492140482
0.15108452076364998 0.17532170164625063
0.17616274760525458 0.20656497466141618
0.14170215096040611 0.16573295866479526
0.17205032822489388 0.2011254180111288
0.1884668347214696 0.21383776548213848
0.15417969078967822 0.17940944093287117
0.15107792038157108 0.17595092196408077
0.13767371902169698 0.16010182754601043
0.14398718586815024 0.17008257130354762
0.15844911203609902 0.17846471046783036
0.14461085916349967 0.1727865843589236
0.1678848995730391 0.19421866666871676
0.1580279966934816 0.18358396405306734
0.15127545778895435 0.17642122308148425
0.14297458621048062 0.16658431221407458
0.15798632544285304 0.1886768013861667
0.147515898334161 0.17227214157599563
0.14483729580812646 0.1730223812582192
0.14212962416253383 0.16343670508634084
0.13065529600849157 0.16103817845989787
0.14632785138820914 0.16641487856423506
0.1494992882519103 0.1745899635411932
0.1437307224786759 0.1648705353498304
0.16148286582889548 0.1893761993623938
0.14942406405742586 0.1743995464819471
0.1444991621950845 0.16386026568530931
0.17608221649201408 0.20249293088879397
0.17506453841454606 0.2009168083040417
0.16319571498012206 0.18923372801922325
0.14846260918408222 0.17440200526862976
0.12946155551487848 0.1553118115951711
0.16550653847609154 0.19626813301954266
0.14923811227209696 0.17260113531712423
0.17347858734816737 0.20304558517261664
0.15721553227456153 0.18366605986814336
0.14598031330062786 0.1729081816619024
0.15437842301707022 0.17469632691992923
0.16268047277339995 0.18643591192493938
0.15550515992293104 0.18111227096784838
0.15933193844822358 0.18020273336121062
0.1584691123238934 0.1835057230438371
0.15172613608321633 0.1732075567151497
0.16521789430445336 0.19044681021715812
0.1557856677358167 0.1804076447691746
0.1380111701858354 0.16636861608875597
0.17679732219998007 0.19738196018359772
0.15206089549409055 0.17875166685085814
0.16275591021419583 0.1856019574780708
0.16842101669225565 0.19380934885471773
0.16229005810763872 0.19126087025646518
0.14802155102655165 0.17056228512823776
0.1642310884642155 0.18744051403223447
0.1464483919672708 0.1731955241170359
0.15149591374858262 0.18111991563948898
0.15736273263012568 0.18006707400895403
0.17587653413494572 0.20218606735353678
0.13733487536169162 0.16561826726254628
0.1598348748224619 0.18516557950913798
0.13107279002915695 0.14787074934755629
0.16336383077858843 0.1876954001897163
0.15424696419544975 0.18182060784881438
0.1735490365041933 0.1986980030711977
0.14949108405670947 0.171564722272492
0.15017579160082106 0.1727654874862916
0.15220095669741918 0.17444982991081745
0.15226291685025103 0.1744806948811708
0.1397058934361049 0.16578742510502303
0.14320170665652499 0.1624055313239625
0.13286089995606654 0.15481581006404635
0.16005024916388028 0.18446129717444307
0.1609203824229324 0.18444116456941373
0.14748809710004346 0.17491531490256176
0.15244664045496553 0.1718334100066467
0.13762356709427628 0.16591541227504164
0.14542331100267003 0.17404376078740919
0.14718900519141903 0.1717725159476018
0.12789822772563098 0.14693112670287253
0.14505741273031533 0.17317166743188028
0.13340909188717207 0.15622728599416558
0.149998868265736 0.17777424176311862
0.14167550720677682 0.16602651021077416
0.12903721131258708 0.1528955420286897
0.14280302888587929 0.16518604457063527
0.1275109994134673 0.1498581461442275
0.16683622943306473 0.18570422616385499
0.14790947388660103 0.17130865191161837
0.1639653462795856 0.1886203105337689
0.1846748640166679 0.20910941703610772
0.1404464790856815 0.1639420324091525
0.15041548848212385 0.18032038071398845
0.14389649549527594 0.1679782338154911
0.1409153220452519 0.16847949372972576
0.13119024476284705 0.16228906335162976
0.15836903550109574 0.18251434862302165
0.15631596453250038 0.18125701724245352
0.17804303803496 0.2067697742215839
0.15859829861677177 0.1840390602467991
0.14253804761649097 0.17019344094628813
0.14539162343853132 0.17079322318232815
0.17743218662923502 0.2046924656536629
0.1712848197384048 0.1952924038775987
0.1541771241409781 0.18182003589241147
0.1676878942175002 0.19746251957173294
0.16028793821934237 0.18228759671598074
0.1527997456322927 0.1814103215425574
0.13860698361623316 0.16305337048184182
0.14377888244546308 0.16483859970002776
0.15305787090594675 0.17438598248105452
0.14047267405101432 0.16221531407755294
0.14145286877139238 0.1619239363301517
0.14892056937982895 0.1730500717644912
0.13626945221362438 0.1612265632714573
0.15922977774117977 0.1874769325940044
0.16064584132092447 0.18279340563476937
0.13254094321933407 0.1593284783297299
0.13298114459668617 0.15081094114207758
0.15160374233038446 0.17786689317887472
0.13291641216932915 0.15846543747633685
0.1488770288580178 0.17080472525432683
0.15888563684679824 0.1833634823996628
0.12686344580379882 0.14763702833004222
0.15283799364136022 0.17746580156875308
0.163442739407681 0.1858249881933197
0.1525586553894048 0.18166272539685874
0.15110310690901801 0.17611233245704802
0.13835613892200416 0.16041146338823983
0.16967418973682882 0.19446555215248854
0.16540907147142636 0.19249252211350676
0.14922088582894494 0.16904960788638615
0.176569581449867 0.2040246456460378
0.16121333251673794 0.18131835826040069
0.1370272429288096 0.15982685175511144
0.15292180480713452 0.1827343869188382
0.1367031777614112 0.15855611064121045
0.16750909594244212 0.1967217650215723
0.14570050911626323 0.17078695177411538
0.1561349878294212 0.1797239014018592
0.1791930720103012 0.2065197333557823
0.13916879644055746 0.1666167919540477
0.1560399620907502 0.182837264430438
0.16132538083989895 0.18672530496666398
0.15429897476682253 0.18334109394445722
0.1426208509405881 0.1643588774861674
0.1578773728480536 0.17966383015015716
0.17229574781147577 0.19892839043876587
0.15353871792993284 0.17821703157677424
0.14058789021821808 0.16257247517179785
0.15249210609772584 0.17683892541009733
0.14132481360254268 0.16506815959773988
0.16117463851530978 0.18664763933396644
0.16506184590030495 0.18725633795150934
0.1637503296326676 0.18973313115773527
0.13239806293437675 0.15185410843427805
0.1532563063126241 0.17733483940929362
0.15303749363087948 0.17734850933939741
0.14660899010453868 0.17438606954124544
0.162977034854222 0.18864847962216907
0.16061165066309702 0.1874371882081932
0.1227000968670784 0.14805668556612914
0.17650583523120983 0.20307968712214391
0.16047431899122183 0.18562919636438335
0.14585145088628718 0.16516002441143288
0.14736913066342333 0.17245489154561977
0.1350521606400946 0.1552780815080942
0.1493164076610282 0.17296221825639155
0.18680113840111848 0.2097153775925962
0.14230862830745714 0.16620411103600066
0.12460013160000787 0.14999061529812607
0.1534947077826759 0.18104098228740792
0.1606793239448943 0.18579978465482047
0.14549761137560138 0.165372947665393
0.1752133505271886 0.1985228020879269
0.16567290809933718 0.19554812677058378
0.1459934787589079 0.16761783148117335
0.15334326413917393 0.1795927893894123
0.14161897371577234 0.16775781353179714
0.16664339640421627 0.19265199055758309
0.1553412521516729 0.179339172970084
0.14360509573375158 0.1706808344114351
0.1490877735824599 0.17554063899559957
0.1572889144446369 0.18230056416434817
0.14884989332303095 0.16999177529423976
0.15922456716374062 0.18054959995386807
0.16820779104716424 0.18932122890286937
0.14718299692574494 0.1680852561788941
0.14453585112728673 0.16699904983085087
0.15490600108400743 0.17755506739556295
0.15173269928139696 0.17468801405139733
0.15393886105585267 0.17915298996014564
0.13655803485148602 0.1575710371912114
0.14600195858961867 0.17129210292927696
0.1581312867323123 0.1824172421765203
0.14347842522569512 0.16913909125847432
0.14774729811231188 0.1758670292022093
0.14259769756164073 0.1690050303884376
0.1430511817164963 0.16782325212248184
0.14665809373811198 0.16942122414168173
0.15373896543380552 0.18036532993461174
0.16132355193078987 0.18684246354048512
0.14573892679814726 0.1670592199579218
0.1788163582561104 0.20511942886235646
0.15018492897536592 0.17361321858724718
0.12779460464880352 0.14909129542660307
0.14265523159276863 0.1649356186636908
0.1581688116933703 0.17917729378167901
0.16290859006822997 0.19095297829979188
0.15294962098055348 0.18013135046899484
0.15854935390664487 0.1862094269489061
0.14146583288304032 0.1681690520486511
0.16025010816512422 0.1872084844515422
0.1330185116201523 0.15875551393451356
0.12460748509357339 0.1514068091476343
0.15110169716927613 0.1771121292994497
0.15610972919262212 0.18268634254818114
0.14208843177928504 0.16653137778133692
0.1442567132646595 0.16586908271381595
0.16821973845927463 0.1920942125567051
0.14088062029154286 0.16295606243192493
0.15331394958052266 0.17607378197475165
0.14768761149817689 0.17031400940941913
0.16081066169707586 0.18561745235853108
0.15568912329903936 0.1790774876900504
0.14522364940813096 0.16974719099267652
0.1382566607988313 0.16181840273558631
0.15104584905169138 0.17640587055042642
0.1663154025095841 0.1933871624769236
0.16292599277736064 0.19297283033846924
0.15201296534153602 0.1778015232011882
0.15711214755659064 0.18305936786630359
0.15206546678380173 0.17514622195540122
0.14326490381442 0.16866635331230656
0.13439339637021888 0.15902094480997042
0.15946845704919757 0.18272840085120037
0.14401126995296656 0.1651829151155393
0.16872181692506957 0.19709430686057133
0.14089866679572413 0.1613744783429365
0.17467137710564462 0.19820926654031742
0.13045785417202324 0.15048098372082455
0.14137436262601438 0.16766557055427214
0.16700773979683445 0.1911259134031101
0.15268917858662234 0.1748751800742789
0.15312448689039146 0.1805159560345675
0.1688732468074041 0.19423353907824786
0.16381286686778287 0.19050568411377364
0.1488081575544519 0.17653750966542825
0.16836198386744244 0.194362188562717
0.14541861841064307 0.16808986330984116
0.1648304136307004 0.19139275192616725
0.15654389823372192 0.18710717214480635
0.1474981755984522 0.1711355692686386
0.14327566269796463 0.16757538313816467
0.1613725243603137 0.19067859819078453
0.1430806005404946 0.16517911159361573
0.16720526346626532 0.18689659419683383
0.15442263139882256 0.1795785656053051
0.1479421345003815 0.1730997987346206
0.1519126018509816 0.17477155880011477
0.15499088475110465 0.1804980512505239
0.13323208107210444 0.15153373197794617
0.13957844074326417 0.1640408338091874
0.1530246377372831 0.17217705189738786
0.13604390596861424 0.16299280963843207
0.16488687257064963 0.19098011837008172
0.14446924211940967 0.1686321663358503
0.14918298304149616 0.17021793430598903
0.15413591405929908 0.17846013614540682
0.17149418362297084 0.1948625995109088
0.13657551919739633 0.15814069711006545
0.1700573837624805 0.19435484199442665
0.13807251656585318 0.15834205927061615
0.182841848233284 0.21329242122393766
0.1611602543891748 0.1825540779326361
0.145500014652165 0.1718543631949442
0.13987542335043152 0.16477799826180828
0.13233940915289194 0.15508915358169595
0.15676263391134124 0.1814958208502748
0.157490774227062 0.1833528768360518
0.14409815689544583 0.169018109252276
0.15322642001554337 0.1805488896068348
0.15118011292523453 0.17906581913369723
0.13783346609411687 0.15595387179281817
0.1224997653014484 0.14986931118695268
0.12482015720204691 0.1469691665439245
0.16234774233825627 0.18570309398637447
0.14527956610618195 0.16733003452971407
0.14700057580732898 0.16937039754168565
0.1480640055530217 0.17314256781904777
0.16353868293663068 0.19098086695593136
0.15653897462603997 0.1824091636750949
0.14705261346514448 0.17208688880685014
0.1391260557973608 0.16568034481712776
0.1401899508157017 0.1682356895821615
0.15340352320234232 0.1832280930395724
0.1492259260068297 0.17165232467860386
0.14394903488103303 0.16772285409806495
0.15105405674076022 0.176779843543389
0.15633550275163535 0.18255908342760085
0.16363239561374682 0.19210464717748507
0.15410297877306275 0.17864072898884212
0.14143901277955237 0.1632200612532589
0.1485080905557982 0.17492678488920974
0.13486907274274387 0.16084523712088464
0.15652479986350798 0.18319857824412142
0.14226007240030114 0.16674649771594982
0.14856321657017763 0.17026390073434788
0.17570335991587288 0.2015758200953616
0.14899892920583407 0.16968711712478965
0.14311820992647364 0.1694425775779593
0.14045757322974914 0.1651373737199539
0.15518763065816127 0.18055868883938617
0.16693145381682833 0.18868657168630698
