0.2791066641986376 0.3031060281360779
0.27262295515091006 0.2967673992535463
0.2728498794274292 0.3004526144199882
0.27213517951168964 0.29306550299696515
0.2778553258536884 0.30065838514859156
0.27472692203602 0.29722596970823534
0.2732102711118407 0.2970798846401707
0.28208430854581024 0.30417872195150886
0.2734649720438559 0.29692392782067656
0.27093416848709423 0.2939926547202377
0.27519058992088896 0.2988191477073793
0.27979521201092433 0.30767803953447387
0.26583259930759273 0.291203740870287
0.2748948404786234 0.3023543257527809
0.27068021686332305 0.29463198114173833
0.27452983393881414 0.29878786310980177
0.2789851097212002 0.2971465510668983
0.2799657242328446 0.30343661868101307
0.2843895408183687 0.30954823604245235
0.27404326571516047 0.29212518758233424
0.2732970814235375 0.30051932737636716
0.2735365030979606 0.29765341621113817
0.25911950687096075 0.2871683197633101
0.2661270602314657 0.2916745173657749
0.26501455739081226 0.28967868069089686
0.27374856993497393 0.30207727693086045
0.2857075572399412 0.30529019558837667
0.2676382948128516 0.2910155017022365
0.2718553557250725 0.2927803608717842
0.262408802173784 0.28573901159884457
0.27173155786702047 0.2952434921741531
0.27759204988909386 0.2999229879591182
0.2627639237649457 0.28934446756334586
0.26937982906461905 0.289356988248826
0.2721811815684157 0.2966268946328679
0.2772312524640051 0.2981000492759848
0.28674328903407065 0.30759967502327445
0.268356611284216 0.2880126652825054
0.2695266536484819 0.2910250048847437
0.2679120945627902 0.29221310323681626
0.2576161332374369 0.2853464012160195
0.28153078771988793 0.30547133149405126
0.2875461563598201 0.31360624640124535
0.2738826272724161 0.2943145334223643
0.26806639487941 0.29253390708878374
0.2626968189257797 0.28919039761066373
0.26721275170982306 0.2913529655507439
0.2610222514702527 0.28590357773393105
0.27355194788582726 0.29754146864374637
0.2704945561046002 0.29383538786455865
0.274500233807998 0.2974780077686271
0.2722736587033941 0.29576706421177645
0.2776423465903084 0.30030600570801985
0.2662360092050511 0.28856006982464505
0.2898992008960009 0.3118968597510745
0.2715425637383476 0.29544936747136924
0.2762218516330219 0.29883053932909326
0.2779483687701879 0.3019236927830778
0.27282740896113195 0.2864627523547856
0.27745517596200103 0.30530574773617414
0.27549082011878323 0.3001693194241901
0.2673298774176195 0.29139879543240377
0.2700274550541432 0.2967992111555608
0.27457646340531955 0.29445135564631336
0.29102385610415354 0.31692670296463366
0.2678681616811592 0.29474050158763687
0.2748646159485047 0.2997819863196343
0.2767433617257662 0.295880844019486
0.27167028485159334 0.2973559235422427
0.2832589938767214 0.3120884655491747
0.2699938647351399 0.2940987642438677
0.2761480254775934 0.29646932038842194
0.2626228071078148 0.2871767986044263
0.2688141558285795 0.2917842637457712
0.2664764872675314 0.2907633379678807
0.2877848213856839 0.31209901281266494
0.26321175918810397 0.28830958424397807
0.278807441292384 0.3003324149755478
0.2732838674433633 0.30082984370659815
0.27872405713380866 0.30552020380432177
0.2768836523544059 0.29687818603294175
0.26945329708662025 0.29762225247563945
0.2720004084393501 0.29974471931140906
0.26773505452018076 0.29353888989005017
0.27501123664414584 0.29787902768278984
0.2666995999724107 0.2898071995357183
0.2751828294015058 0.2995640286113971
0.2660801878839362 0.29359338032813004
0.27844575206949507 0.2980759091262908
0.2776232254299592 0.29728638281963743
0.27578155104087465 0.29925553478666933
0.2705036928664434 0.2969042065574488
0.2669767508604186 0.29468032733618144
0.27615891210083393 0.3016293333979216
0.28631075597472366 0.3103422155121643
0.2821408761021956 0.30684340001972643
0.2746245053690178 0.2983899072620583
0.27016205436504054 0.2949855966894015
0.2854858253110958 0.3085910062454795
0.28367323915502723 0.3094440615839538
0.2656087559292268 0.2849195838113409
0.2676792046489628 0.29341182933545745
0.27703153285233284 0.3005313851883977
0.278437197066791 0.3072907176723687
0.27788748512802613 0.30444237248563816
0.28714699338255745 0.3100593457287772
0.2787444528830038 0.3025545765754578
0.27962659863714323 0.30444617123095646
0.28236089423869937 0.300915035900745
0.2728835278424039 0.29671679160204095
0.2763465129144497 0.2975025725346884
0.27974603566313205 0.30442966835964774
0.28700011519146834 0.31519730887969566
0.2681900045400572 0.2880847727917708
0.2670631533106971 0.2937829567956726
0.2667947527767683 0.29295824164586676
0.2656681984903917 0.29299978647290553
0.27997272725435784 0.3015100714225389
0.2664424854851959 0.28909673227491184
0.2896930326229008 0.31161489210075793
0.2760556075709649 0.29847701181516106
0.2826453052426953 0.30779149743984385
0.27758234617191424 0.30204558603406245
0.2698574368110209 0.29434902308986566
0.2728073679217657 0.2982191338401367
0.2773262962282409 0.30280888587728944
0.2784830287889047 0.3035738664148078
0.27585654291076445 0.2981468593443004
0.27676451970996263 0.3041184872349172
0.2751232281300376 0.3002284141336794
0.28098480432160616 0.3037078422971057
0.27328771696832194 0.2979159349586388
0.28757013063743286 0.31186660300903407
0.2855486741655875 0.3070562138424692
0.2801962484084609 0.3037069617744409
0.27794563264554173 0.2984117469689507
0.2800030006032372 0.30562545301879557
0.2687453510666621 0.2975489047568557
0.27861589659097646 0.3037384917494285
0.2638011692212992 0.28192085242784254
0.2791381162388292 0.3009091295588762
0.25969466797429264 0.2821843311698082
0.2903348047123486 0.31359349059872543
0.27199187712981276 0.29586337547051816
0.27587563885986766 0.2998182027792654
0.2755942935319106 0.2934927983398145
0.29279269097450816 0.3152908564874898
0.27536735655006145 0.29837460126569076
0.29297315419282255 0.31296406029367463
0.27296496262277103 0.2981823071529923
0.26549058579929546 0.2913905957438445
0.2656477658517728 0.28697257706758783
0.28070070253653895 0.30875670233213315
0.27166246270637334 0.2962095055943795
0.28334103107987535 0.3116219660562056
0.2871561123836238 0.31035825510841497
0.2671280110029198 0.2921113335023178
0.2750230644564791 0.2980264409399719
0.2763945745643175 0.30187782445346495
0.2643185789359778 0.2948675201666738
0.27500994243103316 0.3041372212696094
0.2694255688822696 0.29328860209297086
0.27526823606692274 0.29708425604929695
0.2796364014450729 0.3017068755647136
0.2767340149056883 0.29986750324202704
0.27186194467556396 0.3004454022562995
0.2734801011425981 0.29451432471264
0.2768928504717453 0.29902752664270943
0.26562588288896843 0.28609754045960833
0.2750684642152457 0.2997485577741978
0.2829532894488955 0.30629485919472904
0.27526736513562244 0.29972629748806484
0.27754983434054814 0.30563336572865313
0.2669189909504449 0.29025796539802745
0.2625333042701436 0.2874113620847423
0.2737190905832249 0.3002608200132435
0.27083737828357407 0.2912639788596491
0.2683384269900161 0.28766436457322303
0.2694951604492566 0.299287763392123
0.27656436157504943 0.2995689082495648
0.27123651442139013 0.30036809736974374
0.2670865097587299 0.29170847427756086
0.2870708073931434 0.3170942046262163
0.2603062532752218 0.2806344011050622
0.26718491589123977 0.28993004912114956
0.27459071321936207 0.2944149949351707
0.27075592541820276 0.29050852673408956
0.26244576798090524 0.2871802983596944
0.26822106570199433 0.2927682130164549
0.26517181568695536 0.2925428640453872
0.27828388274469634 0.3027387738328415
0.273542385090631 0.29499130346288993
0.2773411638896662 0.301986545831434
0.2793940770890155 0.3016336291660152
0.2848769101658246 0.30978844766605756
0.2723389866835721 0.2967142116740494
0.27730423236133517 0.2999361921621647
0.28121851071148946 0.30341588307496686
0.26981062519142673 0.29030540556715445
0.2758126545628383 0.29917555349693475
0.2732817009670073 0.2986169727420553
0.2762845419433793 0.29882884645570656
0.27821988732096187 0.30642623255116685
0.2737471569158429 0.2971148236687737
0.277030531429486 0.30076455923829687
0.2828728245435769 0.31086338928174806
0.27256167700622574 0.29733779085914336
0.2713619069067404 0.2984214793840627
0.27490794316586176 0.30083092182651644
0.2723240072099814 0.2981290056626434
0.2781273231550439 0.3018215456327407
0.2681998461781513 0.2940860917471269
0.2761369705344998 0.2998102680445965
0.263983102830049 0.290595353796236
0.27928342332238887 0.3003758727626196
0.27743824815582613 0.3031906576765016
0.27395536701268375 0.29630113490646776
0.27199733071226706 0.29398956023204786
0.2762058551950461 0.30167757893477143
0.2675910417088579 0.2898788439109357
0.2689271197799312 0.29773896986285214
0.2797274963294494 0.30433436946682174
0.2683808936542097 0.29474686616445683
0.2785263254092152 0.2989981141198249
0.280200661784565 0.3072100251452164
0.26856367895879085 0.29050493990620047
0.27056100787037934 0.29740735945444835
0.26676219347000013 0.2884066043935524
0.2802310697568549 0.2992858080006425
0.27968971894533984 0.30641426137575917
0.2729257771247873 0.2976728668814316
0.27341233114817154 0.2999714909685368
0.28134679164724147 0.3071856189636431
0.2834366749401672 0.30389079407269964
0.28586834178822 0.305013267652493
0.27935965107778343 0.30513094663955714
0.292886526919454 0.3176440352876628
0.28130470218274306 0.30496837498162194
0.2763547691737149 0.30076495812088316
0.2752389322052611 0.2989109122797105
0.27980857035601325 0.30229891711695045
0.27363860397753365 0.29919356213006704
0.2688033020447192 0.2899332884882914
0.2782136094457977 0.30159366541001176
0.2709754047742539 0.2938108675286848
0.27777513412965843 0.3007024855126956
0.2732460231779099 0.2977981745196417
0.27368098082452175 0.2980315656930023
0.28911308025453397 0.30952568246812767
0.2767736008000191 0.2992537332342534
0.27908148611554956 0.2973892955241643
0.26611252923331247 0.29195973109435974
0.2851085509573021 0.3069465279456436
0.27405484918050843 0.2999399159444316
0.2796880556222698 0.3037061778474297
0.27739644841561073 0.30458521554854745
0.281181089301443 0.3035997467332791
0.264611299207455 0.2890150537341431
0.27426076714482783 0.296258539976166
0.2821055746414943 0.30400504925741495
0.2810613513259098 0.3051417599807317
0.27382290282504795 0.2953325254194683
0.2752137803500681 0.30016072425439444
0.26691723047830473 0.28704697084569936
0.27337205650436674 0.2963193275267364
0.27080829921037647 0.2905355800334831
0.274677488183199 0.2968269993103668
0.2724673787273964 0.2967996519020739
0.2795133553978157 0.3031676617309673
0.27977691457535536 0.3095458123774492
0.2691359765214807 0.29351739561476126
0.26576846205333826 0.2920180387752253
0.28175159605048883 0.3121247871981839
0.27352115550353623 0.29987624383827666
0.2793781692301369 0.305458344371769
0.27370218967942367 0.29570069048751046
0.26917491968448015 0.2943917415505709
0.26250726825037946 0.2863942039195522
0.2705207604678678 0.29204429224386685
0.2730847958371715 0.2958009808986529
0.26561357174350725 0.2888813096152156
0.25990782769102255 0.2804378461275608
0.2763397982744722 0.30323912305514855
0.2676927872401456 0.29641549872206746
0.26289027544931154 0.2882901130706474
0.26025759233975154 0.28344098457448064
0.26672235361829366 0.2949434657672552
0.2727347737278322 0.294372978424329
0.2801975050379291 0.29943031230888995
0.26985395057861117 0.28936568160956316
0.27100381472104124 0.2962699753031649
0.27251469623967806 0.30003459251713765
0.2817385466738512 0.3067005721605936
0.27268888185834944 0.29470829960862804
0.2595586514031077 0.28623995113812933
0.27728766189678317 0.29777392917070306
0.277444667626098 0.301587845744343
0.2702131728853422 0.29404171736897705
0.2763424679553029 0.3004259845624144
0.2707149608388142 0.29930741428113367
0.2674116626487533 0.293539712765337
0.2730897611836625 0.2929689983507024
0.2755249493922965 0.3010037384656881
0.2767468886113566 0.3012490652961417
0.2599641665608816 0.2849889274934677
0.27340598820931167 0.29705543071576385
0.2738664224027324 0.29509851381098007
0.27299243966136466 0.29991106661969275
0.26554149656370374 0.2915779547538196
0.2852859210982523 0.31572800132434065
0.27483069014553735 0.29782377831618323
0.2736010599449635 0.29999342355913705
0.270626568423415 0.2908909443709882
0.2721970822734095 0.2953213970208788
0.26837097674365035 0.2911961130767147
0.2711039172042791 0.2938080581068093
0.2759904113908386 0.3010019201645266
0.27572525323081376 0.302129719699737
0.28161460133553345 0.30435654800643863
0.2880347716155315 0.30818956980853063
0.2741766713293809 0.30423828859924185
0.2756351960481379 0.29715464265526775
0.27853529717976383 0.3001853260719747
0.27604789473516345 0.2909699460325015
0.2786774754055375 0.30050389355013174
0.2700926242486291 0.2986712901891678
0.28583823232511424 0.3117869933255971
0.2799799745906925 0.29558515377454697
0.27690539585339646 0.2995064665368587
0.26770880903638655 0.29634073886696477
0.2810159388507196 0.303007956581203
0.27350446702053377 0.29927780285379013
0.27280123956304503 0.2997010334423882
0.26955217590727937 0.29459130490233987
0.27935592583888397 0.30134352339073583
0.27325342284126 0.29457488001859256
0.26785048238981424 0.29288342836051423
0.2829478319840387 0.30249361165546995
0.26676878857640113 0.28879220871850964
0.2939542314644958 0.320713995596372
0.2749658746425172 0.30218530562226564
0.2641048290975298 0.291647789798055
0.27140101272077377 0.3013032664240136
0.2776520722856487 0.3047342103861354
0.267580386969138 0.29006119824091653
0.2684974142545056 0.2909772999381227
0.2750325929101723 0.29451303335458223
0.2694199024425074 0.2971652452045235
0.26751847762907094 0.28899587339676686
0.27762092609897004 0.29771110499486725
0.2709422260722528 0.30105004558016946
0.27309187316055317 0.29821448180183824
0.27121701524723796 0.2958995069525574
0.2664187341327548 0.29711186687869845
0.28080574019673704 0.3055153041046414
0.2700759241729361 0.2899863802838507
0.27576040925044104 0.2964463869728064
0.28355850923185477 0.309788549660891
0.2742156645902327 0.2962934042286693
0.26586008301323244 0.28614579556485176
0.286307978395981 0.3103495622300887
0.2713136453531858 0.3007336936236826
0.2822332382441371 0.3063020115265283
0.2711200467204962 0.29443008585342506
0.2728647492169338 0.2998292613342834
0.27112307500033683 0.2914205675120737
0.26647197302835535 0.29070624498673947
0.27420399825628805 0.2995915327863022
0.2636087566550914 0.2899178250710703
0.27888512723401676 0.29944597145141355
0.2776865997686563 0.30231100401781225
0.2905975140793201 0.3122011190557085
0.27046483644233343 0.29033209280271133
0.2765563315408648 0.301179958056209
0.266693480787607 0.28734353582027183
0.2715749179646896 0.29828707225067197
0.2613174043330576 0.2870666354092933
0.26228168642231176 0.28842843578259664
0.27703228516063183 0.2989634595724803
0.27979404371039773 0.3030803114031668
0.2806226687133563 0.31350715932019574
0.28792862632538657 0.3124971359722957
0.2846870566132998 0.30933457881965337
0.2702735246534823 0.29406049961410075
0.2696245319379376 0.2961778833316525
0.27699159971860654 0.3007569459569313
0.27873575281599794 0.303193804625052
0.26163864112954743 0.2871624529963454
0.2753840575841831 0.2973478065332278
0.27691529893064354 0.30410504467020316
0.2767915309330137 0.29930893666720715
0.28227131022678215 0.3021973724841221
0.2716100365183146 0.2990939632043108
0.2786564019065552 0.30214839662832177
0.2764940830832814 0.2942436419343821
0.26967345130968506 0.2938003129131351
0.27528525291324113 0.29988216168172227
0.2858575214837714 0.31010018659775673
0.27639473506779905 0.3006530094972676
0.27327709440143566 0.29792781818575204
