0.1772544094038551 0.19201965772404508
0.14655736878832398 0.16691040471253438
0.1578581219117462 0.17639160772743134
0.15359616723706443 0.16735869779482376
0.1601186098157361 0.1752225248681357
0.1684392679380149 0.1842711347807329
0.14883994438666312 0.1682355806777365
0.1757230470621151 0.19319084288970995
0.15686750967396695 0.17477633453902
0.1532811562626356 0.1718004724376116
0.17082930806888652 0.18677648910993588
0.16510555100148736 0.18776079573207866
0.14474190517424917 0.16424647898421538
0.15865831455458826 0.17843050128745244
0.15492538046150942 0.17374367589647172
0.15838433417325812 0.17880911382314413
0.147359458710895 0.1625501532502722
0.16219900097417103 0.18256045021732695
0.17079367252852695 0.19058396753580503
0.18098036290190136 0.19295186384496255
0.1565489158262653 0.1771401693124235
0.1564014227553263 0.172995329062447
0.1386693958352651 0.1571207294631503
0.15731383306295826 0.17428878597557024
0.13929245347119998 0.15714545009767084
0.16214693644928885 0.17766437685526237
0.17192699579335283 0.19140350158917332
0.14014610468434588 0.1557181566794702
0.15404492038015244 0.1703917441446714
0.13380450560286997 0.15293729516369303
0.15371864287511586 0.17142497269067902
0.15040143590932453 0.1666386809165669
0.1342869036084929 0.15544776543263086
0.1458088322432291 0.16309265360389427
0.14946681045603738 0.16800324244267
0.16217096658304897 0.1767035755052387
0.1772830401485007 0.19366109003692195
0.1466646114752738 0.1608057187742958
0.1483664026186148 0.16458276957861248
0.15792466560263083 0.17169649464082198
0.13660890875039153 0.15642213417513892
0.16790265704407129 0.18515429904681704
0.180605320529962 0.19948734243137267
0.1529926266131827 0.17061747447182274
0.14033555589688007 0.1595290488052309
0.13803928000701227 0.15916957091769401
0.15333409991792607 0.17273522531381877
0.14163916341736693 0.15991563118705118
0.15325000654465135 0.1728081156342081
0.16414447864940412 0.1812753927385936
0.1424956569984616 0.1611452307704433
0.1539560232447679 0.17145041329142457
0.15466265746017688 0.17513184554658906
0.14484776363880406 0.16209602520437333
0.1875925797372242 0.2040211852052838
0.15063681239792417 0.16911035278672462
0.1488027626077454 0.16544266817891523
0.1560273134836581 0.1759786025007753
0.160641440332136 0.17056492130129197
0.1584915078799238 0.17983446842935563
0.16120073025093062 0.17898020285078192
0.14172770407743887 0.1585419605897098
0.1421329609763847 0.1645599889471271
0.15707642216133266 0.17242054623142594
0.18738483869233055 0.2046674838295845
0.14479067212441699 0.16411107627230506
0.17626784160378822 0.19168343635759647
0.17540392542385908 0.18983651433756987
0.16090305084597334 0.18173041030234816
0.19304710379668383 0.21364282547551935
0.14962020344763433 0.16852413856523837
0.1469679116016726 0.1644165868494222
0.1437731197274323 0.16309232065987034
0.1392937691109633 0.15955063659869667
0.14501476781350345 0.16329264532668708
0.18878100677898904 0.20590436080377864
0.1503867856343464 0.16681602122219127
0.16218642953556417 0.17954098386806297
0.15402405610006362 0.17247615213130707
0.1772652909910471 0.19541015371981388
0.15773133092394895 0.17363434369628133
0.14535420236299704 0.16521238954132828
0.15298644788497404 0.1716513415106167
0.14791515598447963 0.16481997997470574
0.16309154875189663 0.18085032975580873
0.1517927495513474 0.1699270272156486
0.16492411281922115 0.18374450035430445
0.14841397937047307 0.16590135282926094
0.15686453360454783 0.17258070592073213
0.17416677115044724 0.18894530263342582
0.14920861354792733 0.16703676097930883
0.1379699166234019 0.15937310332780383
0.15435950599940873 0.17153208231449274
0.17275871993604244 0.1890107091463795
0.1672052089585859 0.18480469979860883
0.17882034768424637 0.19714781542115342
0.15433964691294988 0.17169493809311498
0.1426111609742799 0.16121998567199264
0.18055530020077398 0.1955430268645993
0.17077325291897835 0.19260165827647152
0.13853116611846025 0.1526842405962463
0.14486082512538384 0.1640882034012435
0.15432382967913488 0.17284012270336196
0.14982690504161514 0.17066191656741844
0.1517548119097642 0.17491114615207756
0.16670727573288605 0.18391466828554393
0.1656412683452986 0.18379306335273757
0.16459419281976512 0.1842290859999683
0.1743364832769857 0.19019843602473038
0.15467328205297173 0.1717237101220098
0.1673861135130426 0.1817717127243969
0.17462551488541111 0.19324182043494872
0.17618268689917618 0.197276765502534
0.14355724714387463 0.15728387814309963
0.14301070223960285 0.1612589233637423
0.13713627909871037 0.15587713902795258
0.1418316795658013 0.16135807931681595
0.18310006849206925 0.19858433560536928
0.1373202866022084 0.15464827871485828
0.17018165212552677 0.1868519011675622
0.15288695564791446 0.1688306924514558
0.1772440759031193 0.19822085443440451
0.18154277523568482 0.19907019524421882
0.15359023833796878 0.17179686639647873
0.13961639654503372 0.16106443391204686
0.1578226376153464 0.17662558885585503
0.1595872703533263 0.17851329541286323
0.15967660659338745 0.17698212978139272
0.1703776927131245 0.18791619674211216
0.16204784519608184 0.17723742654038394
0.15635067644889653 0.17512551879078248
0.1520847891488719 0.1722525794685608
0.17615920336202334 0.1932868520542997
0.1731390341508774 0.19060792830664833
0.1634918636669806 0.18352880705672248
0.17620499706713597 0.19028764656413286
0.17024165144024747 0.18819040705435777
0.15027634833518014 0.1721344437047056
0.16494575076061646 0.18525397089346843
0.1326244946777123 0.14740769017102176
0.17467999405148338 0.18810335754647858
0.13362053541625624 0.15233130528860458
0.18151917057676759 0.19753631867855104
0.15791225338925308 0.17631593471654916
0.15688054201688093 0.17478371520800012
0.1638687881370964 0.1802705738795399
0.17718701172764537 0.1947910057850215
0.17906362999901052 0.19398766341332332
0.17937647720165248 0.19512240787500196
0.15559214815918176 0.17608912086864892
0.13037936182013282 0.15117061084925015
0.15273823695940345 0.1706760647782131
0.16346268867826994 0.18435207387029479
0.16689806255582196 0.18422566965253934
0.16271390968314184 0.1856681028304079
0.18051564678704082 0.1975960062962443
0.14654378565727066 0.16702276701322546
0.15367260304827254 0.17289846273469175
0.16651153930680807 0.18398210557392825
0.13894710718780273 0.16035542110223788
0.18664730262349283 0.20091607219785043
0.15743089029328822 0.17289310321993123
0.15209263458178596 0.16901153970535715
0.17304857586770198 0.18895612621080418
0.15518916643921896 0.1700721655772995
0.1543910438843433 0.1758048427207249
0.14077853999805084 0.16054291010806965
0.15290479451392955 0.16891371329671953
0.14147715022083104 0.15879248313208694
0.16909855407363375 0.18589636990997604
0.16592636260429428 0.18213472129509217
0.16017053285120272 0.1800321213896122
0.17287372205427637 0.19117872549391682
0.14391607167470852 0.16227957443602836
0.1376092920977212 0.1549876461036534
0.1617901675923446 0.18177159847445934
0.15968713759777567 0.17323627552938892
0.14956939072755643 0.16497343239663767
0.1408856294373037 0.16245801530340553
0.15595188878029476 0.17404515429746598
0.16066170163936724 0.18268699334066968
0.14634850275560118 0.16326811695840596
0.17888110178879493 0.19613431403065756
0.13985023083361894 0.15699238874127802
0.1404986256390555 0.15824983942408644
0.16826157087179905 0.18228308591887138
0.15848363404475138 0.1731995860068446
0.14355512098529472 0.16078828354716007
0.1493422976988067 0.16611788631635266
0.14284342679276182 0.16353091240304846
0.16619835612583544 0.18259900428312606
0.14983031713097436 0.16359358473327243
0.156327283822962 0.1751618225176221
0.15407512725620584 0.17246469058272015
0.1867297187698259 0.2015881272136215
0.14976103287248604 0.16855264780326057
0.1820920948195543 0.19677822418719756
0.1789816129875338 0.1973461379558651
0.14882559143994006 0.1651517807920998
0.15162237567586204 0.16797177739471755
0.15609856610071818 0.1753977793488614
0.15395432807337373 0.16922986240432525
0.16072694151993278 0.181737666334684
0.1534157108055087 0.17260705252748
0.15280244964633413 0.1716357411948349
0.17205554969419118 0.19202618824476436
0.1480555897514173 0.16957300153966098
0.14403343781438824 0.1639616516510922
0.15699291098129584 0.17752015720625955
0.15904437808262545 0.17927871856532224
0.1546847475953902 0.1700823601816215
0.14176370058326476 0.1625847786236009
0.16332354562202195 0.18325047277760667
0.1417399501585492 0.16081411932879408
0.16148343813785548 0.17499660902018013
0.15776276457378058 0.17576672367228705
0.1607515231687419 0.1764015624035189
0.16662184994737197 0.18200780908580821
0.1680054260020191 0.1851408469424925
0.16470931038312303 0.1811441277863019
0.1526488383846574 0.17476522120752302
0.16499853068022538 0.18346415950326234
0.15474177769253944 0.17453745612100435
0.1775490919334871 0.18996688851353724
0.17216356369382427 0.19208117401254482
0.14239625263183267 0.15984094429995657
0.15950678401265134 0.17832220652836606
0.14596373126914342 0.1629784346688451
0.16969796011799232 0.18273761383927775
0.18043087893162754 0.19918565552096595
0.15519836107742213 0.17365914285361742
0.1562268035086461 0.1725513145449324
0.1663837314183683 0.18823787809951206
0.16694464867889902 0.1822797830306121
0.1858037895800044 0.19750845632102773
0.18147877629727605 0.19799593027507847
0.18652697331827175 0.20117067335561306
0.16045197545030587 0.18096975115086525
0.16002257390688718 0.17905713601809345
0.16483500440077523 0.1844296711566427
0.16266185014342951 0.18007283608261124
0.15388162716264103 0.1739822644911992
0.14817481176639857 0.1643855375769292
0.1611778044057328 0.17775669857571713
0.148867471510182 0.16451832603940159
0.1558295450420388 0.17551909899756285
0.15575931526778997 0.17308461178829931
0.15966120624412608 0.1770657615502783
0.17705631451581128 0.19419336121750014
0.15388443237912883 0.17077106833373398
0.16431180340324836 0.17884668986967872
0.14429235487006334 0.1645232632473395
0.1841413630944017 0.19715506487419118
0.15784485595491837 0.17715912840406758
0.16580641207350325 0.1818779010335998
0.17340630183669622 0.18993519725378188
0.1600102088586186 0.17652727068041504
0.14391742502501742 0.16194072521695527
0.15820420909374314 0.1768679146377889
0.18118868499319443 0.1969138403305908
0.16572098902542462 0.1839606667974218
0.14714736785114346 0.16233420948206342
0.17061223250366653 0.19044594994509342
0.1382482158318873 0.15567885852667374
0.15365434396488942 0.16947725276038342
0.1506181630612525 0.1634187204793303
0.156502540990711 0.17498427879481754
0.1475463301442936 0.1685628916663515
0.15705025436405473 0.1766670743388294
0.16275173404743243 0.18459855865939678
0.14910710798261162 0.16699138034563707
0.166489101258855 0.184345643366321
0.1599182245545401 0.18427336536675087
0.16417711565662949 0.18089039893196837
0.15773875858659148 0.17708434743722923
0.15450042587066465 0.17080691488164484
0.1462260564176727 0.16369547287125513
0.13986678516618864 0.15787508490073549
0.14784823049155224 0.16264500566404078
0.15421214688930876 0.16953249188793168
0.14663064954659602 0.16598474572402835
0.14058841133410618 0.15592140853463124
0.16840659496207047 0.18753457555172082
0.15742182699899707 0.17815219931931717
0.14551872885783051 0.16380660612696998
0.12888612146685946 0.14547904783734042
0.1488871716094613 0.16540722243340727
0.1520812692130734 0.16744970540811294
0.16200335527248194 0.17739848145098286
0.15473450869168484 0.16825619296011948
0.1491848792066646 0.16860896303671682
0.1559107446813326 0.17615154457459276
0.16527693494907394 0.18360887509736556
0.16291266143730276 0.17949492045893692
0.14024695194211584 0.1577753300064191
0.1690239744170885 0.1829519483907353
0.17703817035452582 0.19212665938627393
0.14634082810693302 0.16657892981049421
0.152810602739606 0.17069534421024962
0.14409835437120128 0.16643253049587578
0.15206386891613313 0.17050492743328613
0.152423694436831 0.16635628687843346
0.1660487610470642 0.18666078428061605
0.1593990605204197 0.17904696433845232
0.13743605853406599 0.15677046969064315
0.15327736249343205 0.17021822965987124
0.1576111836530332 0.176570170367358
0.15293660477895557 0.1701855984360284
0.12979607974020493 0.15155976844892177
0.1701842584924599 0.1936324383592113
0.15665157662821766 0.17466003896062385
0.1615003422679181 0.18023394859808875
0.13864370843317303 0.15561305674173387
0.15218365597641656 0.16955794301559887
0.1415484157505651 0.1595397058242321
0.1461894016972153 0.1614825008825142
0.16041222795312157 0.17783317772739315
0.16443224468531273 0.18273200883803378
0.16326781865990245 0.1809111802172444
0.17629347292397202 0.189260788544672
0.1601858481404565 0.1806374630482654
0.16799247636765338 0.1830867196227998
0.17700010386279094 0.18999486853993638
0.15564674234559447 0.16539882924619623
0.15890789108121497 0.17412139390803238
0.15007589737381238 0.17010446384714883
0.1832295460395734 0.19994181925040133
0.16426868190670527 0.1749698620217243
0.16022997573114625 0.17689805133664913
0.1441590627324065 0.1665351398336456
0.1799652657459249 0.1938600506698703
0.15344828328311547 0.1743509155725484
0.14785536270639296 0.16959368430805674
0.1515257700631153 0.17230074025306405
0.16503639301649234 0.17844159162783862
0.14392316434408797 0.16046392523436237
0.15102849483148084 0.17052513717818674
0.1784026157383776 0.19196005709727862
0.16259223551286658 0.17774052773082447
0.18067470372484473 0.20179187755451852
0.15228853486185578 0.17245266160485542
0.1463328531791579 0.16577321898243644
0.15001724861788807 0.1719426843085792
0.16795283590065638 0.18729715191023177
0.14421656707206976 0.16018597246705954
0.1613274675796375 0.1779718810025528
0.16546305912220047 0.1781375427141254
0.15031732704442033 0.1695905849139314
0.14617307645186184 0.16223210790264886
0.16661947365329194 0.18082008972819738
0.1556647867218229 0.17605844830071007
0.14600804618164784 0.164875697853061
0.15100810440534734 0.17139540643862175
0.1466335295754769 0.16764413052958402
0.1604572968614562 0.17929416972801926
0.15146413414374432 0.16655664591833694
0.1525380695152903 0.16878680649909683
0.1585191747592275 0.18107625221425638
0.16405574832725617 0.17999207030190575
0.1410477147844245 0.15667951035569894
0.18597545773435797 0.2042876228338241
0.145992314041769 0.16694738148100927
0.15982386689011233 0.17763554571315443
0.1609646292016207 0.1763738864656063
0.15878921618366948 0.17967761088497092
0.14878337133925673 0.16522772024180551
0.14022208460862493 0.1575891775170575
0.16523656971236267 0.18164850775372265
0.13807994653668076 0.1563058073116359
0.16676664651368286 0.1823523913658169
0.16102244890163675 0.18056690682328277
0.18330678251935123 0.19944464759067407
0.15877298722535352 0.17269748828240938
0.1661143962735143 0.18357189806562133
0.1452009566095032 0.15941988929664536
0.15179932632282364 0.17042174392156215
0.1412482686004466 0.16150002206025896
0.14507962086503168 0.16085545072400478
0.14770983399630766 0.16218422732455307
0.16655127557394492 0.1825001141904606
0.18160967199803715 0.20595046580385312
0.19182528147458325 0.21188758690606468
0.16172305190430386 0.1812632402128117
0.16319239532510657 0.18043531932579027
0.1529692478088747 0.1716764526891923
0.16157223576623903 0.17872608290310238
0.16892042475425553 0.1869934989460792
0.14304929265777852 0.1583447058672376
0.1547551164218082 0.17351000383131757
0.16148867341509054 0.1840801326058613
0.17185780802497533 0.1888978655392878
0.17441305640222488 0.18640438755442523
0.15569026443386208 0.17552463076598954
0.151631696209494 0.17128617266188984
0.15346084117919842 0.1699626232385221
0.1532163817665169 0.17141474552550653
0.1683944285638873 0.18849205766005017
0.16861829787082527 0.1873848996472492
0.15344047555215656 0.17120949552614123
0.15525328018017195 0.17506656649550886
