0.30533721609510667 0.2929958837961031
0.2873024923342532 0.2754025800872508
0.2862064293306311 0.2686844656686592
0.2837820029174131 0.26933859002039384
0.2896615831799547 0.28519595443017587
0.2783203709170798 0.2776338808267798
0.28989317804264747 0.2740704819669366
0.2975508454555091 0.28202372234453166
0.2711803703625528 0.27040148886848875
0.30605111965680976 0.2937915626436703
0.28858662594199347 0.2773553482817016
0.29175188603323554 0.28851988247787114
0.2864231154204044 0.2710697239020836
0.29822876845999574 0.2800225869286499
0.284945746717822 0.2663874213359213
0.2875723453164879 0.2737717944173082
0.2940528385645842 0.29217740605114634
0.28681199434398724 0.2713136776522253
0.27908544192985496 0.2701099659076204
0.2949507964904797 0.27365322081174115
0.2857005613553457 0.27339868706437837
0.2910690139712017 0.2908834416480606
0.27152745555665764 0.26440488021597347
0.27980789291237296 0.2764097104484333
0.28211761927926443 0.274237725711561
0.2865232283198504 0.2791382440350396
0.30723026375389095 0.29073144404526885
0.28636224388713527 0.27859683919309136
0.2822677653856425 0.2787665197397301
0.27330709770737666 0.2768093690783755
0.31252431625086696 0.2897643188334571
0.2876833141322782 0.2701361304773257
0.2866245721649192 0.2766904550218319
0.29543778571344936 0.27272753896907387
0.2819631977643381 0.2747406192824181
0.31641665754994575 0.2966221031796875
0.29353892742113075 0.2747109332683963
0.2897127558418469 0.2769212486110418
0.28178502418233986 0.2602504991588577
0.28608516943130874 0.26962919931063345
0.27348509970802065 0.2703942287216514
0.31500103706987587 0.31330414165919
0.2857884344740348 0.27805575082761796
0.3009130980254557 0.268025826511217
0.3099037481664479 0.2947104933195958
0.3063558883528188 0.29456707625543027
0.2917323938594452 0.27411231376553713
0.31537176957738133 0.29310603926510553
0.2866481736305389 0.2729905763102864
0.28861306738016373 0.275116139173824
0.27448827281476146 0.26545641173441087
0.2927267862841319 0.2699586912739457
0.2824575887555586 0.279538262063188
0.29293327810002784 0.2732932463941627
0.3234426020151615 0.2785493359370826
0.2950826041894707 0.27973422888795435
0.30233622969918156 0.29957927080823804
0.30035077695459667 0.28261121488697344
0.2928617286187432 0.27853733070958214
0.3358206003256092 0.27388332224253875
0.2969124598969967 0.27774872826081465
0.29941416189343123 0.282065073635966
0.29560591407549336 0.2809034205977577
0.2827006941987263 0.2748759253513688
0.2950466471911909 0.2806817666697939
0.29752279794407543 0.2972620535925885
0.28089617483366436 0.2699858920477362
0.2828122949061893 0.2710316274600498
0.2947753940168815 0.283881956318622
0.3028392172152154 0.2790270145060695
0.2793653414616421 0.26504193165971185
0.2873941778081354 0.2753379636229448
0.2757920244648291 0.2670149425161325
0.28195338208278814 0.27089844921119755
0.2854793597833396 0.2742854054885295
0.2891022266935681 0.28002703292150766
0.2862794365158719 0.26855721162211516
0.2583589253032031 0.2445353551533337
0.27994046753330554 0.27445246813770346
0.2919714414697557 0.27950499348839297
0.28095272342104527 0.27776186928954455
0.274562333120211 0.2647616487560985
0.2931362964267298 0.2829221905304691
0.30225552847462867 0.28964594393685783
0.29475743174681995 0.2741393468799495
0.3045273654745763 0.2975073625858363
0.29704416780086645 0.28526525047648776
0.2931148136435563 0.28882433709044303
0.27925949817433715 0.2629571985174911
0.2847448572373703 0.2776351161548297
0.2924060813643922 0.28076875400555196
0.3098968594471524 0.3037141683391224
0.3072762669191601 0.2937211024017274
0.3005684839649052 0.2770125283904437
0.2946523368628527 0.27963142423357973
0.30059122570075336 0.28384525986774284
0.29791021773878856 0.2796149560908982
0.2870194749923112 0.27960309107201864
0.2942920102604973 0.2784875859123376
0.284386043850681 0.2811784332828162
0.27615492881635545 0.27553028683927716
0.28109841316166595 0.2666507549626633
0.3318505504409911 0.3064918386103083
0.29685292997065316 0.28917906334485344
0.2859524624384591 0.2592878715574556
0.3028860936306125 0.28300680966297614
0.2793880526363938 0.27290185201327327
0.28452554847864026 0.2717288654808702
0.26793891838558326 0.26078469176836294
0.2945522210249462 0.28411939205884046
0.2737347172005312 0.26160425960023925
0.3225855161560626 0.2834434695247973
0.30709824029731936 0.2742195754239062
0.3002582035299137 0.29273270808006774
0.3024789557922917 0.2797417831073503
0.29152131184887864 0.2902178300848118
0.2870747503828115 0.2730208681119148
0.3089617781127851 0.2825628326486666
0.29337293887571936 0.2954653955048753
0.2971406789498883 0.2862582181654582
0.3020257426893149 0.2907536061216783
0.28072534102311597 0.2638149756973338
0.28485967782089616 0.27467767954987926
0.31781526960903034 0.2888918814519967
0.30729474338372664 0.2957329267184391
0.29118638900832083 0.26873280681715356
0.2948426162247052 0.29915638284735585
0.2958169409685132 0.2831112373861433
0.3034697156029809 0.2888236490831149
0.2849420656284496 0.2700714743551672
0.2815277374025693 0.27041187486827206
0.2860934903945066 0.27194811411582226
0.2803659541030283 0.26724288763255094
0.2984149274678571 0.28368915750696067
0.3185028790492475 0.28666632171617884
0.27481404941417154 0.26347522052432293
0.31422297941095284 0.306258784820337
0.26626475394261273 0.24350077138394713
0.2860753928216048 0.27633312795195447
0.297901631419542 0.28843235264130607
0.2773041646529895 0.27429041488504735
0.29117956850375637 0.2830962046897815
0.27726654568531633 0.27121308773991076
0.2934154525565072 0.27984734457911686
0.28719973776241814 0.28563525927007266
0.2948545497893433 0.2778314736884235
0.29207011541304234 0.28740283405316414
0.293411931007811 0.2796451280414895
0.3010536835277443 0.2755789744060104
0.28981356404566466 0.28168773970002836
0.28617870283041036 0.2694374481408664
0.29471073843500817 0.2773661638636189
0.2999566584924575 0.28623947135107203
0.27541470780273486 0.26682559774569603
0.295830590926952 0.28743891996713145
0.30781919684101666 0.28747299186278485
0.2815664113314934 0.26778995599813804
0.28764671647325846 0.27949778753472904
0.30493506374153206 0.2857094623010546
0.3233114216274222 0.30307954323142927
0.2979066132015775 0.2834955313941061
0.2837640583308993 0.27549339676303414
0.2904152968264161 0.2760413380728978
0.2984611580955328 0.2829253320901157
0.27705481640433216 0.26264289531951523
0.2946977432970348 0.2717413375734187
0.2728819576384406 0.2533115589967877
0.2906551883588203 0.27586625709479434
0.29599763086832176 0.28389239828854285
0.30006658041113 0.28583144527764515
0.30155814669693143 0.2817722950282798
0.2978362148432541 0.28818035466957925
0.2732085529911276 0.26898652228759057
0.3176009859919531 0.30306640083859
0.3069510340279728 0.28452057477235276
0.3013313109314527 0.28879522101795246
0.31686300255197714 0.2748250564573815
0.3056939358951301 0.2850930185901095
0.292850566375387 0.28018599736527605
0.2767508930919937 0.26826581714648856
0.2954091636007702 0.28741738328549593
0.27555906713808714 0.26276670392136664
0.278281795274409 0.2582724669924085
0.2830292368127483 0.26556024756974206
0.2924844993047216 0.2844761248886406
0.2759255190274715 0.2737487023378212
0.3165406532369196 0.3027053807404337
0.30129205840277173 0.2871739944537819
0.28699414788044897 0.27252351050767804
0.2762546830471569 0.2713417451070976
0.3001219129502882 0.2835855907785264
0.29488561258440577 0.2786847513543787
0.2796335767390942 0.2778877860132182
0.29940173610123433 0.29120963866665833
0.2970621638825409 0.2896383267024048
0.29338279041124604 0.284035292256765
0.30338223900873873 0.2897091667512999
0.3110388056037794 0.2838892354085226
0.29073596861474327 0.2803161980301787
0.283298260115724 0.27666270761857736
0.3017874173228909 0.27484064118590074
0.3088450805704928 0.2854459641689714
0.2925710487155651 0.2778848619220486
0.30030976323543684 0.28051831327679044
0.3042365370074308 0.2999847804214343
0.2963590373871781 0.27659019375460747
0.2796434354492972 0.2730644297597193
0.30290741740361404 0.28967969016585937
0.30607818154109734 0.2795857573481472
0.27318420449749536 0.26532784789299896
0.29399999264167054 0.2712095964006385
0.2946010021848011 0.2832802062446481
0.29087893985180985 0.27889922803589207
0.2935094653047492 0.27864490791411756
0.270297968427353 0.25968831947229354
0.2927070544621646 0.2815549271284319
0.28464512819622767 0.2609145790311731
0.316560381127326 0.2821883881139618
0.3076107455858484 0.2878459021880136
0.30741361438544945 0.30238771167514755
0.29332996419177737 0.2828276805297963
0.2966388915036328 0.286651105479789
0.28785169116562803 0.28151233064641396
0.2961192694966529 0.28354367758831317
0.29433665792507213 0.28436783625308204
0.292224320069391 0.27668726283674966
0.2800075433914633 0.2701736125636928
0.2781290452155691 0.2727902583844196
0.29475785343138095 0.2811257219380082
0.2962789829777247 0.2789468013243138
0.287400083070635 0.2648198847858705
0.31465663259597293 0.298848248918224
0.2891208932406817 0.27530395049336887
0.2888734494915517 0.27814291383765144
0.3012704784379239 0.2701537419592905
0.2841687278602299 0.2736448346197337
0.2945351879937384 0.28198606156130546
0.28722557136550275 0.27575862259079054
0.2873118843028843 0.2869782647952275
0.2883978140811311 0.28543320127105926
0.3030990457731943 0.29116459575709563
0.3278326032306893 0.3120734676435218
0.2772312252343772 0.26447031998730564
0.2865896999795636 0.27692217921924717
0.2824899859646577 0.26169417064370004
0.29793362677063606 0.27702122506565224
0.2694881085080186 0.27209048288819426
0.33042454147654704 0.29321167256178016
0.2747842395153516 0.26842548024942614
0.2764567887573851 0.2663057513243107
0.2935943748560594 0.26626998796251383
0.2948445172144921 0.2736678961230372
0.26901924573142133 0.2669939716158245
0.2863879267874075 0.2824691910950539
0.286100182530173 0.27868017464622447
0.2908111010244617 0.26998334276166264
0.28858190716604676 0.27858863799711187
0.30613848092757107 0.29781708636206294
0.29681456882011614 0.2818516419504391
0.27110741435619085 0.2697399993085625
0.318639196864854 0.27900771462852275
0.2801027385194357 0.2605890199387326
0.29599711035842163 0.2855795872493154
0.29504739625223375 0.27588942468481875
0.2964556388767939 0.2764494336553312
0.291082158698751 0.2720950696473458
0.2960151033277789 0.27686600958684787
0.2729731726288954 0.2628505556646983
0.2805804178642186 0.27317665567838145
0.2863588197134122 0.2736396453742553
0.3065869792833193 0.28175585001125536
0.2841870699973075 0.26749490538039106
0.31004174495965 0.28800180181442514
0.2833669460945151 0.26443090807382785
0.30429709553146167 0.2859895544261437
0.3085208973039638 0.3044680951350272
0.2900741250807975 0.28088389346198755
0.30387841358327217 0.2743904725203413
0.2911312433430366 0.28322883197710896
0.2910321532196076 0.28026074615306235
0.2869188167134961 0.2827858262437638
0.28413498392116665 0.28044381455787276
0.3043624299085154 0.29536672312202955
0.3014513953263605 0.2800894316596375
0.27856195914446213 0.266037161596698
0.2976722676326854 0.28414401433386605
0.2899863832692905 0.286018527162342
0.30575445427516634 0.2932064733212352
0.3083385606944826 0.2897516296791362
0.2922414110872746 0.28521695982224854
0.3037944521299055 0.29412053738420413
0.2924149480213044 0.2779903608548828
0.2737267288806398 0.25560102047752864
0.3005091676613593 0.2864715616265964
0.2782530461864914 0.2675351729521562
0.29670821109748874 0.2824413225237629
0.29559906197471575 0.29700460517220534
0.28334923214251345 0.27858063997795157
0.2871985109646143 0.2751732018546569
0.28601096404862963 0.27691787790578
0.3006636713073716 0.28239736384716774
0.2966861039906653 0.27950954233177305
0.3126612028779748 0.28156754726061156
0.2901004875318849 0.27919555203106317
0.2827317253639061 0.2689391272440711
0.30099269431317327 0.2861485977911115
0.27895973278017844 0.2774021431621863
0.32208740693424925 0.29784745132106105
0.27729589295820506 0.2607807384323284
0.2960914880362862 0.27480146520999243
0.28191657700688627 0.2652557446053396
0.29215622412642195 0.27594003366153375
0.29324824836908014 0.28251656559705113
0.30124601642415305 0.2785222369324793
0.3146612794397706 0.29678998355732256
0.2891498578198231 0.28335939407786004
0.2858074675522829 0.25871572539201265
0.30429199529332207 0.2892139736929465
0.30055257832826443 0.26309837063944086
0.2931111908816776 0.2830427139060835
0.26405887533492994 0.25478288742268784
0.2960852927933882 0.2829176889621828
0.2983446956172642 0.2822958062843303
0.2843856801697674 0.2697018166662364
0.28248823593391587 0.27141432147256295
0.30379305667481415 0.2701425599786393
0.25286797581114184 0.249653372656024
0.2925852950392364 0.282281120275351
0.28983636915280503 0.27360228445268137
0.29626402959716436 0.2851797613374424
0.2904370403035431 0.2871226963142995
0.2702602837790916 0.2602207591321996
0.27577315991624574 0.2626236783523213
0.29466419098333657 0.27930991161826785
0.32284454237332133 0.2996976835280044
0.2882828397510294 0.26377267887954947
0.2830107048053047 0.26665738669590106
0.294707827492015 0.2754976716286682
0.2926398882201326 0.28028841162331947
0.26949394074963756 0.25407264316032774
0.278611429088521 0.26903082746442103
0.30246802281188084 0.29071206001830896
0.2888064847353345 0.2740454740572803
0.2946289850155941 0.2672118825658457
0.2822658885959237 0.26333674342893587
0.2646891218724422 0.25372356748864805
0.30514347591717894 0.30274947591769974
0.30305791587960657 0.29171574372123277
0.2988411549613819 0.2885739374934219
0.28480113701801935 0.27695175599598265
0.27919504788165994 0.26714991112948505
0.2774893859551921 0.2606768739907477
0.29392013358292124 0.28296137489861617
0.2977237448237512 0.28866764969290276
0.2978814512389782 0.2840942547942262
0.26833490020980394 0.25905115599150424
0.3086740502189545 0.29837927742499626
0.2921154602371981 0.27196108520463047
0.2819263278448512 0.2781248117411859
0.2788193316548833 0.2640162155179047
0.2741383858290208 0.2715524122517302
0.30556367878553253 0.2790449946662062
0.29466022667714714 0.2776343205304657
0.3147205302198638 0.29218741844038204
0.28634172311981576 0.27718557974653774
0.3005096627237173 0.2726412762104992
0.2883825246072776 0.2849554751044623
0.2704330478269623 0.24828834657146734
0.28595437234974697 0.28961142536979795
0.2850118736323987 0.2736978308309805
0.30362457747882854 0.29449722396898925
0.2891430630845665 0.26524117555806676
0.2801414248871788 0.2704944133870071
0.2736169533976271 0.2539741905142819
0.2820381988530493 0.27650323006344746
0.2924412684989343 0.29376618675058586
0.2968134703723224 0.2764650594208483
0.29507512855437507 0.2672280205655725
0.2818925130311692 0.2697631372502371
0.2832048944512752 0.2705931239518242
0.28654173296410335 0.2721627560726742
0.3221362883552165 0.28159969871680224
0.296692261193574 0.2746047528409524
0.2854193703440125 0.2810237907469129
0.2897736424157716 0.2776603144075263
0.2862049815557278 0.26680742440000127
0.27620812045514603 0.2702396400756003
0.30014053879894836 0.2878630835808864
0.29695435127701986 0.28065973905119596
0.2816442216866115 0.2688889495190886
0.2970284758840297 0.29541444872805506
0.2743913763268583 0.2722503259298037
0.3064323078395522 0.28874205492645316
0.27638647351176227 0.2688436510700319
0.2928742644562965 0.27926481797737857
0.2837333017950867 0.2844750838040413
0.2909900435322009 0.28080554933957225
0.3178060010208775 0.30151723296505106
0.3018654643188284 0.2878899195281667
0.3006895282245552 0.2758590677981376
