0.2089422861925483 0.1845508295313983
0.19115642363364863 0.16936655874172557
0.17328601749268568 0.1307497793274114
0.18271575253481268 0.14903080438216024
0.1672520435066171 0.16127768817162072
0.1788357023326079 0.16923390001576633
0.20842146646150542 0.1779329671096428
0.1690123533079193 0.13486658832221898
0.14066449976630788 0.13615459158798177
0.2432378297286013 0.21658814049237118
0.1716564064759888 0.15965265388990874
0.20227143381647886 0.19677858559613548
0.18480944888520412 0.1385198156587263
0.20439438019513054 0.1753722615121585
0.15177075636152754 0.12844679064132494
0.1757976130804836 0.14737755786175244
0.19262601772391558 0.18645586811984374
0.1678409793500064 0.14927941243028559
0.14884657711479457 0.14218994966959836
0.2057396034560535 0.1584676984166083
0.1836474260396248 0.17317904550632218
0.19015441445941228 0.18286345568758158
0.14396178681048358 0.13763960763348482
0.15667157210213176 0.14642148573567387
0.16443058151998127 0.14626351329960624
0.20296749611968198 0.18231768802191894
0.20005602057745908 0.18496256665444952
0.17599080288171456 0.15550959427330596
0.16257882817237734 0.15615408105090847
0.16883429628862445 0.166757038470857
0.2606361793851108 0.167595360473371
0.22142220860189002 0.17303104512090242
0.16148138056840478 0.14215916813061727
0.2186334010392847 0.1537062213241287
0.14353013532591105 0.13472637345444427
0.2304987880758728 0.19512504851728513
0.22044183045796725 0.1794692887849021
0.2026572510477522 0.1891190240532408
0.1716453975249707 0.11907499835101361
0.1958779443787068 0.1810907269442928
0.1522302950885959 0.14780229994704547
0.2845023304981516 0.2598458221744994
0.1587972020270043 0.14720744363736457
0.2483188770378863 0.14487402326920643
0.21912624893715515 0.2024399554115388
0.22901644944659943 0.18716826730217861
0.22301713760070357 0.15749862271137188
0.2530925384291347 0.23120459691124293
0.1556066936989884 0.13318890124686303
0.20636815584393525 0.17539058924311396
0.1430206706615376 0.12845216120113861
0.1933835538750496 0.15767448834033038
0.15169730133667825 0.13599550734833474
0.1704829797516966 0.14723285459768926
0.2870928020879404 0.1593402489502528
0.21953725031722385 0.17229901937754574
0.16981884419611887 0.16379151351207805
0.21871802299504872 0.19754215997253569
0.2164734282410935 0.18030769923755663
0.30062502447460787 0.14161996437942553
0.2256513695971316 0.18054402412988674
0.1958942013450777 0.14724555021257507
0.19017207690743976 0.15775877530782284
0.1469966480037286 0.13934023491055378
0.22620086912617987 0.1694357875655486
0.21876149272135678 0.21363513281830668
0.16212821208362924 0.15099865041419835
0.18431362324069733 0.1447264627831809
0.2025294159547598 0.17068089980243173
0.1967896026772788 0.15253718768621982
0.1598405020363391 0.12588365055842776
0.1803963473301133 0.16106910284977735
0.13974748592231312 0.13284189175962594
0.15118133816538606 0.14045261405585266
0.20992742641230774 0.16736510284471096
0.2087676713320853 0.17546099746737792
0.18423612108184478 0.13363529930349327
0.13724548835467337 0.10054988353925864
0.15304354274595586 0.1433655649435214
0.17389621280621742 0.15447542917519322
0.1786802129820485 0.15841767197056922
0.13312440676891266 0.12424337931385532
0.1916138177850922 0.17980323589873062
0.21741855355514292 0.19787946362535233
0.20797687411868956 0.1522436655852588
0.21595421498462514 0.20821965891469482
0.20700393157143754 0.18858914258233545
0.17710111875666043 0.16783115473983862
0.15225351401541837 0.1299298794845624
0.18105908498891507 0.1703581200213963
0.18558073808775694 0.1759025777675602
0.21596350685459034 0.20728357792981314
0.20867813656837647 0.18147203992407332
0.20708496131970197 0.17088029373362956
0.1560535018473561 0.13673885502410138
0.22833686896904348 0.1937379101052375
0.17264979112784493 0.14839434416692174
0.18924426862416624 0.1781182207757162
0.19386894231207785 0.15768243446066932
0.16876032181086972 0.1637088206559705
0.159573415217631 0.15256801702921063
0.1618050825792762 0.13272566064145702
0.27874735501979153 0.23351232457048993
0.21318409206784586 0.19160088786844817
0.16522601119194372 0.11668540195985518
0.23092205769998242 0.19253466549588144
0.1862473030684334 0.1743497546812389
0.19331324593284108 0.16691511107300266
0.1546770976605459 0.14314343059383644
0.18798307651076696 0.15941546476041152
0.14833134099636508 0.13562750603407422
0.2664240199291173 0.155267563111463
0.20362271572767243 0.14099194985971827
0.21345398823939804 0.19801819220567182
0.18091600451832532 0.1370550696560112
0.17565382174554592 0.17305276181806117
0.1834985596945848 0.1642156797937519
0.24950678482019428 0.21766051594958985
0.20321757563558088 0.19725149397330352
0.22038757352048388 0.2010158023597156
0.2112567697172446 0.19109872039684314
0.16912112934566434 0.13309408770112768
0.16786906133492618 0.14237776077935652
0.20877097976579947 0.16082899032296727
0.2205531726371005 0.192917876326715
0.18337546757426923 0.15865133152185282
0.19007166467873787 0.18968989981779225
0.1570030092308691 0.14234195498923993
0.19036640698917795 0.15761403150190098
0.1840974667123236 0.14384418728503534
0.169609577416053 0.15707073930872845
0.16331426820444628 0.13483586861180624
0.1640642051707454 0.12813212659408177
0.17799059820370514 0.15181696067722872
0.25190100959840284 0.19686969982343347
0.153296665455159 0.12572948531016281
0.28391352275870096 0.26842707198558574
0.13666104237635307 0.10159126657467124
0.18657268930946946 0.16272203019243137
0.20874992321049204 0.1691505519559594
0.15510415397344848 0.1479886084659012
0.19084528181476285 0.17561864154856194
0.13929995431577696 0.1307773885016732
0.19464323840255152 0.17813190554670694
0.1729629798370539 0.1652084000983463
0.18773356764496638 0.15597185442599076
0.1731820548209551 0.15923129610442044
0.18748839788384974 0.14140995367031875
0.21518060659754348 0.13822829071135043
0.21168604732680177 0.1812095870224562
0.16798094645963238 0.13047921003513563
0.2096910926503723 0.1791617316144343
0.24298512829714095 0.22728592473328196
0.13180873032952123 0.12437632848444302
0.1939662833722631 0.18524134442733983
0.23389302407062487 0.1930851707791716
0.17282884611331392 0.1431903624907926
0.1937512259913715 0.1829520657634061
0.1707831713427686 0.14950770595160803
0.25417455209808026 0.22572600315300506
0.1782780589617023 0.16579858778833043
0.18217225712039714 0.168045276661473
0.161831755455464 0.12916808118895895
0.1772997627601513 0.14393753930564515
0.1841167604098695 0.15710702338852983
0.17033083901090554 0.13956036978749836
0.17234866929415346 0.11585469244183083
0.18901242270101182 0.1718985296228155
0.19843733811500008 0.1618211716116305
0.19044600420732433 0.1769422783490758
0.23713902156734298 0.18552326561650934
0.19718672396398065 0.18494248315106387
0.15215998750642137 0.1410841231216826
0.26522032882464547 0.23095246706748815
0.2315140857181819 0.18107163971959384
0.20480847447910427 0.18250307987237005
0.29570492796786346 0.18239948722768046
0.2359748407659664 0.17204601763644492
0.17906448959180382 0.16143953372557207
0.14849989701269511 0.1375498878345621
0.16300930501102703 0.15247580634436497
0.15654488984803966 0.12760128889658126
0.1461549019395939 0.12209160990947562
0.17923846494698756 0.12309566126320232
0.2032568592877407 0.1932393577436554
0.16780870066918233 0.1590432660923647
0.26119509931839935 0.23715470413367026
0.16873364240881006 0.1550114603021211
0.13880078031234555 0.1267348407163958
0.15476345432217545 0.14752247228744286
0.18797446723652536 0.1594127840280283
0.18995683139755856 0.14953597087237894
0.14511382429519104 0.140349037179432
0.20322762563062668 0.1968328651404886
0.1760652631183723 0.16549734522325285
0.19093207530706496 0.161050181707697
0.2191631276385413 0.20655593610155976
0.23265485067572694 0.1772066954318638
0.1907904507413889 0.16296822247011333
0.17957347897083495 0.1607316535414865
0.19484781258960554 0.15801965613122576
0.19807708595550125 0.15883683521052555
0.20177104981165686 0.1684993941186085
0.20995885210081355 0.16035354769363153
0.23825436474469688 0.21910339006128102
0.1955443918720207 0.13381087823225424
0.17960695695642917 0.1648278693860369
0.22332670481162892 0.17574762310570755
0.2042743098510826 0.14979137355911806
0.14764380885981665 0.13675914065454484
0.17161676313094845 0.14523710862286784
0.21583718376348318 0.194204430964408
0.20015746527322492 0.15683267625580052
0.22498528971164913 0.1873254024641982
0.14370966233868335 0.13180667424936643
0.17949501056082529 0.16977686961074284
0.17526607322962792 0.13428505051037448
0.2719460051121641 0.1772001003938487
0.2282575902229215 0.19615091797523923
0.24160047355115147 0.23659356780518986
0.17451153440844994 0.16799334085149367
0.2113909992305883 0.17938017009464374
0.18198879421320757 0.17227889526249657
0.21936039380607358 0.19706041367611077
0.17305201948543944 0.14628222580634553
0.17492544395291573 0.14414792157044806
0.16063744821756654 0.13898250528169317
0.17429447454178282 0.1540868298675527
0.2076656806284994 0.18335093094734325
0.18659298892723084 0.15362376732340022
0.18453143933816157 0.1263007686584144
0.22126745102806106 0.19746902153154863
0.20110423269238714 0.18578335110052555
0.17276088432715708 0.15365002100665742
0.21212805542064192 0.1282504706709155
0.18220218264808594 0.1699955845261464
0.18112755452304066 0.166000064391001
0.17344913224110833 0.15425732426927197
0.15494028296005868 0.14744954625420628
0.1577201390106571 0.14727650006348086
0.22349043405818741 0.2091286110115726
0.26575374339548546 0.22247898724724152
0.17407446956070885 0.1325340669643677
0.15564627735007203 0.13803407227951536
0.1761246354596873 0.13867656153035507
0.22138332314695103 0.1823521766496498
0.17348556297765086 0.16925676449246352
0.29702204753849715 0.17100795019075773
0.1636046968647789 0.14212327630758267
0.1743938464077775 0.1529235240552369
0.1866506495334578 0.13154053039203006
0.20613664204725443 0.1404626262245404
0.15413374693347104 0.1449401902087462
0.15818953650921252 0.14971038515035706
0.1747570782615636 0.1538670272872557
0.187913464626798 0.16233306349138882
0.19374505746603202 0.1674492351897988
0.190767558132113 0.1651139365877352
0.20260756031305488 0.17808382546534027
0.13897803885940752 0.13221403833100084
0.27915153653357216 0.17864630662951783
0.15341038553778508 0.1171511100001736
0.1947752905639172 0.17899887434667194
0.1709094109176109 0.14271526563512274
0.17588539572062892 0.15682427982237598
0.1806722941018697 0.14310878586254888
0.19524335742964452 0.1765173181025285
0.142785976055764 0.1322962854641218
0.1831513158388152 0.16405762502355586
0.22828548982733743 0.18357787735011444
0.1999529688857804 0.15017340565577283
0.18513485202117216 0.12721882728924336
0.24714878604174528 0.20226978682283706
0.17971632653871458 0.1393122314269797
0.2253012581293924 0.18000008142380014
0.23621937911530946 0.22091680623311352
0.20709325159508185 0.19327279444054452
0.20799184603916052 0.1443242331949213
0.22597576947988113 0.21767891274454723
0.23506748852556256 0.20412651163822026
0.16126205714013048 0.14896856579715606
0.16262693590209215 0.16083098522653108
0.21428204149829752 0.19848219808789921
0.23029389458817523 0.2084868571609892
0.16881089355352444 0.15110992725017247
0.19924495349732776 0.17649984804192526
0.19680947622019437 0.1877634018233999
0.22400537846387747 0.21046562361543078
0.23288992716118004 0.20413047513331384
0.16368839700669433 0.14813832236746438
0.21350154809444652 0.1983030266197582
0.19752124122278542 0.17289157814498116
0.14819855543555244 0.11690221357737487
0.20308967945428705 0.17573237544357562
0.14682100724666258 0.1330174739363968
0.1937620461314867 0.18304614441792288
0.2242643758774246 0.22187025757426782
0.20510337114119723 0.19773663125219082
0.15510785421961645 0.14173711562805769
0.17197207329434674 0.16420263288764553
0.20587620675779736 0.18427086317981167
0.18531583877854557 0.16065995769595923
0.2867586617500657 0.1384700693679173
0.18306776899365845 0.16967692225067518
0.16020324048235585 0.14087172778013024
0.20402556811896738 0.16216438972989247
0.14605536305392175 0.14456427413054573
0.2539198220294644 0.21695247684347757
0.168309654174652 0.1496549239033337
0.21786813442973552 0.18851953478238118
0.15211650992145304 0.13404985016794355
0.2112642918868212 0.14078699499408476
0.180053503811407 0.1491656209750438
0.22023035484146752 0.1880994401803977
0.22476678944785644 0.20200968221507462
0.20342786062315557 0.1869261513615035
0.18898547459939471 0.13996421338088053
0.23413975633163586 0.19635839369617167
0.20792121919621775 0.13424599981122912
0.18698832534528975 0.16429531573511388
0.13577857273252347 0.12794041210741647
0.19018825575456902 0.16651144542502272
0.19042451035492286 0.14527832618396072
0.1866867761649743 0.15486654042717563
0.1559806680552697 0.14413488697435636
0.26237296934923543 0.17057889054509295
0.11573605068997639 0.11363625271732715
0.20079967339310495 0.1665746682287213
0.18223556203915456 0.1407787539262209
0.1769365718032568 0.16385550218643555
0.16686898498716746 0.158086141415372
0.15416031731375615 0.14112016161344904
0.1437677299739883 0.12186855765611879
0.17542270100629387 0.15554389177679456
0.2727013631124024 0.23196180194417937
0.19948340347044521 0.14755043866653883
0.1774757556609087 0.13816516356590758
0.16677474739953177 0.14480635513659565
0.15944685880017045 0.13964323003936208
0.1541873044452035 0.12014671779053818
0.16339672661005591 0.13070474436026552
0.1785707523743486 0.16152288737890122
0.19419854026426833 0.16512573743035722
0.2119825632509806 0.17391451925629034
0.14964470132229685 0.11954840075403043
0.14997545594125744 0.1282051407028907
0.19576531565034502 0.1905455426528958
0.22412098863752988 0.20788126314423835
0.20413744149783386 0.17371795917550534
0.1624788033865916 0.14189466547272017
0.17615030634350073 0.16010614193521427
0.13803999991852833 0.11805565784516217
0.1612859048185588 0.14879700453217673
0.20148296456649353 0.18698429681774167
0.17265230515383365 0.13747514351243822
0.15336930976496702 0.14111724700011388
0.19874136226730527 0.17272873270316172
0.18723479881313168 0.1576543950605635
0.14166225257566792 0.13081000304007903
0.14900834205516225 0.133774725995155
0.1627786390372023 0.15320899493247522
0.23962149046397285 0.1591436845127424
0.20714186351785446 0.17616619757556803
0.25565498028308853 0.19259521987544317
0.17078110351151327 0.15319186112089087
0.22176234350871551 0.14700100649749825
0.19698967280321164 0.1861289408496815
0.14373152293852065 0.1093721398920247
0.16838461719728495 0.16720758855020218
0.1889740869883798 0.16755946456932394
0.2055709618789769 0.19754014563919559
0.183134723039717 0.12847952471503088
0.16740064878556507 0.12917037205026743
0.16622386168364978 0.1309693154652997
0.18541308044704743 0.18047842048010965
0.1782770050085353 0.16912730331172354
0.20971035677903407 0.1676454344183904
0.20385174608470744 0.15514739449072915
0.15917909765419808 0.14353006087729916
0.21190947484605224 0.1755022427948967
0.1944285249587061 0.15688960086233317
0.31135101559845585 0.1459290072499106
0.17737096998533286 0.13886662657803203
0.18394870002038854 0.17337945195903304
0.18655079740030217 0.15867645858567275
0.16750743630830242 0.14612199884599164
0.1723778407189972 0.15792524741906694
0.18615055025784286 0.1637925636082877
0.18854800856728116 0.17349064120756902
0.1403646082498886 0.12848773147477952
0.17252436873726043 0.16922491243158
0.15841980759490443 0.15310931169099679
0.2268298108497479 0.17070308521419852
0.12990765609043126 0.12088428754950883
0.16309819148666996 0.15080414607469392
0.16387253933745877 0.14495062638387526
0.22942498665739747 0.18312106647498705
0.2588936964498346 0.22233890016442687
0.20307201812114714 0.17730098153133397
0.20129624397256493 0.14412733509833392
