0.2864219819538658 0.2929958837961031
0.26759664025374197 0.2754025800872508
0.2614942444587401 0.2686844656686592
0.2620678271897596 0.26933859002039384
0.2772277339383619 0.28519595443017587
0.2694336904683421 0.2776338808267798
0.27081134517214256 0.2740704819669366
0.2741390596558902 0.28202372234453166
0.2608430295301714 0.27040148886848875
0.2845322991926949 0.2937915626436703
0.2695625366031619 0.2773553482817016
0.2786387913028314 0.28851988247787114
0.2636347345184969 0.2710697239020836
0.27445619958854706 0.2800225869286499
0.2575398862907656 0.2663874213359213
0.26679544428686586 0.2737717944173082
0.2848169457034935 0.29217740605114634
0.2647322528611549 0.2713136776522253
0.2631345865994718 0.2701099659076204
0.26497959379751035 0.27365322081174115
0.26802717262087583 0.27339868706437837
0.2804418535788586 0.2908834416480606
0.2526936655025668 0.26440488021597347
0.26692564415357045 0.2764097104484333
0.26595632596994767 0.274237725711561
0.27242797603349256 0.2791382440350396
0.28542999902666794 0.29073144404526885
0.2720260393887876 0.27859683919309136
0.26767352478283046 0.2787665197397301
0.269077300066248 0.2768093690783755
0.2839922570326992 0.2897643188334571
0.26390613227997445 0.2701361304773257
0.2728075980978092 0.2766904550218319
0.26706600653843215 0.27272753896907387
0.26763572315159334 0.2747406192824181
0.2933641744717544 0.2966221031796875
0.2681772862050739 0.2747109332683963
0.27021419479379577 0.2769212486110418
0.25286123425618073 0.2602504991588577
0.2653145651309693 0.26962919931063345
0.2625895965795696 0.2703942287216514
0.30462459633385774 0.31330414165919
0.27202097960929494 0.27805575082761796
0.2568502855039033 0.268025826511217
0.28598187548645876 0.2947104933195958
0.2874031419624737 0.29456707625543027
0.26898127555236817 0.27411231376553713
0.29336710452279585 0.29310603926510553
0.26896320776132726 0.2729905763102864
0.2659227932509142 0.275116139173824
0.2577802771327467 0.26545641173441087
0.2658386842424273 0.2699586912739457
0.27224855231052714 0.279538262063188
0.2663644539748936 0.2732932463941627
0.27039783574684173 0.2785493359370826
0.2691229421187631 0.27973422888795435
0.28988105259727853 0.29957927080823804
0.2786177720112872 0.28261121488697344
0.2669342403610204 0.27853733070958214
0.26963858953129294 0.27388332224253875
0.2720713368898136 0.27774872826081465
0.2739880596736737 0.282065073635966
0.2736239325126847 0.2809034205977577
0.27164012182530306 0.2748759253513688
0.27163377021375096 0.2806817666697939
0.2888705431815976 0.2972620535925885
0.2598270498383198 0.2699858920477362
0.2646686168344235 0.2710316274600498
0.27407964387579775 0.283881956318622
0.27436353606298575 0.2790270145060695
0.25430288380627564 0.26504193165971185
0.2676160414986018 0.2753379636229448
0.2595068585766215 0.2670149425161325
0.2611322027195788 0.27089844921119755
0.2639968823732398 0.2742854054885295
0.27110930377217685 0.28002703292150766
0.2631780093304718 0.26855721162211516
0.23946050889758452 0.2445353551533337
0.2671682836541176 0.27445246813770346
0.2750160314878963 0.27950499348839297
0.26735876045817514 0.27776186928954455
0.2568879373784255 0.2647616487560985
0.2789400377860813 0.2829221905304691
0.28785105958007956 0.28964594393685783
0.2661990873597199 0.2741393468799495
0.2903012440550753 0.2975073625858363
0.27563342705851335 0.28526525047648776
0.2790203252407733 0.28882433709044303
0.2543743422331191 0.2629571985174911
0.27006047252303816 0.2776351161548297
0.2691372981833422 0.28076875400555196
0.29704539380797595 0.3037141683391224
0.28962956792448213 0.2937211024017274
0.26739007222137307 0.2770125283904437
0.2711297465378037 0.27963142423357973
0.27547013964501094 0.28384525986774284
0.27191288771296174 0.2796149560908982
0.27332484850645067 0.27960309107201864
0.26965709653303405 0.2784875859123376
0.271660490026881 0.2811784332828162
0.26803751457937836 0.27553028683927716
0.2565806115064198 0.2666507549626633
0.30366143937883394 0.3064918386103083
0.2812622774711117 0.28917906334485344
0.2539402782776982 0.2592878715574556
0.27470407867830554 0.28300680966297614
0.2641243033987357 0.27290185201327327
0.26500966699999556 0.2717288654808702
0.25331089855072964 0.26078469176836294
0.27335595356006714 0.28411939205884046
0.2558946989315974 0.26160425960023925
0.27425941029630835 0.2834434695247973
0.26478166279142273 0.2742195754239062
0.28393080896951944 0.29273270808006774
0.2738155744296962 0.2797417831073503
0.2842178648638208 0.2902178300848118
0.2654411505979059 0.2730208681119148
0.27643200776117693 0.2825628326486666
0.28817609474221256 0.2954653955048753
0.2792648945205703 0.2862582181654582
0.2816551320477638 0.2907536061216783
0.25420736220219275 0.2638149756973338
0.2651981248985867 0.27467767954987926
0.28561640043591136 0.2888918814519967
0.28474234567090806 0.2957329267184391
0.2623938770082195 0.26873280681715356
0.2897091743405961 0.29915638284735585
0.2781021650073099 0.2831112373861433
0.2779810296503623 0.2888236490831149
0.2613736806298803 0.2700714743551672
0.26669195851207234 0.27041187486827206
0.26319126883081156 0.27194811411582226
0.2599319347930462 0.26724288763255094
0.2774101875508834 0.28368915750696067
0.2794902756147864 0.28666632171617884
0.2548642784690622 0.26347522052432293
0.3007662517233736 0.306258784820337
0.23609681732816887 0.24350077138394713
0.2698396724818793 0.27633312795195447
0.2812067155865584 0.28843235264130607
0.2668129185014891 0.27429041488504735
0.2726424375393734 0.2830962046897815
0.26411737879582037 0.27121308773991076
0.27063913498979625 0.27984734457911686
0.274741573157201 0.28563525927007266
0.27026346611211755 0.2778314736884235
0.27981913896174326 0.28740283405316414
0.27691686999176235 0.2796451280414895
0.2653769801767563 0.2755789744060104
0.2748171752495022 0.28168773970002836
0.2623793571760496 0.2694374481408664
0.2684604815901622 0.2773661638636189
0.2789817508981138 0.28623947135107203
0.2559232033759274 0.26682559774569603
0.28078625479758706 0.28743891996713145
0.28252966635458915 0.28747299186278485
0.2599107918994756 0.26778995599813804
0.273634658467291 0.27949778753472904
0.28059098073676936 0.2857094623010546
0.29466156815705097 0.30307954323142927
0.27607117033060025 0.2834955313941061
0.2673864254851791 0.27549339676303414
0.27001290399201083 0.2760413380728978
0.27513220337693 0.2829253320901157
0.2552645345885976 0.26264289531951523
0.26753440077399415 0.2717413375734187
0.2455695863533066 0.2533115589967877
0.26655619970668476 0.27586625709479434
0.2751078625187459 0.28389239828854285
0.28037263422192127 0.28583144527764515
0.2772313550175393 0.2817722950282798
0.2800466922305107 0.28818035466957925
0.2615478502256987 0.26898652228759057
0.2977354410793943 0.30306640083859
0.2769537604525519 0.28452057477235276
0.28132784354729434 0.28879522101795246
0.2642351031734366 0.2748250564573815
0.2760037728867457 0.2850930185901095
0.27192218668853196 0.28018599736527605
0.2608873006307436 0.26826581714648856
0.28117804269187036 0.28741738328549593
0.25472868439474455 0.26276670392136664
0.24935753055438317 0.2582724669924085
0.25650192425382207 0.26556024756974206
0.2774689759099284 0.2844761248886406
0.26414490988603995 0.2737487023378212
0.298021133600171 0.3027053807404337
0.28402257585490626 0.2871739944537819
0.263407543662026 0.27252351050767804
0.2642654879318684 0.2713417451070976
0.2747018159935458 0.2835855907785264
0.27421523165406986 0.2786847513543787
0.2676130055580292 0.2778877860132182
0.28428623442894707 0.29120963866665833
0.28246513740281165 0.2896383267024048
0.2800387857890249 0.284035292256765
0.28474842237732034 0.2897091667512999
0.2768896740139559 0.2838892354085226
0.27296203449898687 0.2803161980301787
0.2693660033368559 0.27666270761857736
0.26643123257288004 0.27484064118590074
0.2784031829940177 0.2854459641689714
0.2682079695988611 0.2778848619220486
0.27229789134394344 0.28051831327679044
0.291735826401947 0.2999847804214343
0.26884000791821566 0.27659019375460747
0.26569116234518475 0.2730644297597193
0.28258341243594665 0.28967969016585937
0.27235918773452333 0.2795857573481472
0.2561782657704015 0.26532784789299896
0.2676412042273702 0.2712095964006385
0.27639706865995556 0.2832802062446481
0.26950204695598606 0.27889922803589207
0.2739544903420767 0.27864490791411756
0.25538394731230346 0.25968831947229354
0.2737690504931824 0.2815549271284319
0.2573584703281987 0.2609145790311731
0.2745418846315978 0.2821883881139618
0.2803549869306537 0.2878459021880136
0.2942143198607159 0.30238771167514755
0.2744640360264396 0.2828276805297963
0.2790043248422054 0.286651105479789
0.27261604246447174 0.28151233064641396
0.2740617094936484 0.28354367758831317
0.27700173922680105 0.28436783625308204
0.27066314725491364 0.27668726283674966
0.2637176322422758 0.2701736125636928
0.2639190116169687 0.2727902583844196
0.2734568305993132 0.2811257219380082
0.26861695784961304 0.2789468013243138
0.2572692879627622 0.2648198847858705
0.2907458178298899 0.298848248918224
0.26918646635042187 0.27530395049336887
0.2703064119740517 0.27814291383765144
0.2630992285566852 0.2701537419592905
0.26477562140280275 0.2736448346197337
0.2741626728175079 0.28198606156130546
0.2697572903226226 0.27575862259079054
0.2808789321051603 0.2869782647952275
0.27632902915323637 0.28543320127105926
0.2842937079120766 0.29116459575709563
0.3064618355335078 0.3120734676435218
0.25651339037244886 0.26447031998730564
0.27176517025137154 0.27692217921924717
0.2539071550133049 0.26169417064370004
0.2694890220193219 0.27702122506565224
0.262175521355569 0.27209048288819426
0.28638729157981174 0.29321167256178016
0.26283075150134755 0.26842548024942614
0.25770499099418276 0.2663057513243107
0.2575046809638724 0.26626998796251383
0.26667884575307665 0.2736678961230372
0.25794105137494205 0.2669939716158245
0.27860263110014466 0.2824691910950539
0.27281593980772095 0.27868017464622447
0.26751542592231603 0.26998334276166264
0.26861082165072375 0.27858863799711187
0.29081744278312865 0.29781708636206294
0.27945203846930183 0.2818516419504391
0.25770237353302844 0.2697399993085625
0.2750270464862658 0.27900771462852275
0.24995640712535294 0.2605890199387326
0.2780892937814069 0.2855795872493154
0.2693698889561861 0.27588942468481875
0.2726752324995634 0.2764494336553312
0.2652202312760719 0.2720950696473458
0.26874145038371683 0.27686600958684787
0.2586102154822531 0.2628505556646983
0.2645324614300282 0.27317665567838145
0.26515557732734263 0.2736396453742553
0.2801924859999908 0.28175585001125536
0.26011450134700764 0.26749490538039106
0.2819829310526607 0.28800180181442514
0.2580641852324747 0.26443090807382785
0.28132791326763373 0.2859895544261437
0.2959609522486063 0.3044680951350272
0.27526419413969444 0.28088389346198755
0.2734708899631051 0.2743904725203413
0.2782254055605771 0.28322883197710896
0.2722097042158473 0.28026074615306235
0.27169971084461114 0.2827858262437638
0.2714076738703349 0.28044381455787276
0.2877728788313063 0.29536672312202955
0.2728954842124251 0.2800894316596375
0.25737968000988337 0.266037161596698
0.2787930575529695 0.28414401433386605
0.27771538315156274 0.286018527162342
0.2843146187352201 0.2932064733212352
0.28302377589092753 0.2897516296791362
0.27926015015785743 0.28521695982224854
0.29078788027527325 0.29412053738420413
0.26962049401118837 0.2779903608548828
0.25145219773794236 0.25560102047752864
0.2794660071879269 0.2864715616265964
0.2603578295556002 0.2675351729521562
0.27603065529115334 0.2824413225237629
0.2876987188696694 0.29700460517220534
0.2702351415968831 0.27858063997795157
0.2693687199161296 0.2751732018546569
0.2722390689603608 0.27691787790578
0.2765150638663468 0.28239736384716774
0.27327545719011975 0.27950954233177305
0.272226114144469 0.28156754726061156
0.27138844903209963 0.27919555203106317
0.26243597860325096 0.2689391272440711
0.2792834458170411 0.2861485977911115
0.2679582880124587 0.2774021431621863
0.29251926698474 0.29784745132106105
0.25380551870246965 0.2607807384323284
0.2683829507098363 0.27480146520999243
0.2593423777432552 0.2652557446053396
0.26596114393642384 0.27594003366153375
0.2727485336989967 0.28251656559705113
0.2714891442932576 0.2785222369324793
0.2912792811272005 0.29678998355732256
0.27686935926533773 0.28335939407786004
0.25346576498084744 0.25871572539201265
0.2825733640468724 0.2892139736929465
0.259526223833662 0.26309837063944086
0.2746352482269685 0.2830427139060835
0.24545711702296444 0.25478288742268784
0.278502510513729 0.2829176889621828
0.27441491486713543 0.2822958062843303
0.2634747915573929 0.2697018166662364
0.2636619465908859 0.27141432147256295
0.26263534688453055 0.2701425599786393
0.241696615467556 0.249653372656024
0.2739459748981276 0.282281120275351
0.265554436731531 0.27360228445268137
0.280463343088021 0.2851797613374424
0.27736340857607483 0.2871226963142995
0.2559287064863421 0.2602207591321996
0.25686253716411744 0.2626236783523213
0.2724245743234546 0.27930991161826785
0.29453898045581794 0.2996976835280044
0.2561921832778062 0.26377267887954947
0.25820705290927815 0.26665738669590106
0.27070823385000625 0.2754976716286682
0.2713181788162024 0.28028841162331947
0.2521562484849521 0.25407264316032774
0.26039963190956283 0.26903082746442103
0.2831173663289284 0.29071206001830896
0.26908249490221314 0.2740454740572803
0.2641840250411596 0.2672118825658457
0.2550484488607193 0.26333674342893587
0.24914424666364124 0.25372356748864805
0.2935877232339028 0.30274947591769974
0.28471071560635924 0.29171574372123277
0.2815015071156742 0.2885739374934219
0.26856119538577466 0.27695175599598265
0.26175038129490696 0.26714991112948505
0.2511141988720155 0.2606768739907477
0.27371796091957773 0.28296137489861617
0.28289250392560267 0.28866764969290276
0.27448215116639424 0.2840942547942262
0.2545017410238952 0.25905115599150424
0.2905869450148395 0.29837927742499626
0.2675497646357395 0.27196108520463047
0.26846047430860914 0.2781248117411859
0.25828147117656763 0.2640162155179047
0.26377082765215343 0.2715524122517302
0.27032172167695523 0.2790449946662062
0.27602442455117016 0.2776343205304657
0.28509858113001624 0.29218741844038204
0.273276424136747 0.27718557974653774
0.26811271240226137 0.2726412762104992
0.27544549476261054 0.2849554751044623
0.2400727661407682 0.24828834657146734
0.28041773889547594 0.28961142536979795
0.2662696200117433 0.2736978308309805
0.2863787918543392 0.29449722396898925
0.2581228758418337 0.26524117555806676
0.2589845733406284 0.2704944133870071
0.24984668794998952 0.2539741905142819
0.2713597179844517 0.27650323006344746
0.28473201030162615 0.29376618675058586
0.2691951767985195 0.2764650594208483
0.26425944727996814 0.2672280205655725
0.26347437995627415 0.2697631372502371
0.26155545866153435 0.2705931239518242
0.25931983841474154 0.2721627560726742
0.2739216663062372 0.28159969871680224
0.26957851699350927 0.2746047528409524
0.2730105852478013 0.2810237907469129
0.27290378439596163 0.2776603144075263
0.2586211296731014 0.26680742440000127
0.2622487692332324 0.2702396400756003
0.2817682546638944 0.2878630835808864
0.27525135284360974 0.28065973905119596
0.2602426636566425 0.2688889495190886
0.2879555304210406 0.29541444872805506
0.26354665956230505 0.2722503259298037
0.2818424617799378 0.28874205492645316
0.2638476974077668 0.2688436510700319
0.26973171440410393 0.27926481797737857
0.2745300214130845 0.2844750838040413
0.27337165011689696 0.28080554933957225
0.29630589231936194 0.30151723296505106
0.28132059788402114 0.2878899195281667
0.2705976069730477 0.2758590677981376
