0.18240593838787755 0.1845508295313983
0.16565128312727495 0.16936655874172557
0.1276244195043564 0.1307497793274114
0.14472087321812674 0.14903080438216024
0.15852776148150283 0.16127768817162072
0.16572959420997915 0.16923390001576633
0.17616400713826705 0.1779329671096428
0.13350432028252668 0.13486658832221898
0.13010467597051048 0.13615459158798177
0.2087863872114068 0.21658814049237118
0.15595926288050224 0.15965265388990874
0.19249797699207885 0.19677858559613548
0.13375843237024052 0.1385198156587263
0.17088658174239502 0.1753722615121585
0.12362314012872447 0.12844679064132494
0.14673435679275537 0.14737755786175244
0.18292443676474424 0.18645586811984374
0.14720133619458903 0.14927941243028559
0.13918650843726585 0.14218994966959836
0.15296360438163437 0.1584676984166083
0.1699808483880415 0.17317904550632218
0.17897814734755654 0.18286345568758158
0.13086468453154504 0.13763960763348482
0.14381128717982794 0.14642148573567387
0.1397076832728892 0.14626351329960624
0.1791138119923833 0.18231768802191894
0.18046591719393573 0.18496256665444952
0.15246955016306074 0.15550959427330596
0.15181672881697167 0.15615408105090847
0.161012650132186 0.166757038470857
0.1651516933571421 0.167595360473371
0.16974000802723038 0.17303104512090242
0.1409506095885421 0.14215916813061727
0.15165900104214053 0.1537062213241287
0.13223971697864445 0.13472637345444427
0.19229716963687693 0.19512504851728513
0.1760067172987522 0.1794692887849021
0.18491253868878663 0.1891190240532408
0.11438748035635146 0.11907499835101361
0.1754039936896574 0.1810907269442928
0.14270986161888402 0.14780229994704547
0.25405115630399 0.2598458221744994
0.1426639734454956 0.14720744363736457
0.13848265151279715 0.14487402326920643
0.1984474294299517 0.2024399554115388
0.18168919057384753 0.18716826730217861
0.1550257389842509 0.15749862271137188
0.230507063254938 0.23120459691124293
0.13389114068734578 0.13318890124686303
0.17132139602538693 0.17539058924311396
0.12656261770004043 0.12845216120113861
0.15732816852996626 0.15767448834033038
0.13320128704715944 0.13599550734833474
0.14547631868351693 0.14723285459768926
0.1543725946842244 0.1593402489502528
0.16592493138463363 0.17229901937754574
0.16094154990699713 0.16379151351207805
0.19572041514004523 0.19754215997253569
0.17415015528812158 0.18030769923755663
0.14183907958650147 0.14161996437942553
0.17711625713719623 0.18054402412988674
0.14748501619109514 0.14724555021257507
0.15464654680410791 0.15775877530782284
0.1401089422354517 0.13934023491055378
0.16578308243968803 0.1694357875655486
0.2115105307310594 0.21363513281830668
0.1471965857711806 0.15099865041419835
0.1421258625685969 0.1447264627831809
0.16494413653043524 0.17068089980243173
0.15350870486688065 0.15253718768621982
0.12110796692043255 0.12588365055842776
0.16008342456680516 0.16106910284977735
0.13071323158092035 0.13284189175962594
0.1364141269810866 0.14045261405585266
0.16255511267020398 0.16736510284471096
0.17060253298295264 0.17546099746737792
0.13381544822102523 0.13363529930349327
0.09856185663710902 0.10054988353925864
0.14130056429172544 0.1433655649435214
0.1526792889346025 0.15447542917519322
0.1550557438968456 0.15841767197056922
0.11975703933561999 0.12424337931385532
0.17841024494253266 0.17980323589873062
0.1994687152506814 0.19787946362535233
0.15169483374018256 0.1522436655852588
0.2045860709183382 0.20821965891469482
0.18296143215571112 0.18858914258233545
0.1632752535326037 0.16783115473983862
0.1272015392038892 0.1299298794845624
0.16476648048679945 0.1703581200213963
0.16850709562866392 0.1759025777675602
0.20620930732872822 0.20728357792981314
0.1812906163092274 0.18147203992407332
0.16872675416912747 0.17088029373362956
0.13395046024649523 0.13673885502410138
0.1891999450346341 0.1937379101052375
0.1460359649483813 0.14839434416692174
0.17384162738390935 0.1781182207757162
0.15549678570809977 0.15768243446066932
0.15822989402761695 0.1637088206559705
0.14773201651647672 0.15256801702921063
0.12749694920355112 0.13272566064145702
0.23304812106682887 0.23351232457048993
0.1864442507316923 0.19160088786844817
0.11499472293709485 0.11668540195985518
0.19094196379451625 0.19253466549588144
0.172184146864958 0.1743497546812389
0.1654716784235232 0.16691511107300266
0.13920605035411776 0.14314343059383644
0.15640434134432105 0.15941546476041152
0.1323748132762168 0.13562750603407422
0.15201194868209822 0.155267563111463
0.13678957097664543 0.14099194985971827
0.19252355293566847 0.19801819220567182
0.13720187626274596 0.1370550696560112
0.16983481816153315 0.17305276181806117
0.15928812800580167 0.1642156797937519
0.21235588763377572 0.21766051594958985
0.19285263319924373 0.19725149397330352
0.19591285236917338 0.2010158023597156
0.1843836436750403 0.19109872039684314
0.12959003598751578 0.13309408770112768
0.1374769695764603 0.14237776077935652
0.16101861911739657 0.16082899032296727
0.19015591309416638 0.192917876326715
0.15441503933659745 0.15865133152185282
0.18287376251449905 0.18968989981779225
0.14162756873017868 0.14234195498923993
0.15166906232615213 0.15761403150190098
0.14127808215083776 0.14384418728503534
0.15679694683255896 0.15707073930872845
0.13072762698304258 0.13483586861180624
0.123991656227873 0.12813212659408177
0.150397857441783 0.15181696067722872
0.19253047517457256 0.19686969982343347
0.12241247620078 0.12572948531016281
0.26517534754765903 0.26842707198558574
0.09725144100642039 0.10159126657467124
0.1577043501554231 0.16272203019243137
0.16754438762264987 0.1691505519559594
0.14354056397565434 0.1479886084659012
0.1708361452995601 0.17561864154856194
0.12840629938465903 0.1307773885016732
0.17451212061422583 0.17813190554670694
0.15987706821993383 0.1652084000983463
0.15234934338889178 0.15597185442599076
0.15546754241162195 0.15923129610442044
0.139597507673526 0.14140995367031875
0.13473933749470698 0.13822829071135043
0.1762956209116932 0.1812095870224562
0.12720238398314054 0.13047921003513563
0.175688114385718 0.1791617316144343
0.22389887786070234 0.22728592473328196
0.1169373628258801 0.12437632848444302
0.1819501572442698 0.18524134442733983
0.1932007292338288 0.1930851707791716
0.14068201328149169 0.1431903624907926
0.18104362723978906 0.1829520657634061
0.1510609852885121 0.14950770595160803
0.22094964276010307 0.22572600315300506
0.16176053679958494 0.16579858778833043
0.16292241574436156 0.168045276661473
0.12735409439145293 0.12916808118895895
0.1415651214798902 0.14393753930564515
0.15387551996997012 0.15710702338852983
0.14109350440075163 0.13956036978749836
0.11201813596724011 0.11585469244183083
0.16630872318513876 0.1718985296228155
0.15656905829050788 0.1618211716116305
0.17798964597123496 0.1769422783490758
0.18474890239957056 0.18552326561650934
0.1816052209506538 0.18494248315106387
0.13487245412999574 0.1410841231216826
0.2263352297057852 0.23095246706748815
0.17566506155046058 0.18107163971959384
0.1787638696680749 0.18250307987237005
0.17457532009375948 0.18239948722768046
0.16640320080903667 0.17204601763644492
0.15958677756213238 0.16143953372557207
0.13247845375520087 0.1375498878345621
0.1493365990807819 0.15247580634436497
0.12487712927567636 0.12760128889658126
0.1183304564534995 0.12209160990947562
0.12113846974999436 0.12309566126320232
0.18931179333725734 0.1932393577436554
0.15305852534228237 0.1590432660923647
0.23232223314330733 0.23715470413367026
0.15417716455512653 0.1550114603021211
0.11956110586918453 0.1267348407163958
0.14588425548229292 0.14752247228744286
0.15446123530232872 0.1594127840280283
0.14765386824642135 0.14953597087237894
0.13568364250723372 0.140349037179432
0.19265817770740337 0.1968328651404886
0.16052725431356932 0.16549734522325285
0.15811877706721128 0.161050181707697
0.20397165279475016 0.20655593610155976
0.17292012274078028 0.1772066954318638
0.15901862569820244 0.16296822247011333
0.15875522846295784 0.1607316535414865
0.1532464754906993 0.15801965613122576
0.15540355567429628 0.15883683521052555
0.1647302821870165 0.1684993941186085
0.15849740211232546 0.16035354769363153
0.2157153672381316 0.21910339006128102
0.1290128067304001 0.13381087823225424
0.1602464692572305 0.1648278693860369
0.17339691836577711 0.17574762310570755
0.14753783531016226 0.14979137355911806
0.13349241330377495 0.13675914065454484
0.1437935597736249 0.14523710862286784
0.1892888034952121 0.194204430964408
0.15062838915865373 0.15683267625580052
0.1860072157359245 0.1873254024641982
0.13002815629697523 0.13180667424936643
0.16627512083214055 0.16977686961074284
0.13475533258598665 0.13428505051037448
0.1746088387616683 0.1772001003938487
0.19044564679759401 0.19615091797523923
0.23255463100934054 0.23659356780518986
0.1624020517891315 0.16799334085149367
0.17775013685137456 0.17938017009464374
0.16784145285274796 0.17227889526249657
0.192113224818598 0.19706041367611077
0.14101877886861322 0.14628222580634553
0.14104238926036908 0.14414792157044806
0.13451001498791204 0.13898250528169317
0.14859695489400854 0.1540868298675527
0.17849963049968195 0.18335093094734325
0.1494145924021597 0.15362376732340022
0.12323863569573104 0.1263007686584144
0.1911781307792877 0.19746902153154863
0.1841809216430266 0.18578335110052555
0.15108666098700607 0.15365002100665742
0.1259793962090835 0.1282504706709155
0.16455583647017807 0.1699955845261464
0.16133543711858128 0.166000064391001
0.1515020444589294 0.15425732426927197
0.1446611366619292 0.14744954625420628
0.14379349065921398 0.14727650006348086
0.20524690585993213 0.2091286110115726
0.22000671217663445 0.22247898724724152
0.12813783332142498 0.1325340669643677
0.13551240101744277 0.13803407227951536
0.1341216509528345 0.13867656153035507
0.17723139550511927 0.1823521766496498
0.16239441805506488 0.16925676449246352
0.17024221449127178 0.17100795019075773
0.14123422737675925 0.14212327630758267
0.1486477621009289 0.1529235240552369
0.12702200831224164 0.13154053039203006
0.13889043248948185 0.1404626262245404
0.14145240344858837 0.1449401902087462
0.15267203719361738 0.14971038515035706
0.1516039277381831 0.1538670272872557
0.16496091134933152 0.16233306349138882
0.16092448161336623 0.1674492351897988
0.16134104232303356 0.1651139365877352
0.17730096941782914 0.17808382546534027
0.12521765993810538 0.13221403833100084
0.17627783522570759 0.17864630662951783
0.11206535227660852 0.1171511100001736
0.17420307929511966 0.17899887434667194
0.13681028611021087 0.14271526563512274
0.15507597105274507 0.15682427982237598
0.14079056550246508 0.14310878586254888
0.17264025910777966 0.1765173181025285
0.1324152202286327 0.1322962854641218
0.16208256705780386 0.16405762502355586
0.17848553329940925 0.18357787735011444
0.15316838671931698 0.15017340565577283
0.12239336880782457 0.12721882728924336
0.19970079945301225 0.20226978682283706
0.13440702483826752 0.1393122314269797
0.1760629754333497 0.18000008142380014
0.2168406501474872 0.22091680623311352
0.1906470074635323 0.19327279444054452
0.14433023225618194 0.1443242331949213
0.2164684338326246 0.21767891274454723
0.2022581250402895 0.20412651163822026
0.14545666260963905 0.14896856579715606
0.15616503615466376 0.16083098522653108
0.19236738872372988 0.19848219808789921
0.20579292948646752 0.2084868571609892
0.1497241577442506 0.15110992725017247
0.17125002282930948 0.17649984804192526
0.18362822671065898 0.1877634018233999
0.20374794941173652 0.21046562361543078
0.20095969000669867 0.20413047513331384
0.14868868115640965 0.14813832236746438
0.1977500168782183 0.1983030266197582
0.16931836870626527 0.17289157814498116
0.11454620781161086 0.11690221357737487
0.17344188161176463 0.17573237544357562
0.13067129835952207 0.1330174739363968
0.18045466608302968 0.18304614441792288
0.21458369269605193 0.22187025757426782
0.19279351902051345 0.19773663125219082
0.13830140676731878 0.14173711562805769
0.16424611028386088 0.16420263288764553
0.18282929970739326 0.18427086317981167
0.16031199140975347 0.16065995769595923
0.13268309318092658 0.1384700693679173
0.16502068609546616 0.16967692225067518
0.13982860956114973 0.14087172778013024
0.1609719666293568 0.16216438972989247
0.13822966375686865 0.14456427413054573
0.21293475748437757 0.21695247684347757
0.14452059866523337 0.1496549239033337
0.18728467490612552 0.18851953478238118
0.1307598506352533 0.13404985016794355
0.13710949822145688 0.14078699499408476
0.14323114998554737 0.1491656209750438
0.1834896021154936 0.1880994401803977
0.20243344976920596 0.20200968221507462
0.18427201712616303 0.1869261513615035
0.13834707112403918 0.13996421338088053
0.192713192892224 0.19635839369617167
0.133665918588523 0.13424599981122912
0.16259048642643953 0.16429531573511388
0.12381165017890557 0.12794041210741647
0.16457595123875593 0.16651144542502272
0.14020612642190408 0.14527832618396072
0.15067409999887182 0.15486654042717563
0.14157373614040739 0.14413488697435636
0.1672929295296222 0.17057889054509295
0.11141365990058771 0.11363625271732715
0.1621721008659586 0.1665746682287213
0.13958003144546413 0.1407787539262209
0.16590895210051262 0.16385550218643555
0.15145563177020555 0.158086141415372
0.14086083451929954 0.14112016161344904
0.12108387386734623 0.12186855765611879
0.15212644201382808 0.15554389177679456
0.2269232438085747 0.23196180194417937
0.14139278315715545 0.14755043866653883
0.1341027195105754 0.13816516356590758
0.14276312561177737 0.14480635513659565
0.1360018049214547 0.13964323003936208
0.12080624330551439 0.12014671779053818
0.12761860630078697 0.13070474436026552
0.15721347999167326 0.16152288737890122
0.16586053146345273 0.16512573743035722
0.17289814229934553 0.17391451925629034
0.1137368594890958 0.11954840075403043
0.1272440854798986 0.1282051407028907
0.18574806029583849 0.1905455426528958
0.20281634052008196 0.20788126314423835
0.17035730755475098 0.17371795917550534
0.1371367430351618 0.14189466547272017
0.1573956195989865 0.16010614193521427
0.1134097827513759 0.11805565784516217
0.14418466708555408 0.14879700453217673
0.18270629873461855 0.18698429681774167
0.13201545357839295 0.13747514351243822
0.14078342736733138 0.14111724700011388
0.16693256660660205 0.17272873270316172
0.15473153673144174 0.1576543950605635
0.12685687951265573 0.13081000304007903
0.12968377720515328 0.133774725995155
0.15084579195343306 0.15320899493247522
0.15621681088427772 0.1591436845127424
0.17840775273740755 0.17616619757556803
0.18788332280480402 0.19259521987544317
0.15215555722898133 0.15319186112089087
0.1435921444872794 0.14700100649749825
0.18174077200379726 0.1861289408496815
0.10528994227274277 0.1093721398920247
0.16297824383393675 0.16720758855020218
0.1644839443912691 0.16755946456932394
0.1942772088514967 0.19754014563919559
0.12496168827642931 0.12847952471503088
0.12283197474265366 0.12917037205026743
0.12991465819921516 0.1309693154652997
0.17688056987543269 0.18047842048010965
0.16409272099557087 0.16912730331172354
0.1656952686195738 0.1676454344183904
0.15211750506730728 0.15514739449072915
0.14247812240341048 0.14353006087729916
0.169405327502976 0.1755022427948967
0.1503436547448709 0.15688960086233317
0.14480279065076923 0.1459290072499106
0.13674968439503898 0.13886662657803203
0.16892910843294512 0.17337945195903304
0.158229110095325 0.15867645858567275
0.14448742846500934 0.14612199884599164
0.1560658995170869 0.15792524741906694
0.16147459899803482 0.1637925636082877
0.171218119182793 0.17349064120756902
0.12247505024179937 0.12848773147477952
0.1670512446048861 0.16922491243158
0.14824870534191506 0.15310931169099679
0.16698430234252315 0.17070308521419852
0.1189201320453707 0.12088428754950883
0.14858578975429665 0.15080414607469392
0.13952247386453984 0.14495062638387526
0.17908569246838668 0.18312106647498705
0.22026795863481663 0.22233890016442687
0.17208666161167668 0.17730098153133397
0.14216945562019945 0.14412733509833392
