0.24831722415583907 0.335649631018734
0.24526788164412952 0.32457493293661144
0.24556818884624299 0.3316781999658827
0.2464624661994105 0.32473231617388026
0.23678787344833305 0.3280252071179069
0.23357798204748065 0.31256491539815845
0.243532756653912 0.34168381417839944
0.24940466043954465 0.3342045439951675
0.23684325089603728 0.3267310870434239
0.23327221123529424 0.3258327826994176
0.2621009196075693 0.3426522112578758
0.23663310759891035 0.33000427487877443
0.24187600712908433 0.3312609499301951
0.23797335946386824 0.32443265685854183
0.2546613448904088 0.3371847506303861
0.24448312520602408 0.3314864743166827
0.24530694829255845 0.33692772391912174
0.25005093749857 0.34177267901586716
0.2532058519824781 0.34091133592871203
0.24396210557670137 0.3330840797945398
0.24287153628584743 0.335865405525435
0.2484757364602912 0.32388575617118587
0.2495188280069599 0.32535626350464636
0.24323248327928051 0.31923412142809665
0.24508137278073028 0.33173879130027917
0.2455546960708457 0.32560516845972676
0.2398549422947007 0.3113392374860623
0.24384615740987217 0.3238925389824547
0.2474994016221255 0.3306004979379131
0.2387927171247059 0.3261455493173108
0.24629228012263643 0.33126075873663524
0.2396717443212208 0.31780796444221254
0.25026741247818185 0.33340874440579626
0.2379948155997004 0.32603103915095266
0.26277140827611095 0.35396630729346057
0.23912366436432655 0.32027607741366043
0.24773715834406665 0.33001904639499574
0.2467315779346024 0.3305579464849651
0.2630529903627148 0.3405235196351541
0.24326076534351396 0.3452890234410853
0.23660792912963216 0.3340709358587522
0.24897732016000593 0.32066607434535865
0.24859375929245137 0.33137780977797643
0.24570736714984528 0.3308582134844546
0.25754152960822196 0.3406879848056422
0.25450381250921283 0.3343459020717661
0.24473707887123008 0.34151594984681055
0.248658436806662 0.33509593336197385
0.25181376805674954 0.3443850026332539
0.2292293708424582 0.30758199891201093
0.2478170188115408 0.3352601109288858
0.24363039222525942 0.3201281295856258
0.24662952425225756 0.33147452073621314
0.24371480791976627 0.33278818768178414
0.2501711494768653 0.335395049786613
0.24091456296698407 0.3301098093574981
0.24346295784074512 0.3357826060511538
0.24055613379085322 0.3295274759040749
0.24398647189333014 0.3295530192480728
0.24782527890954192 0.33439642336611075
0.23568644450196455 0.31386727873899567
0.2503931312456602 0.33451836875773594
0.2539892453821139 0.3352196211621854
0.24175656642493615 0.3404306312317331
0.23709076569372892 0.31896508870603196
0.24848055831560645 0.3218757611646631
0.254729049383903 0.3331423423344583
0.25040762869882316 0.3255378408377588
0.2589088016196162 0.3305384700063258
0.24539274037075548 0.3229611447694252
0.22824651830827114 0.30774074568816157
0.2467847125322204 0.326999421099949
0.25016560619481876 0.3206358740010069
0.24919612234794938 0.3311577614720263
0.25226804416635185 0.3422885221454057
0.24538131868196886 0.3245769356308633
0.24784312549397658 0.3342702409669266
0.2349698944227291 0.3205929776030303
0.2409363905944187 0.3261137617457121
0.25486655209494014 0.3370577419299926
0.2511513923813739 0.33800313557245726
0.22833247101425733 0.32002819456540127
0.24069046360916 0.33561385637005264
0.23359477270103543 0.322072287820454
0.23754177115111227 0.32761604406463096
0.24609707508553588 0.329315915246139
0.25473101877556714 0.34101319572396194
0.25628680729204273 0.3432276181470143
0.24357962951383733 0.32149620431932197
0.2394757743559038 0.33068947551204053
0.23506343260260903 0.3275540836271851
0.22695132174810723 0.3172267199345632
0.24500456601106652 0.3286584438381326
0.2518224139619212 0.3266672403462524
0.24534517997789798 0.3234550307245502
0.2516504942865178 0.32320942296771865
0.24039138315197675 0.32361593361970187
0.2507160116434896 0.32435357470632953
0.2502367225376572 0.3316682553368526
0.24087775880061368 0.32779259991698223
0.2584769008620593 0.33561607351695444
0.23817697392688317 0.3283862413606663
0.24524090167890503 0.3460538736009877
0.25614281518598836 0.3344880783306547
0.25422605051340424 0.33553420195622125
0.24321003983464937 0.32350508637669373
0.24737929854439614 0.33643612788057176
0.24365679091994316 0.32077163335755626
0.25728418234414807 0.34488529761562015
0.24435347234918803 0.32768198435990936
0.24227301061072382 0.3221323158520519
0.25522070720408374 0.34621076242462934
0.23728183699701336 0.31794654203280576
0.23537301972087024 0.3303979133249265
0.23362759606235867 0.31342673622003053
0.25086331923292987 0.3473320478223063
0.2522866297982735 0.34131780926960087
0.24980314953343932 0.33379410073793553
0.24676009350325373 0.3264104122508331
0.25226057521589634 0.3407402451173136
0.25381021571110685 0.3247740734238158
0.2533626548483529 0.33825258505830463
0.23715136098358514 0.32453568997519994
0.25582337706331537 0.33478461365045936
0.2431783979321162 0.32881339076446925
0.2517630496985996 0.33242844437296415
0.2693889207085134 0.3350725821076346
0.2446932076247603 0.3424185316381731
0.2502687072794035 0.3447364630168061
0.24827025341626696 0.3265834253536704
0.25435547812642173 0.33942952220782585
0.24661849557747786 0.3241298661738266
0.24587749587141028 0.3284684904328707
0.25144861270918084 0.3320033091508515
0.2667910535364768 0.33998505372058907
0.253811451527313 0.33792568981523924
0.2544360162750963 0.34278901325914213
0.25861193714061786 0.3420072291792293
0.2399666280199206 0.32078746755386595
0.24146258420352443 0.3307349491961419
0.24249730446986148 0.33598810842916566
0.2633897860160232 0.33810229228300587
0.2457157250588551 0.32512578105700496
0.2522940914780117 0.33972099174380715
0.24354149392537783 0.32718232158660243
0.2505765709811259 0.33691385886824593
0.24429157898578033 0.3351431432155956
0.24998108504836036 0.33818151912110567
0.24915322254874045 0.3238603892080686
0.24706735129350166 0.32893716185747157
0.24538913590445263 0.33897801167934133
0.24059103824111072 0.32261163795706477
0.24955198886887786 0.33741054442530816
0.24504089496614728 0.3194811717416713
0.23983706580761086 0.3235978760654557
0.24805663291448754 0.32796055270350377
0.24120185607259845 0.32922553300929014
0.26402801392112357 0.35160860777846875
0.23953514933664852 0.3289946112005091
0.24040312399084285 0.3323878126889552
0.23852904084396873 0.32806974667997435
0.2585100006807877 0.34094169184079937
0.24411350547210167 0.32275985089596415
0.2240591521897758 0.30674472107515893
0.23709429170831003 0.32854567324167167
0.25240665526204653 0.33707980667148457
0.23263298563749696 0.31525466021388604
0.24357663270435687 0.3339963216981369
0.2346445188394502 0.31782501476837854
0.24350089593088067 0.32721745670326
0.24128559454493392 0.32095557959224524
0.24455362886981571 0.3314518705085049
0.23073331022716573 0.3068378279555797
0.2535901018402215 0.3394386768133741
0.26410324840786065 0.3400389462260416
0.24078382372489648 0.3326236089642518
0.2515778042994623 0.33895705305893997
0.25337374037282545 0.3369218903016655
0.25049792346648225 0.33066126883020286
0.2608446572947093 0.34746565224951287
0.24371043867836328 0.3253513180473573
0.25850880722119746 0.3491577130695753
0.24276858613844282 0.3151110215956408
0.2434666223555092 0.32753786487780295
0.24454002192694918 0.33092283784235066
0.2468665545085499 0.3303960957800112
0.24508225196799874 0.32487915467738676
0.24078975479173212 0.31696551617180646
0.25308950589229684 0.3372947833574738
0.2512547885942223 0.3303330410073295
0.24470070249998468 0.3286994079637147
0.23952858056273119 0.31610975630720084
0.2512159818128541 0.33156099637639663
0.24230602782159794 0.33387535677462077
0.23920652487182542 0.31381928188226255
0.25275570818526427 0.33433077802239836
0.24067464014959114 0.3270122336972216
0.2487074241143281 0.3352322125605666
0.23941443731237846 0.32588449718663304
0.24808210628544003 0.3365134958556552
0.24011751685393776 0.32320691686624337
0.2488403990016032 0.3361459488315101
0.23830182230386396 0.3197171730482444
0.24970882889206378 0.33244533124540554
0.25139612968931163 0.33222720917943727
0.26842988022515857 0.34188329115148863
0.24527069577363939 0.3321402090444372
0.2533296284818785 0.3465108641797124
0.2549806619260334 0.3355738303858477
0.2363143469570698 0.33154552312972124
0.2508653359388744 0.3327168487394907
0.2396741611479695 0.3170781110448168
0.2608026127603753 0.33583561986405397
0.23222732965957768 0.30865543486654207
0.2563079876831384 0.33754963599997334
0.24596668260925283 0.32745976532671545
0.2503925451367394 0.3406125960545754
0.24380805579906473 0.33139438566881185
0.2337083740373438 0.3200132919361367
0.24509644192475735 0.32528555676631066
0.24894578026150807 0.3277949488454718
0.24888623202996527 0.33616814883522655
0.2399495287375061 0.31605576564173665
0.23891365415000004 0.3249544597726198
0.24078472366554668 0.32362610775434564
0.25593747151232876 0.33727014509522424
0.24061667816734034 0.32385532850479565
0.24377725649539916 0.31973267637023367
0.2414233588195142 0.32181528239776347
0.2540215872311632 0.3329157143898498
0.2454829466829955 0.332180386649306
0.2316856153060721 0.3211052031778486
0.24670378168638085 0.3323726752943305
0.24635106093297213 0.3262545444332753
0.24081216226146945 0.3239208700781032
0.2431177827660288 0.3282071425571674
0.260433462935854 0.3373121015879436
0.26325938864894854 0.3402340937253434
0.24389973726667202 0.3328976450630989
0.25515969890141055 0.33279285282944054
0.2627050259111216 0.35133487440304606
0.25947389068020044 0.36003072802489433
0.24725863614378613 0.3374292571020821
0.24659481457092594 0.3330383062577832
0.24993215033463195 0.32785004505376325
0.25650865868414824 0.33538024225975466
0.23632966508686673 0.32582844402393013
0.24598985931249462 0.32711634369993864
0.24715533611511298 0.3264976393877812
0.24334162267724818 0.3288202518348065
0.25096925845795615 0.32829433850890855
0.2633823505933884 0.3496558399219325
0.24825233142091532 0.324802217163307
0.23256143874724444 0.31866600400337286
0.2359445682060748 0.3324295012004314
0.24823738180918958 0.3343613627441677
0.24463885353523646 0.33854685991826866
0.26080120323571654 0.34394693907173407
0.24842766810831715 0.3385651913396281
0.2405264445785181 0.32652527648807234
0.24496152641017252 0.3295503345026038
0.23833021704632001 0.316230686987748
0.2398692310263074 0.3333948540532324
0.2545767329267272 0.33849164397851167
0.24796428737786463 0.33210887629599034
0.2473096926258692 0.32692935036658266
0.2432381379854778 0.3247094830178961
0.23542974558348378 0.320635920252767
0.24790315700307847 0.34036731949988425
0.24643501331797354 0.33310397570539435
0.23744440960729474 0.32063496106827527
0.25571734913333943 0.34203141129113873
0.25508068590362293 0.3429643114259971
0.24741453104479763 0.32112662544187653
0.23643790363570993 0.31879521463057087
0.24588376559875447 0.3314819059922881
0.24651973669105323 0.33897229144203717
0.23791227889292407 0.3287559009642084
0.2430885684997281 0.31667528016580365
0.2414702662478616 0.3304744595964911
0.23777743134368298 0.32872196683570093
0.2811701475806793 0.3544179966860603
0.23797915617568588 0.32029305521735657
0.2529578316446663 0.3359170020456269
0.25678638856720726 0.33026412710836023
0.2496682990665535 0.3354670109455931
0.25218964619182643 0.3405602449359473
0.25176607910044446 0.33140194615180857
0.2391871570892621 0.32447869376985455
0.24031632605019249 0.3216102631601521
0.2619859835706569 0.34119289532522096
0.25043421283078265 0.33124751573264744
0.2469849628487178 0.32961946274830956
0.23044084011834504 0.31891115306145074
0.24819347397398434 0.3280923999619489
0.2608432720764585 0.34395529939613806
0.2539642775922545 0.3437217387841362
0.24846666441353488 0.3428591641435185
0.251431048629219 0.3275037680196777
0.24999942692502158 0.3382310104958575
0.23709404091246258 0.3211496047187554
0.2643415587745166 0.3425134906419527
0.2273762707201331 0.3207515267838015
0.25107523897406353 0.34093582951429663
0.2511003463756553 0.3352059313198813
0.25852314988482944 0.34001133600027333
0.24511325290617322 0.3276832796235681
0.24058486026452097 0.31193200047439085
0.248451270564236 0.32916245246718767
0.23849242088451744 0.3127255497121346
0.2690227665355348 0.35191020065172424
0.25256442722796735 0.3406956735169881
0.2519776049287445 0.3416447141042002
0.2388381836511166 0.317181413768922
0.24640668317224157 0.3329473590970817
0.25747631381274905 0.32589837745400274
0.24836687748547506 0.33038230451258094
0.25391385672224887 0.3277445005034885
0.24326953027742343 0.331576060998065
0.23676960571464836 0.32951984719661365
0.24993478343389997 0.3208539419854195
0.24040649461180535 0.32736508032516304
0.24512753370118973 0.3202018567632625
0.24371000494062223 0.3256334144663053
0.2486119598686173 0.34082712643903934
0.24003167503024847 0.3187156451702498
0.25273556618431586 0.32554139004466665
0.24995554780114776 0.3290870522402882
0.2539902908443797 0.33941427059051515
0.23730009902309807 0.33051161167126286
0.23659557552792498 0.32903980120615345
0.24533326641509812 0.32966841818355613
0.25834071753595256 0.3499254113803696
0.25205772949406097 0.3207007391327094
0.2512710898655729 0.33778776407790134
0.2385564326256265 0.3280393274421004
0.2444785700522328 0.33817928413964443
0.2501431682750495 0.32708049235778425
0.2450729250785962 0.32884261538065157
0.25005644164330026 0.33284995476233453
0.24207614996811172 0.33076655273290173
0.24831490412027826 0.32771866754562806
0.23621668772245835 0.32477512065893527
0.24085158350930158 0.3269134836225101
0.24917156484982514 0.33298927416356067
0.243033114565987 0.32849682082990567
0.24025657966329048 0.3196051586903904
0.23654455278702496 0.3129274520698675
0.24442642104794457 0.3255023020942269
0.24899392288888156 0.3327423460615705
0.24876281123093663 0.33445925346678956
0.2427928177162502 0.33300505098743444
0.25209707207643356 0.3348279234103398
0.24493383709188746 0.3350606132819464
0.24717600945452511 0.3261093948026946
0.23596343379501764 0.32736198337050176
0.24860913549479152 0.33518424257255114
0.24796410718282236 0.33063820738098615
0.2570424447017322 0.336889489070852
0.25021013504098283 0.3277048313077725
0.24897218913325328 0.32167522586662456
0.2495513384590735 0.3367077566234523
0.22694231394037692 0.3226302404177627
0.2415668019241803 0.3289979723977343
0.23334224549700897 0.3247975019003843
0.24930482425236192 0.33910449706685136
0.24253370378430886 0.3386873001907098
0.24995183417100497 0.3407095397574153
0.2394200319000577 0.31636073102424483
0.24056505730451458 0.3243049918328301
0.240642475816126 0.32471452167442383
0.2504720261291138 0.33480928662040876
0.24386302637025872 0.31364905238389773
0.24675102979394262 0.3214825907733016
0.24524399303791286 0.329744364640423
0.25580739257093005 0.32175721450600836
0.24201118864986354 0.32992081226963305
0.23508011002511137 0.32096230797150627
0.24294232953111142 0.3252935726889811
0.2448965541340696 0.3240721196679669
0.23384673190533978 0.3159275121635194
0.2410022430319945 0.3389639225699462
0.24900275484840625 0.3423145203561788
0.24790099518091172 0.31849562785421814
0.24019362757591575 0.32674961045860784
0.24995284069554483 0.3305192038061761
0.24759422066501485 0.3230314029294435
0.24684324619907702 0.33926249914072987
0.252661371992871 0.34109207329126306
0.25371408801054973 0.336111550265399
0.24559127030878808 0.32003621321493775
0.2463814769594694 0.31766918331400046
0.24147439956925593 0.32532054912049635
0.2555818490618976 0.33931199357590075
0.2655702155590178 0.3503940051999785
0.24455070853334446 0.3333129106559938
0.24142061179522672 0.33431358899755337
0.25055892413484493 0.3408751079542633
0.24181979514052826 0.3276696346990444
0.25349050010454033 0.3289408607912862
