0.14199199940072485 0.20624959579745658
0.11417659463331105 0.1773661812437901
0.11363517642189487 0.17222802427630507
0.11189953111689446 0.17006456625706085
0.10610040406807072 0.16784201064732981
0.11678148916642636 0.16947438336373574
0.12135605096070212 0.19164464595528857
0.14167553518898393 0.2041103434985086
0.11237463467549158 0.17352533107258983
0.09808803336479663 0.15766357138752812
0.1570936695012246 0.22115701753551334
0.1252652958672558 0.189825043577463
0.12115044661368887 0.18432346931531615
0.11351689809804506 0.17390047430120684
0.14447882140539028 0.2075343985805455
0.1198580575979202 0.18385819043824883
0.11221573844566508 0.17526124382681638
0.1310202423859631 0.20923293701764076
0.12977542524303373 0.1967456014314659
0.11629791041639653 0.17936628974034377
0.11581384385565267 0.18753798299637306
0.12314966487940832 0.17611482328079966
0.12756437710445667 0.17614291962651993
0.11584867336747591 0.17015443721353055
0.1391937239119578 0.20722871502325577
0.13365047885910186 0.19121983183529026
0.12043345002924688 0.17597388714559367
0.12709374677381546 0.1892289492228332
0.11845637484576338 0.17442186849268912
0.11005995008817288 0.1754414498381766
0.12691419174484733 0.1885553247664412
0.1122124815175815 0.1649270282667768
0.142186861135531 0.20682747711541274
0.11377873732531356 0.17427028575986572
0.15806666775998449 0.23447574719887096
0.10547523232615208 0.16272845284222753
0.12887360487731506 0.19090069543765847
0.1160411145648467 0.18205515925188706
0.1363680718651836 0.2071160608040099
0.119268053435531 0.197104764698929
0.1134816547543789 0.17655930494079086
0.13012419685401413 0.1835939575792793
0.12702742545921586 0.18999185515075087
0.1365840839402214 0.20340363544245674
0.15104769385151526 0.2175494593549122
0.13046894828569922 0.19195993936060649
0.13066392330607557 0.20475271254062394
0.13894625912700426 0.207261874198723
0.12493655364622491 0.19434199672595454
0.10455831156368736 0.1540218708093504
0.12772385253333993 0.1994295744502403
0.12393811075209814 0.17481235169321757
0.12874179100031446 0.19140148692001208
0.12439510944221349 0.19611406385884686
0.13148232990873987 0.19451836053344157
0.11072344245849437 0.17525552331108116
0.13316416449467267 0.1993258623698891
0.1355717061080791 0.20266464706136147
0.12344809186519481 0.18665864323354084
0.12208096096035377 0.1863647533594591
0.10792099799285797 0.1642913271033022
0.12310348620560481 0.18113603036548254
0.1233856787029268 0.1857159426535161
0.11434160420123601 0.1826125313996538
0.10467167062510906 0.15983404959951716
0.12427545824058481 0.17318640128640278
0.1309196353442628 0.18993969155775065
0.11439905256133548 0.1720571564580588
0.13453249077348395 0.18715652977811176
0.13700531855570025 0.19578530413306455
0.10638104656253149 0.16157147654040205
0.13472811751320127 0.19732920147698363
0.11801679602326604 0.1729075306374461
0.13236175430521474 0.19048342948572247
0.13569625941600863 0.20259602817924086
0.1309900605866904 0.18445921809656432
0.13607150938355939 0.1966613819333755
0.10538107596168719 0.1636763490230926
0.11883506335108723 0.18321723137484436
0.1395677648056561 0.20771161572571936
0.14565209632155765 0.20826523474914196
0.11292201464786449 0.17470637043656442
0.11737025265011111 0.18087061642590246
0.11699367287873888 0.1832152239769838
0.11056387582232856 0.17259330169718018
0.13985598500791274 0.20650984408009335
0.14173748029084088 0.21176188589155023
0.14573114940357132 0.21955739163401786
0.12088455687247152 0.17874583769553107
0.11915126011463387 0.18829154174663176
0.1139688932393487 0.17734536537217022
0.10662386918629814 0.16899599230283022
0.13799946399314852 0.20263576507804965
0.13304327955307602 0.18575934586615922
0.11051370451465498 0.15913126955921883
0.13041974507238294 0.18103955048249898
0.11850873747090375 0.17814263985921983
0.1369684838212041 0.19150883828519827
0.13980873175540837 0.2000266842646677
0.12483554235100576 0.1867956284897531
0.13514823199065074 0.18913957862867714
0.11436737756685066 0.17488738220552602
0.13810014458592235 0.21684203473291663
0.14555102762763292 0.2028454990914569
0.13095270677855192 0.1851930810607065
0.12081556076070157 0.18042482352108616
0.11758559048643547 0.18928743636941414
0.13179772801937492 0.1836139176961375
0.15240177283431752 0.22066852431904607
0.11577862386832223 0.17948540618677225
0.13362894473203563 0.18867177827444329
0.13417416157565262 0.2087594247109026
0.1013462333695972 0.15821301867661833
0.11149225029577396 0.18191356438729853
0.11024918816392541 0.16915809992496694
0.14158274474714827 0.21619688425461403
0.13462964208280606 0.2002683961409042
0.1435858813662094 0.21134086170807165
0.1163327755055245 0.1705916283026034
0.12058830647016497 0.18546758767326763
0.1317961424662349 0.18284233430110639
0.13266015751839266 0.20025542812664543
0.10433234410046703 0.16317883678081974
0.13548211406184535 0.19321089490891172
0.1201654824171909 0.1854540113053097
0.13343476997393702 0.20036743521304115
0.14886163847912456 0.20721151289872433
0.12392552238050238 0.1905980598073708
0.13706251092187127 0.20824296611817952
0.13232236803559885 0.18678888124391926
0.12469890079693781 0.1870561921405902
0.11787428765218602 0.17325335074023773
0.13188931923898226 0.1899042535694641
0.11503385623703712 0.17335061631177173
0.17054671411711902 0.23160564393286617
0.13060505248177356 0.19342300619269243
0.1394619784121941 0.20974444908086268
0.14685848765997936 0.2087376008199725
0.11670496237618552 0.17528340501338863
0.11156596704949338 0.17378880430496263
0.12448017237128838 0.19029364499242127
0.13387240075698073 0.20048726855020238
0.123923555184506 0.1790923159956718
0.13058376425991675 0.18904536746146805
0.11317356035324924 0.16875489820492767
0.1271241150672348 0.18919178961612942
0.1341793231874039 0.19999385798576763
0.1402459798511286 0.2069091927126654
0.13084980936228813 0.18438833099112992
0.11584836322597035 0.17821855501757936
0.12742939099191328 0.19584541408785203
0.11557186967845402 0.1778238378165934
0.12839327182071902 0.19541836860534018
0.1159633075946927 0.17350291821448854
0.11889390916730999 0.17803134432573003
0.11926657195029074 0.17757433799478478
0.13331292103059592 0.19517262671475932
0.158240550542382 0.22595603982835505
0.11769669643756185 0.18397360100982088
0.1259144706302228 0.19293229438714343
0.09876613709600038 0.16140007021006347
0.1413764493648808 0.2097238487692381
0.11945744145665496 0.17604250705072863
0.10176564669841702 0.1561058672850676
0.11421852911306274 0.1772700091924807
0.12394106799260265 0.18758785076446682
0.09873561091175766 0.1551121883267543
0.12069135207557685 0.19058932404332768
0.10566521096997614 0.1626502193453091
0.1177955518431559 0.17598537920240134
0.11996603731736906 0.18059936345748487
0.13588535452665634 0.19990401794337048
0.10422712586612921 0.16084867309189102
0.14922789459182076 0.21588630866911573
0.14895731943757143 0.21260647177443784
0.11260592319627165 0.17768010403863752
0.1516048834262248 0.22111250332488136
0.14329827216034266 0.21334066528960013
0.13142396732482917 0.19384825101731779
0.15736784610080595 0.229813773307582
0.12216484963154854 0.18672909230665868
0.14389195520361556 0.20886591830838072
0.1152746987013756 0.16911519810062148
0.11190942485732154 0.17775049280426605
0.11893024068151156 0.18078701145602757
0.11603739754861271 0.17291653910724356
0.11657053847043285 0.17212758323333427
0.1152090052229607 0.1680352485787148
0.14137836534244363 0.21157929114480709
0.12293651521274243 0.18267966663085305
0.11033442715268046 0.16848533238057814
0.11801683289228652 0.17169130715720307
0.13566561083474118 0.1960901546584227
0.12280079337694656 0.1924054140924525
0.12075101945749252 0.16620001041504037
0.1241077438098021 0.17849873203721217
0.11006407724343777 0.17530259117224495
0.14305545434749856 0.2074928786177473
0.11972544041181228 0.18415784312809547
0.1302594305733303 0.19886428346843346
0.11780759788897521 0.17112478382809368
0.1306915842028185 0.19603682048722587
0.10898868254232669 0.1666993215613198
0.12253219318401315 0.18635737962068988
0.1337083699061267 0.1975430545348935
0.16300880638658236 0.21931494550634564
0.12101809433847635 0.18975781782256976
0.13966161871726174 0.2092872511258136
0.13606675413036534 0.19847708633265695
0.12907634409373053 0.19420462615487352
0.13553389298119362 0.19691371473435415
0.1091418842202614 0.16516296263918312
0.13826216128527383 0.20129188045383117
0.09607406389047737 0.14705888751126084
0.1357773904265375 0.20442577539350326
0.12756049855828358 0.18981497299640226
0.13228509414746573 0.20781156533999698
0.11886449383138346 0.18352230686798238
0.11065263347709595 0.17788096009443172
0.1288235610278522 0.19093198721975183
0.12882797985635355 0.18577196279373603
0.13327876179702802 0.2043306648175466
0.11182039662335526 0.16556606111424657
0.1114120270481534 0.1734669981326991
0.11407618726049039 0.17221052646262536
0.1253668063896509 0.19300097470725514
0.12091942755492935 0.18249616022765147
0.11177433207217606 0.16823004212125672
0.12664070815233675 0.1870738101432852
0.1414489759502956 0.19849516611421308
0.11986194383245614 0.1891480702501933
0.11406864018606878 0.17430290505241783
0.13637709449294633 0.19996932610735418
0.1354542343779819 0.19400655053600896
0.1066513648433408 0.1603212802884104
0.12170002611425869 0.18666636504967596
0.14281780063239524 0.20479513029224375
0.15860536100151473 0.21438540720918378
0.11963995998212076 0.18216426064360314
0.14322122806763543 0.20702694357559281
0.17926296582997667 0.26213616216143515
0.16618924199564286 0.24508487841238402
0.14077251877420652 0.20916593627416968
0.12463887881973879 0.18854214431677807
0.12236418653784863 0.1806914635017529
0.13799373523112404 0.19630594060573664
0.11653452955132718 0.18254562150798181
0.11629856437913616 0.18169551882802326
0.12088821311386291 0.1772314758974031
0.10887036754795544 0.1694362018591021
0.13984985559513174 0.20312032862309673
0.15683229362397624 0.2244505184329451
0.122916430220301 0.17964144826244022
0.1074457653876054 0.16770360226955827
0.10667591983047942 0.1739217473121192
0.11856000831058494 0.17509335488443828
0.12281203945276041 0.18773153979566046
0.15568706613780053 0.21884371127030908
0.13329213229632209 0.2053016178862178
0.1141274632126046 0.17893291742857562
0.11571458302314105 0.17461749120654008
0.10616175878157291 0.1604735296021328
0.13030162039276544 0.20200674654070946
0.12530079286350945 0.1885554011489016
0.13425369705660378 0.20438315077829897
0.1240337608530995 0.18474707397383228
0.13055741864264803 0.18666358815978068
0.10386380980030584 0.16343852140076873
0.12989687372214895 0.2007198885938033
0.1335004316619465 0.19669170692427174
0.10531093275396139 0.16944982414454718
0.14307903931346877 0.20641083266996496
0.1310802449149986 0.1872795669284799
0.1259801619962703 0.1803978422866559
0.11502650874164448 0.1722031262340092
0.12274989898639829 0.19014415498649634
0.12590233113148727 0.1916141346996441
0.10648903582143618 0.17018643303554357
0.12686866206757724 0.18998877655805127
0.11882032311084127 0.1858965867161863
0.10990982259713675 0.1710562713742808
0.16678123165139125 0.2278898871143979
0.11624842228598672 0.17688341670496388
0.13397792214422483 0.1899975877033469
0.14166306996836542 0.19450653499505918
0.1273715122098309 0.19226140717921522
0.12663907359770368 0.1974169275416191
0.13258044933875066 0.19676484333541472
0.11199404561839098 0.17534234943905966
0.10689630406740457 0.1704323966055089
0.15602005688836224 0.21971347366127134
0.14136273387513745 0.20900020416797363
0.11841416541183995 0.17504671322549475
0.09507410519070052 0.15540843627077716
0.1254519491422194 0.1859573047486074
0.15621713415773394 0.21745897608234502
0.13790391034967234 0.20602878529365107
0.12868749930249057 0.1959391748020386
0.13398185966190093 0.19290737256565
0.14378099349013354 0.20965336451415362
0.10666249512356339 0.16237144834172362
0.1514160404697636 0.21694404253588576
0.10193002597479459 0.1647186600126911
0.13687074891253492 0.20241775446052912
0.13282991454519358 0.1983592822760385
0.14390269156574528 0.20799026669745418
0.1203215960798504 0.18377893173370516
0.12213804177568842 0.17319568818629047
0.125144162903334 0.18272628548190434
0.10452972222540394 0.1525203776330098
0.1580493978465313 0.21965334247641002
0.15387855209963366 0.2221423675171177
0.13503381919443957 0.2048288362402005
0.110801858226127 0.16431286188215685
0.1121059881008589 0.17411138957932373
0.14556566289432013 0.20415459620913468
0.11620990991238604 0.17786618038197372
0.1384678589752036 0.19298314076126874
0.11630690644352315 0.1850778739787724
0.121045959191065 0.19118817114598435
0.12834196699270892 0.18622651488570463
0.12017950968652281 0.17635393766067886
0.12005121446468606 0.17371126249422186
0.1177674904183986 0.17579759417780697
0.13747563676008742 0.21450013025704617
0.12410427954431498 0.1865346764816578
0.1256193213093933 0.1824296637847707
0.1334071774845181 0.1891533391422153
0.13082350502472495 0.1913394842715897
0.12063416305587583 0.19604423495270393
0.11500897401430053 0.18495547823152908
0.13961182285500995 0.20168911206718804
0.13827773947359354 0.2058794102134881
0.13711258408749463 0.1816444732372298
0.12185287962912886 0.1826452258135422
0.10605615877000418 0.17209555032142929
0.11501240721343994 0.17938067547828146
0.14158573369421656 0.19181543776760857
0.12910239065891338 0.19762693734338788
0.12972054091474045 0.19397773637470522
0.1273927171755421 0.18934237430402495
0.1306907921761521 0.18574312148473798
0.1049204418332959 0.16630810131597226
0.11657760843160746 0.17562391826043006
0.12336536344550618 0.18604260474703105
0.12928239306702616 0.19560234606589547
0.10936376764583873 0.15728509088905931
0.11966521523165026 0.17431562492663877
0.12487222116769656 0.1865845019926062
0.1319804290733701 0.20196684693351086
0.1252580544986243 0.19453748046424402
0.11788067988547273 0.19248102629623576
0.12507242595599594 0.18464015348926616
0.12133742213229867 0.18227235417634557
0.12099855561381075 0.18037297688415255
0.10689239122692412 0.1714913144731441
0.1305306835468834 0.19509019532216373
0.12322581015368911 0.18653042547104565
0.13790014642557843 0.2039777565997415
0.12062189102379686 0.17771480016170857
0.13418579964862418 0.18395689118462547
0.147811476589755 0.20897484239738934
0.09533364377093047 0.16128165106574313
0.11942394750377294 0.18119655113357097
0.10888820748354612 0.17086807595504572
0.13411532755188768 0.2026375617709419
0.11695683460980284 0.18149818081808192
0.13582603579435448 0.20418410350693225
0.11071009415505245 0.1597663002600235
0.10797827214766374 0.16182364916622152
0.12074494880226552 0.17696590549819866
0.12928138301774295 0.19734781871503237
0.1175103549871545 0.16544097253401813
0.12640803541276072 0.18382672718464727
0.12437298245059895 0.1860593504470433
0.1347980599801202 0.18930744874483668
0.11988620489851778 0.1835091499719172
0.104108476138486 0.16421121753044188
0.13008871172361414 0.19226418338182358
0.1101828972170381 0.16119362243521695
0.10473329970998078 0.160739150738907
0.12012519475967712 0.19266235519063105
0.12675932841890444 0.19153413023193627
0.1101133709118099 0.16152167119304964
0.12012684665132488 0.17920013774869442
0.12660771927107672 0.18740881618349733
0.11695797422315111 0.17869574921464718
0.13018136312461415 0.19828618474301332
0.14871106562403164 0.21903977785867504
0.13974026901779774 0.19685426056388494
0.13070354868727377 0.18353160964219198
0.1213133793516281 0.16884296930680043
0.10322179096506813 0.16466791060455638
0.12966660305616654 0.19287465729926165
0.1564664488262466 0.2272487204771456
0.10809453770682036 0.17196518447285222
0.11841389369987348 0.17925188012719226
0.13180556843504246 0.20119324239869982
0.12038768583231788 0.18586318895052387
0.133836155208127 0.1923722253732753
