0.21687907052198732 0.22987939466588786
0.23103120349709474 0.24951418258084893
0.22326049997190797 0.23144023236326225
0.2439154249281235 0.2579445521320046
0.22181821687848066 0.23744131505417124
0.23173882098681794 0.25005755285626874
0.23906841584531724 0.24919065909921628
0.23056474998835066 0.2464316683937484
0.22952301216025447 0.2422661186713819
0.21121216868619522 0.22207171319147115
0.21511871722325732 0.23382479321746466
0.21581664158474728 0.22809771719264552
0.20761770055695175 0.22258850313728074
0.23298505987131649 0.24875161070689522
0.2408046387284215 0.2562630413837148
0.242553163397597 0.24303614187364941
0.23284510340594936 0.24734037062414144
0.24520071291113907 0.2536694087235722
0.22466194719779572 0.24689660877698075
0.22737344148374905 0.24495288565772236
0.21576675371394727 0.22766813067145214
0.23214753993093573 0.2498174110585994
0.2271027353454569 0.23882276184976267
0.21726423592200225 0.23052985357141934
0.23512195715563383 0.24719161880671725
0.22078381759384702 0.23946619012038678
0.23460963524141348 0.24763725519206253
0.23227195605684237 0.23887207925247383
0.24139333050393386 0.2568397893698833
0.21621103160375385 0.23133950441655546
0.21973366951616122 0.2315104771806138
0.2243395858259318 0.24005054792234123
0.2116046348925232 0.22279548823735215
0.21129615037915414 0.22674006501845825
0.22892936288990337 0.2439851611403893
0.22204202287226 0.2427516413610597
0.19697090296982636 0.2120023423863791
0.21204611746282045 0.2299278636707957
0.22378252061235968 0.23937179640797457
0.23316438955218236 0.2465036499203522
0.21108414282159743 0.23566553579552094
0.2135507784176724 0.23348189446429451
0.2331782206268462 0.24432295836281376
0.21578680081034726 0.22640384868648464
0.22604330150728252 0.2442582024167657
0.221525750514059 0.2325445883441755
0.23637648774347048 0.25245938836648263
0.21667293907927485 0.2284552019319746
0.22507518491544817 0.24231226128441516
0.23750909950321103 0.2433326576640456
0.20582217024158017 0.21784875924960825
0.2258194125172778 0.24164505402550898
0.2320103683947851 0.2521744261155058
0.22965880706989572 0.24432698848849319
0.21387145656548637 0.22148267803831256
0.2084101530539775 0.2268262506303809
0.23015897125017548 0.24189149916190977
0.24205791836306306 0.25988861947860054
0.212556710274972 0.23554269845571718
0.21306962280936312 0.22887275909071003
0.23132972516629105 0.24246465057564334
0.22532731749764232 0.23620073001010047
0.230390330592848 0.24431756676369165
0.21262847201160995 0.2213852858130774
0.23011617729122963 0.2429137430513213
0.21975404514829186 0.24089684215845553
0.22892286075033227 0.24546704485081924
0.2177720773158054 0.2343121393244735
0.22876372403102535 0.24024954852498281
0.23784126868031188 0.2523014828686116
0.22526664631515955 0.23984225566865444
0.2342976342534698 0.2507432127284092
0.231051189288561 0.24848517541321763
0.24211693716351695 0.2588892740995666
0.22761506045565658 0.24519092284214605
0.23181118301652498 0.24955778569101336
0.21463137132020596 0.22949600900418105
0.21282387635417194 0.23002061145986177
0.23446733144932286 0.24382302594584962
0.23131633802245916 0.2467076311262991
0.2386453310656722 0.25538268063600067
0.23509311443025874 0.2481865883825318
0.2190483603112381 0.2358569197477931
0.23045141350110668 0.24464415805949496
0.23587289252544646 0.25529440486943145
0.2173289896637957 0.23294528308370047
0.2248947229243047 0.23553423797245762
0.2175604108134883 0.23094647671215743
0.21858889582629426 0.2314657234672892
0.2261466551493115 0.23704753802059034
0.22659607106741228 0.2376246429190214
0.2417289764642783 0.2593818224596933
0.21605067133137007 0.22923505007616365
0.22454983295646885 0.23190167338193204
0.21172873153270302 0.21909541467702864
0.22349908270882385 0.23611043046904676
0.23322851078635967 0.2483608299917014
0.22521564736822042 0.23906723020088766
0.2342798749902847 0.23973916378112753
0.21568471996493319 0.22995113665015884
0.22011861038328825 0.2375845811176641
0.2162141006738115 0.22810944367882133
0.22985977864334725 0.24001510536892298
0.22718069311199077 0.2441473575299669
0.21448396613245563 0.23481617975965205
0.2283529163866144 0.23905979283869255
0.23185294329442518 0.2517377358880122
0.2320375692821384 0.24429097988192613
0.22859956623288394 0.24269456992706606
0.23743188200968268 0.2547268649476578
0.23633120796681778 0.25841236633087883
0.22293671904591786 0.24361491296905505
0.23079673263774345 0.24866476441704596
0.22163759871468375 0.23399073145414295
0.226773168618949 0.2419170533830521
0.239396570707199 0.25248665925306885
0.22877065472101776 0.2365221068365241
0.23218728541223976 0.24548526329454753
0.20971482315000245 0.22678544622911231
0.21361226124781368 0.22695787041564525
0.2228925833478853 0.23906218671602117
0.23919225687996695 0.2582193356486698
0.21578591786532536 0.22849651120490488
0.22523342652378403 0.24791174635187885
0.2357867583824778 0.2533697113699309
0.2266581806964174 0.24243610505494104
0.21584143698241448 0.23924370910712345
0.23192178324096532 0.244280306044946
0.23117294861642876 0.24311559765542035
0.2329209739665418 0.24237587068520114
0.2157219721439392 0.23203006166781623
0.21737305131663665 0.23392312112138502
0.23918645333025873 0.25377941388342223
0.22719374760848934 0.2389834370072384
0.20079370833784818 0.214531825668152
0.20918718382666568 0.2199939865895784
0.21976275044200344 0.23187675475645864
0.2138723528451731 0.22274687437178078
0.2256529225428063 0.23949863058707863
0.2307876963114853 0.24758855283712364
0.22405644867520472 0.239600636298379
0.2473516371261338 0.26556849795026094
0.22913122320524806 0.24219506127918927
0.21097647224878127 0.23380443684239297
0.21638914873123877 0.2352763190366942
0.23536720244814027 0.24787739078198232
0.22995628568608903 0.24125847484569218
0.22489893866972208 0.23773132303862354
0.23287992104117558 0.24714379775737896
0.22363187965875478 0.23991936834548042
0.2265275769675767 0.2389471252161625
0.23543572866824924 0.25051460321173863
0.22724816820351634 0.24792974261236686
0.24657485065521229 0.26327186811383857
0.22162058585319996 0.24088728438985468
0.22378476402309494 0.23820935042420938
0.22302941588743805 0.23681982181192993
0.21662571779613654 0.2298926469120855
0.23087959535248018 0.24623108942263572
0.23202478405030416 0.24707104223057033
0.2282784581148968 0.24305900870319924
0.21834868641535998 0.23563444091994737
0.2135017093530241 0.2263215816919587
0.21527246015115065 0.22843122967200644
0.2213213668836871 0.24220653729347497
0.23407495617384919 0.254882911987502
0.23036942054871537 0.24148297345849548
0.2407700754524397 0.2588734538315555
0.21293145502077712 0.2313037376678926
0.24715978793491752 0.25665957570349934
0.23752147684810573 0.2534457913783969
0.228688320215145 0.24431460137601105
0.22518356452432148 0.23820908631345256
0.2153527864899422 0.2358028742523532
0.22886273634028306 0.2495857936030264
0.23163206979415918 0.24896560525340097
0.2283010991165399 0.24026335075807218
0.2120764296679857 0.23160689029817366
0.2077894710706248 0.22145955965916225
0.23510549161077723 0.2533812688063056
0.2244411651534792 0.24916532241553083
0.21094428305097457 0.22837515279076712
0.2370736598098191 0.2503384205397499
0.23884727602854097 0.2529963698445411
0.22535162252527688 0.244912287383528
0.2212826015729737 0.23775273217400497
0.2174765137550009 0.23238210674440948
0.22716617772445058 0.24313917993901682
0.23944390603722007 0.2503010432530303
0.2268074172804399 0.23229631958811695
0.2248127716485284 0.24705420799616376
0.23472872560024638 0.2522429689723655
0.2196086591368756 0.2336489876380695
0.2255430229324144 0.23471967033518923
0.21644370984547925 0.23132663820433202
0.22442237812366983 0.23797165468452516
0.22652595548291618 0.23092192050552718
0.24230118193196937 0.25482966924957107
0.21217809302997362 0.23221006263053598
0.22176393207293627 0.23182615258156392
0.23356458022262547 0.24917852514994945
0.22806887732574121 0.24607246582181974
0.21496863237656139 0.2308600112894071
0.2176127332825865 0.23507768652026642
0.2269178728781516 0.24219321996390333
0.2052597456944882 0.22183504776032675
0.21852289142693213 0.229972435731386
0.22343858953450116 0.24322389329603122
0.22566975004078157 0.23924306077114144
0.2324356885213336 0.24149191151532823
0.21652162053900106 0.2244105025132366
0.2165266699192178 0.222922525479847
0.21811282198746135 0.23195004441173375
0.22398700028505195 0.23670260390014197
0.2173047336085437 0.23177300734380848
0.23490742249609065 0.24871273449630976
0.22809065340515194 0.23756559879564879
0.22163558752048487 0.238520507350956
0.21992428961432448 0.24022119215068216
0.23410343304807613 0.25265813366948736
0.22605310691808136 0.23995133437308203
0.21978975922353403 0.2372367955405847
0.21518940184224014 0.2268747099593536
0.20868967388461285 0.22302994317605512
0.22773006261189344 0.24194011808047994
0.213224657653805 0.2347370044027217
0.22495004283386447 0.24086050838049627
0.21913596512923716 0.23589531108217052
0.23153879904770966 0.2408389137079313
0.21596326273477737 0.22817017263428513
0.2150379174776318 0.23511024200732236
0.2238174074089609 0.242537344494338
0.22894246213735664 0.24617511471522782
0.23869685296570897 0.2542649545569845
0.22707099105339656 0.24053904380096605
0.2179518361054595 0.23378381696591377
0.23780213962918878 0.2518742825438089
0.23683290051793546 0.2515082784512843
0.23788613957068913 0.25776761038189444
0.23015724136449126 0.2391042877544215
0.21658377181485003 0.23440455425975035
0.21059469616846224 0.22950255711576728
0.2084576645931813 0.22482922436043196
0.22527264829082358 0.2383676167301544
0.22781192930060087 0.2458004670908624
0.22690458575920358 0.2391486765455196
0.20615796492408536 0.2205471223173786
0.20509798173463983 0.22383416743264112
0.22464737331090354 0.24550584233944664
0.23455039249370832 0.2443037602830569
0.23139992788623115 0.24371835868845818
0.2189663223310112 0.22917592205902784
0.21823401111261492 0.23201000625330978
0.22271516663931237 0.24145109911346235
0.2183593732644567 0.23262872271874308
0.22412685927829717 0.23911930257144576
0.2119106690003097 0.23198771422147485
0.2285603218450991 0.24712719091301882
0.21503729792742424 0.2233114531071021
0.24570281809982863 0.259132732518008
0.2208317012260748 0.2313123787460856
0.21711189765176325 0.23397270492477482
0.22418029119742688 0.2338880470053023
0.21992027524391755 0.2377363049332157
0.2195101808483216 0.23517316204786798
0.23079357732045888 0.2458836157822348
0.21840129386578647 0.23042707904364132
0.24859033260499427 0.26802126780240554
0.24043088866185103 0.2563947957545829
0.22923445450902666 0.24445317460351984
0.2306124261006016 0.24381450315083517
0.22431603789715596 0.23561167488851498
0.23320299928376167 0.2482061033556474
0.216239695471743 0.23379105472516973
0.2296224176770535 0.23676772523061598
0.23793208480854433 0.2544895620682082
0.22808678930896562 0.24080557322613744
0.2289018091228425 0.2424790027934557
0.20770525660197087 0.22538041087321561
0.23096379698002045 0.24935244029732484
0.22581516407960978 0.237976574240157
0.2345995134245612 0.24463342572318408
0.2189014900072582 0.23402647652416192
0.239727818446653 0.2506353444488035
0.23496428400612646 0.24933087740037096
0.23586909355352292 0.24681135064991538
0.2309305521157469 0.24301282696241305
0.21065695893920777 0.2254680182952302
0.23588424163848934 0.2524791208858502
0.2337547405903497 0.24561599617418794
0.22315985934091825 0.24089210716019072
0.23421688350855555 0.24154223311591122
0.22859017286068303 0.25346610118468266
0.22431986433000267 0.23218519086998057
0.21188632877674474 0.2343917374539525
0.22485326305961548 0.24169085512259356
0.2569537441417776 0.2706571749719874
0.2099497590822285 0.22792105647246905
0.2272032721568831 0.24485300320797354
0.21467088248299163 0.22669778978761929
0.23207443285747426 0.24951037040149937
0.2335509330210249 0.24657507776505283
0.22045754050188027 0.23403802851677763
0.2151346538142201 0.2286245472131445
0.23681333130354307 0.24607453895974135
0.21996161881498769 0.2384646223833594
0.2214940136045689 0.24017896115818357
0.23269712335749315 0.24739149297505278
0.2334877997084995 0.25242184110012617
0.21953186437328737 0.24122672163626152
0.2260320869239628 0.2378781312207906
0.22119163819235066 0.23352768365311544
0.2362926454822571 0.25004136775142477
0.2358460914795552 0.25126025455102147
0.23935885608398064 0.24974900742404194
0.22471661725001793 0.23529256600850082
0.21214272996757705 0.22374664809437456
0.21708452486679705 0.22989806961101059
0.21786679490745656 0.23439973947465037
0.2201185000332398 0.23696909586243997
0.22510403151802244 0.23495330087379906
0.2342235989429553 0.24282179732947726
0.22233197344029665 0.23933148652981032
0.2338570383315153 0.24761770043681913
0.22173132575399154 0.23432574563287162
0.23784396916765058 0.2503470989435212
0.20846657493564433 0.22508927285115368
0.22176827071645505 0.23509460898562012
0.22531241703336627 0.23331848737264527
0.2244660286534387 0.23216491194047892
0.23804651447092817 0.24711623243946437
0.2386607814522232 0.2519941719905867
0.21630049171067706 0.23664174712088393
0.23456560945017965 0.24360269951541955
0.24919717050585913 0.26287062743816647
0.22078910304173507 0.23903315589396787
0.23472233800286832 0.25059985721760925
0.22768686784820488 0.24565729700939873
0.22158389243546617 0.23770501902210037
0.2210237458491855 0.23299593788822287
0.21646391285326003 0.22169626207967105
0.24130800787483717 0.247316803177023
0.22896524356078035 0.2480582129069889
0.22347424968515567 0.24124088266149996
0.21183589300190342 0.22197342275761164
0.22636037739282147 0.23121411724147625
0.22829613706274787 0.2439098943872887
0.22435675839877406 0.2434683654404698
0.23567993396202808 0.24812395044862054
0.21790502945510973 0.2421119804777433
0.22729931432242098 0.23913555499553504
0.23773826591508387 0.25018506082466
0.21174254281618485 0.22126906257678397
0.21562714098175043 0.23603236163208755
0.21818045248540757 0.22772686253991486
0.21430280829686543 0.2236468767950538
0.22607567137910659 0.24530248185091194
0.21400057127947672 0.21968601905311547
0.2223818776085988 0.2336087660007636
0.2289086408056542 0.23907128344798861
0.2397787895626799 0.2513114743438181
0.21938138009699903 0.22956609702281502
0.21311155362597425 0.2294876061486479
0.21778885946141588 0.22998434092125128
0.2359650669020506 0.25141008912311413
0.22735041695235786 0.24473089035225715
0.2293306422014668 0.25018799477370945
0.2404164515463471 0.2565687673061943
0.23347915372919467 0.239639646491969
0.21644693283984692 0.23175614434123504
0.22549474541736766 0.23548679388832378
0.22783971769173908 0.2471532556797845
0.21532025668452337 0.2262166083137842
0.22916161556551734 0.24349671661508407
0.21460162634142846 0.22688346824124345
0.2315732471030989 0.2466242290193907
0.23364432105624633 0.24342721061323339
0.20642629862684933 0.22117636165184618
0.2347683682646069 0.24429352192008585
0.2358082802397953 0.25384975054495085
0.22497717911895448 0.23804712543975173
0.22593860637035101 0.2360523628450762
0.23446387986211525 0.24625951797691234
0.22245223830200953 0.23481007551455196
0.23115775939682398 0.24772811168684158
0.22616856025478824 0.2429866480615647
0.2263638870956141 0.24451693522559806
0.24547798053152892 0.2611168590911635
0.2324570911754214 0.24877768968767214
0.23865895358276087 0.25938548688832724
0.21605004155662835 0.23127481654013768
0.22287945397907669 0.23572648270522184
0.2321220167817454 0.2400072262566514
0.20698399699446357 0.21361328227252455
0.23784858484805876 0.24906737128594802
0.22795273620516093 0.2438013518332985
0.2178608351297912 0.23291238188994795
0.21538698819728677 0.23069278309508304
0.2238608036311859 0.24104166203274763
0.23503267654081472 0.24416226571795643
