0.10459533437190047 0.11394737703445132
0.14208724089974933 0.15538601219565257
0.1199037275843025 0.12741211372280292
0.17161451242799186 0.18312242646291108
0.13153300326959436 0.12991127201669841
0.13989357686294504 0.155235428496726
0.159568430175521 0.14910214637415098
0.13444323669922623 0.14722743558946072
0.1440315924283966 0.15079580814526594
0.10457557882442282 0.10251078926234343
0.10776189992857654 0.12228600322718076
0.10644957788631566 0.11837839218836407
0.10505899855214951 0.11680111630157904
0.15674415985993273 0.1708012545655143
0.16770651755892063 0.1813657538719906
0.15651900617279535 0.14801013202224916
0.1361267825647913 0.14750286447482686
0.13237747312861037 0.14180764647759103
0.12105165852362985 0.13555290052035765
0.1409137346878063 0.15457402385302146
0.10710969768346283 0.11634789469841428
0.14151520051560382 0.15652185292846557
0.1320335280293161 0.14163728910720916
0.12739928737583908 0.12703017878335374
0.15247852869823067 0.16097336405065352
0.11241137606592248 0.1268190093868375
0.1555302776044967 0.1512092297504431
0.14428656491511388 0.13871555110975325
0.16492365810412113 0.17933518429984158
0.11612267890540678 0.12336221768185822
0.10521307675878251 0.11209853134324965
0.11642580815891704 0.12360970720590803
0.10870340770358164 0.1177022481852241
0.10831763044368721 0.09660601351621917
0.1429392191584319 0.15222201228663626
0.12826270877958884 0.14428332254803564
0.0889514316774184 0.0983141804215772
0.09829837363296959 0.11031730348215334
0.13459148849476898 0.15014193402851272
0.15585164923808167 0.15239226065999914
0.10200609819802572 0.12050635224878373
0.10869271565331842 0.12387277159431569
0.1493396754078354 0.15643374178271405
0.10645449213922856 0.11475296289607045
0.1264295717508978 0.1397073172321849
0.1151803484023942 0.1255972736041035
0.14582882126029947 0.1558505051918549
0.09795866708722051 0.10359289125814132
0.12830272377377194 0.14472438480889618
0.1528114443250542 0.14332514281171513
0.09909546681460156 0.10693558028634059
0.12712135332215801 0.13768731588242608
0.14183844844667093 0.15539901769476783
0.12603507249031998 0.1394698229797274
0.09978841089894493 0.10774926840650047
0.09725590595472493 0.11084888592854229
0.13806998646657234 0.13368826572393425
0.15017733835268443 0.1631631959057226
0.10397260716153917 0.12130543199318516
0.1183738661039436 0.13225002888676568
0.12801057985862543 0.13592294989193213
0.1273929631380061 0.13495884722144413
0.13032612072845554 0.14234751082520056
0.10045638552308654 0.11003698620204679
0.144513602460779 0.1549854002029906
0.12094834198743709 0.13703245174376907
0.13118933822501677 0.145631618681626
0.11300322345146317 0.12613984010430213
0.12055699019945086 0.12989944499426062
0.15025756970089882 0.1642803160062757
0.12876884157619237 0.14206742244141857
0.1384650084741971 0.15471373797923987
0.1406358867909227 0.15117091996414175
0.16701528118475945 0.17968729807992898
0.14163059607205633 0.15592899382971223
0.1401993264223599 0.15690079357409997
0.10289460109142505 0.11212790641582397
0.11520386276084413 0.1297536375777554
0.15859850073811352 0.14632135075699854
0.13855634873687547 0.1349860192241308
0.14606204735733525 0.15988543799787877
0.15357134692289565 0.14631258654788018
0.11754742724811433 0.1317905872192709
0.1533006743349643 0.1535302941219911
0.15278743082572907 0.17108898259469835
0.11795461718584158 0.13077187731298287
0.14299298016345782 0.13366616239941181
0.0986097594069801 0.1103018015638889
0.11542717430113103 0.12420282235693422
0.10932378405371752 0.11520469858212405
0.13213921658546018 0.12342827045050654
0.16086315274835597 0.17340907611538595
0.11705136992643969 0.1269021558438137
0.12116666946763115 0.1165430527978616
0.10544941712994309 0.09803965347995244
0.1307766859357638 0.13646853054724176
0.12199490425140626 0.13394242398186096
0.11879350482693675 0.12765990204130362
0.13656721498795288 0.13944616776552882
0.11167792204624351 0.11978703337662548
0.1173574532826356 0.13050233755501275
0.09800252410894436 0.10869719573026777
0.14859806803303238 0.1462605055367316
0.1319896216646758 0.14351524460962792
0.11794118026569468 0.13136750855954787
0.11514700543885555 0.12309519510368562
0.1514659391311975 0.16601362039130868
0.14576834880730472 0.15793405883078185
0.11873231955081598 0.12581346155783413
0.15166057496424293 0.16732908639138935
0.15148396089213828 0.16641771660126878
0.1276889487308696 0.14318190589304897
0.12942732789326206 0.14254162996726094
0.1091225303235866 0.11833448675655084
0.1281814452725947 0.13919103807082353
0.1386190260639852 0.14865966077898107
0.12957905675919093 0.12769399213386876
0.14231817557131288 0.15097764938653938
0.09501264109212632 0.10585603622435673
0.0990947209804104 0.11019258999791752
0.116911645702114 0.128648847021007
0.15190717281792665 0.1683142287705567
0.08980229402120496 0.09969877945279444
0.12813461023017467 0.14297859982452987
0.1340561086911895 0.14769538622482187
0.13276347979520037 0.14659330424294095
0.12735594908615946 0.14261790705357952
0.1273975769467537 0.1361269580469627
0.11759201667278919 0.1281525871210789
0.1313513117793673 0.13903112078045202
0.11365874048790481 0.12308496987261242
0.11856440033183105 0.13400215462883058
0.165595045468277 0.16535691985248924
0.11312757691629001 0.12416240283814821
0.07551775067553096 0.0887358831388601
0.09622891021351347 0.10497037865405819
0.11484350770078817 0.12036225834720428
0.10747745741793534 0.10706579970983217
0.13912376230160073 0.15422897031142502
0.1504861353240481 0.15122883970026363
0.12060050034520896 0.13444750780442152
0.1705483115427445 0.18498951432035313
0.1503706773963256 0.16306641210050385
0.09348400935392079 0.10879843071244724
0.11557456047543495 0.12646025510664813
0.12764724225423058 0.13838606408942264
0.13978998926637398 0.1483177048790148
0.1300383876753928 0.14265590885004586
0.14807032618369598 0.15897239434371802
0.13554871696617282 0.14801028999112684
0.12456045114370592 0.13624431537382178
0.13916899756736667 0.15059500407090567
0.13730084747545873 0.1529941507236423
0.15331500509164345 0.16514502678274234
0.10672566366721428 0.12043902704577121
0.12366179142683169 0.13575387661778826
0.11166970549166017 0.12345215098320976
0.10166354546421122 0.11313357486986406
0.14537720014501465 0.15523297869497293
0.14151152653000773 0.15278331361293568
0.13137571435820802 0.14292898769970355
0.11487660435711197 0.12548212425266334
0.10278322764057077 0.11251719934740333
0.1108676785622398 0.10722898645090652
0.11975282499515223 0.13820777634381584
0.13704466583467234 0.1517247973036051
0.14705016909477983 0.1405583170383331
0.15462972164921585 0.17219718643145165
0.10515453838417294 0.11917989655173779
0.1748648559294451 0.17143797985067535
0.1597411721622472 0.1757615126118339
0.12908554426100616 0.14260056930826062
0.12446041489866376 0.1354383276986829
0.11606757847717517 0.12820051596954987
0.14628046936728303 0.16311124829198362
0.1244437900756024 0.13441777244376582
0.11397531837329629 0.12113730813627824
0.09479466653049201 0.10666819286872148
0.09090927059001232 0.09719049113071525
0.13790461836580922 0.15189668884379415
0.12845730844269326 0.14469424085321722
0.10365109904650195 0.11679219813979724
0.145346412083024 0.15669423696256504
0.14256754686421313 0.15399933703388027
0.1306411991582535 0.14302309107365463
0.12187218837384474 0.1347378604267193
0.11471298565804104 0.12428809595726131
0.12358683468393679 0.1378922358702089
0.1539119138222169 0.16471756135990082
0.12279772878436607 0.12916915832365863
0.11423377318498106 0.1319369597448343
0.14940852386752002 0.16288916738005527
0.11853034746708663 0.12851281105642892
0.1471824932263436 0.1341915678098818
0.105236914793284 0.11535654958080652
0.13486602156275568 0.12592812037581014
0.13549219618542735 0.12628824171029562
0.15057604308018238 0.1605532645641173
0.09268802571436989 0.11064598455655887
0.13013084749543247 0.12812033809626552
0.1466481244700517 0.16047871681405912
0.1121562511098531 0.12457804138917454
0.10000147821491215 0.10836974045221041
0.11030789431571837 0.12266021575494458
0.13011384836866052 0.14505270345667318
0.08748727164726844 0.09814711440220564
0.1020419996881176 0.11102030314240233
0.13440987684721295 0.15212108465714533
0.1267430914628699 0.13786083900056897
0.14171814462246016 0.14722777761610237
0.13873019826039001 0.13007158781000747
0.10964735523411857 0.11508848736161609
0.10862998431644186 0.12081569526124787
0.11812697541329144 0.1293094612014273
0.10787487210315833 0.1204979809151295
0.14616576375461343 0.15455453677007241
0.12582887359056438 0.13172934911046202
0.12426850898215477 0.13812125225878577
0.10422303928453204 0.11889667402959711
0.14784281203768995 0.16161441309433777
0.12538710641228265 0.13481766529412542
0.10886692185184797 0.11747823483964522
0.11850378918335538 0.11253433968184286
0.098225552153274 0.11204805253854772
0.1314237299849601 0.1330969187099118
0.12355558267183098 0.13640771812744273
0.12010948144304896 0.13269587320011939
0.12770695283770503 0.1381242381649264
0.15262229637088962 0.14167791199123564
0.11326526243372172 0.12488875570211472
0.10625760621939327 0.11980967686632556
0.11835493640263466 0.13192690639029309
0.14767139128221785 0.16294871504877648
0.14159587825515618 0.15379930473227987
0.13375110904538046 0.14321304299388793
0.11636524764265083 0.13042768097070043
0.1452636003137437 0.15524872980981208
0.1434139446270958 0.15843130461621643
0.14207901394187059 0.157706088895044
0.13001971480777824 0.12450105206574291
0.1162682217658759 0.125801850066483
0.09675944654990848 0.11013794836843045
0.11200144136907368 0.12516489978706466
0.12421949039249161 0.12644981399296318
0.12988622817947962 0.14309275015526537
0.14283991869690574 0.1395998666406941
0.0862406709806706 0.09319883189518306
0.09160553623128301 0.1031931849483973
0.134895430610793 0.15331159895973773
0.14588167726387294 0.1390487144227427
0.14126603246811797 0.15423708188464844
0.12343704923006255 0.13167667565086688
0.1142735800522912 0.12247471247157547
0.09962873688968055 0.11407346307006042
0.11404508573402056 0.12526058937363518
0.1321206038696307 0.14248967252245107
0.10700680977303263 0.12100540184325874
0.1502316190288197 0.1666920728976669
0.11455887843570872 0.11104548322267849
0.17336647264360308 0.17002486158460542
0.13501604670409806 0.13516284007858503
0.11547729773915409 0.12838539362936766
0.12454301126934926 0.13268968198354544
0.10376019864363474 0.11657741617274543
0.10714383458322328 0.11622477086199542
0.139252269852267 0.15115324602880176
0.11664660043298145 0.11228668852601967
0.16404985585245727 0.1752961109453392
0.16361957539891353 0.17543496285261254
0.14424614229783944 0.15707166045488405
0.1545604066614161 0.15186145932019562
0.12402055793014348 0.13154811888229917
0.15248380005695605 0.1542047375696835
0.12065459179502493 0.13550346388082693
0.16131273008826263 0.1525451232172947
0.15104304637184005 0.1654920472025345
0.12838328063976906 0.13884065377780216
0.1208988070034549 0.13151244032471818
0.09883711556966722 0.11409379396082596
0.15561942176244864 0.1696143895046938
0.13439162267235116 0.1426393449037377
0.14968937974264235 0.13881696778734529
0.12853835577711437 0.14044112893097943
0.12822293801440002 0.13668538802850208
0.14830009655270107 0.1614897644512269
0.158935723037773 0.15539374555633356
0.12676885438556204 0.13834411295766794
0.09536145820714811 0.10581259519734751
0.15439505345103008 0.15703847823940953
0.14675231682899362 0.15893217906784182
0.12046010824853055 0.13522995477476848
0.14894973563640285 0.13459109958208929
0.1277205268661878 0.14475109126381866
0.12989913443011236 0.13924428502030892
0.10170416123071645 0.11596387688443728
0.13917287095000722 0.15304672932875668
0.19340044493610034 0.20833134355433983
0.10196963432985952 0.11277403863701844
0.1307733561791839 0.1438500669212767
0.11270325217802074 0.12491821909447555
0.12564554396190192 0.14150244865056016
0.15901751508621184 0.1695820425048298
0.10028122516465879 0.11109884425719072
0.10458042812657546 0.11555720391389825
0.13806044645080082 0.1477910630698621
0.10969251716485622 0.1186090982080188
0.1160424911608066 0.12814900023395145
0.14791589102712804 0.13773050086861588
0.14224896378249752 0.1399175157889032
0.11382460672158223 0.12456663718667216
0.11332229771048746 0.12014299269736671
0.10400856106391222 0.11627958196901789
0.15640853114306352 0.16880950711105178
0.1281364809265489 0.1423076712389675
0.1747993889084014 0.18536690811438433
0.12372628420278267 0.13090738785389855
0.09280558186948411 0.1004961507448496
0.1385397420361434 0.1290476056739723
0.12303581327247434 0.1337723566206629
0.12086478012758581 0.11549507069956348
0.11787424703531453 0.12878353559688613
0.13164404901450233 0.1252102061747151
0.13185564516177578 0.1443789786949586
0.1396372500487383 0.14607976542211723
0.11667302383040416 0.12649659127476093
0.15621536011626855 0.1670485003426117
0.10087588750932343 0.11480662641084358
0.10662920590777725 0.11967954831870896
0.12379608741631497 0.12987219094260744
0.15053196838885505 0.1416440344572574
0.1276331959472497 0.13486638057171296
0.16131545018516927 0.15229512094371192
0.10929404761485283 0.12236836370398191
0.15524005177466751 0.14297485542445804
0.16446648592975302 0.1730824489930166
0.12618805017735774 0.1389883960308421
0.13681475393129622 0.14912932913353508
0.12771617139534003 0.14321540224183874
0.12686539876839137 0.14030208109656006
0.10658480632135607 0.11789219800973978
0.11487443507907522 0.10014208311746614
0.18339122071679204 0.15637865477813082
0.14662252448385846 0.16488639563158913
0.12761777476592173 0.13818054796499044
0.09203929666771941 0.09550868412900008
0.1523885038051081 0.14902930839553824
0.13138254779130576 0.14443023238027689
0.1331695789218241 0.15020121919372384
0.13623837171704667 0.14284066255173863
0.1168491846984313 0.13533213007749423
0.13064270339724576 0.13932136459763117
0.16887380348100767 0.16522673886400158
0.09374735392120419 0.09985515519066075
0.11146304475333826 0.12390594087402461
0.12139105009200102 0.11453648879463864
0.1149990386289817 0.11094215060755397
0.13187816835453406 0.14223943945394127
0.10419003338206125 0.09231772145981226
0.10371556477873607 0.10992565097259298
0.13274125601148484 0.13187879651258858
0.17739744803487684 0.17752619728061653
0.1190604512874819 0.11223231188650337
0.11007086878283254 0.12085150297185912
0.11759416019241044 0.12974004999086544
0.16416994760192571 0.16741945576363418
0.13648814370832374 0.14953569090525426
0.1278987253907773 0.1435247073090159
0.14991743043145836 0.16287092785704788
0.1388865764590608 0.13529506511967643
0.12491892200529305 0.13253344085857371
0.1314777651324872 0.13729561250358527
0.13923692664245357 0.15829501706362348
0.10361833663233923 0.11329001311390012
0.13343141623753746 0.14792994225707648
0.09326534132040439 0.10094044243636292
0.13710032244422032 0.14660133064312023
0.13175452590456838 0.12612917884296668
0.0966172387264998 0.10937045373992046
0.15492438685281074 0.13944115487577788
0.14611643168070199 0.1610139524875014
0.1107817545683976 0.11960890609458105
0.1202894915956238 0.12993219705721734
0.13341500659900046 0.14431534021117226
0.12423667416127736 0.13474972632016646
0.146849994179723 0.16153540750886794
0.12571520669469585 0.13749375784099185
0.12466642669932664 0.13451581902999957
0.15450655826619503 0.16903808529098144
0.13744192365423896 0.14956943854330712
0.1454846829772927 0.1585352425623485
0.0947421055168296 0.10251342508752696
0.12536222787166995 0.13539794626817436
0.12727194054443586 0.1287180815866543
0.08236733062117908 0.08806460771910049
0.1448122198932997 0.14265599020809033
0.1266770780311647 0.13775526551010134
0.09942835248356224 0.109963447314725
0.10799688526385273 0.11998843832650907
0.1050287094596301 0.11725257856366417
0.1453381944675055 0.15210840601053455
