0.24060584190648923 0.28401990938089483
0.2252489198189302 0.268396597635974
0.24904175867486 0.2894815422417947
0.24103329873494994 0.27738010070928965
0.24567512011893103 0.28256123068219097
0.2384232089322949 0.27762760923449775
0.24816291131708235 0.2823941511784634
0.23728148460024204 0.27986055014225447
0.23477831859734397 0.2714456610349687
0.247686886137774 0.2844353864070695
0.242858740635578 0.2853320379730818
0.24306540037357185 0.2793277492906511
0.24833656623015735 0.2848093020614207
0.24609207404059022 0.28045161699932136
0.24405511550536615 0.27694970151095666
0.23691642135312807 0.2704863921669105
0.24495300300752465 0.27986847656253483
0.23485885677834667 0.27366095705534393
0.24295374986082996 0.2787319712136323
0.23721392032371194 0.2766862947328444
0.23736672756141394 0.2784235476893198
0.24919319160797704 0.2864221259863118
0.23108816801357618 0.269788529680359
0.2393746195949524 0.2732475989223036
0.24097411703564114 0.27853525775625987
0.2486014143797541 0.2874619105362707
0.2293529982774586 0.27015378098969817
0.2446734380555338 0.28271881892329515
0.2378509078456917 0.273359244638124
0.2451996274460383 0.28021294180143774
0.240253206492163 0.28047813020436346
0.23983677408054258 0.2760832447520395
0.23651571254992818 0.2783638553332325
0.23390225958337732 0.26769561756794974
0.2437446909392075 0.2780296209298709
0.23824598171204414 0.27679901073150087
0.24483104765021618 0.2842995310202361
0.2347035003911953 0.2718368907039401
0.23660874619537525 0.2782701799689482
0.2309148738786705 0.2701454980828984
0.22967962847676776 0.2716869323558364
0.2471026777217557 0.28121990762107846
0.24464003249058758 0.27674235568570393
0.2449212138932435 0.2790632077026302
0.23255464241874732 0.27302535199405287
0.24318134202695227 0.27570056227631645
0.24156257993848287 0.2746987362780045
0.23437877979147137 0.2728929319520169
0.24333462891197682 0.27659406950741294
0.23774909861442964 0.27748341844849034
0.23107262226668876 0.2682369283929471
0.23417743166913016 0.279654179024975
0.23892719264283102 0.2808096081244964
0.24521188239686798 0.28237240024968363
0.23684180231328766 0.27522440030890444
0.24077606971605722 0.2791997130114229
0.24761436678884288 0.27939516422155103
0.23054300794561497 0.2642620100917694
0.23801440949895103 0.2779037684036752
0.2308577842669294 0.2639471400153021
0.2506245001515882 0.2857208860614671
0.2435941078468136 0.2768268541288812
0.24416575532238444 0.27826299519605385
0.24880792427063464 0.27806228164893115
0.22911329895082394 0.2681091653356181
0.229108963757075 0.2698803599073908
0.24472910715503668 0.2774909262180548
0.2328196529649335 0.270404572031842
0.23870689779860432 0.27538748631326565
0.23136814530891409 0.2682210554640295
0.24063959648973687 0.2763156444638124
0.24116959384063272 0.27528025051847144
0.2518223907161779 0.2864230559781045
0.24350776071686508 0.2823143788280409
0.23180654284063565 0.26683041820292086
0.2448076844594414 0.2802950985605424
0.23223686552082531 0.27150273162202826
0.23627343772448925 0.2754364755036583
0.23798375118674886 0.2720548003067692
0.2463434691574372 0.28469207097717847
0.2454257367077819 0.28184851421978696
0.22509159143929722 0.26549374269513115
0.23663717921569735 0.270255293859661
0.23528877923068875 0.274588625025347
0.2338017237880402 0.27614120120349567
0.2381019973741183 0.2764276856445153
0.23386887544064977 0.2727845179945233
0.24356039799292162 0.2832960155244718
0.23594552711286032 0.2748469071245431
0.23522087345157464 0.27288212450822835
0.2369972871318827 0.27848912422272537
0.2361947851211632 0.277697911132677
0.23354849770656472 0.2734280005787646
0.2421191154890614 0.27510482180153245
0.23553034071381926 0.27634696795287966
0.2324280877981964 0.26724685167581885
0.23900489169378988 0.27969655927893394
0.24446657131547905 0.28644787255396875
0.24353804550769176 0.28177048472331173
0.236506168577984 0.2745924801319984
0.2399173829796117 0.27560650623444993
0.24180808354913183 0.27672335815775956
0.24368771212115894 0.28120514832475463
0.23829625585554753 0.2815403431794704
0.24419619697554565 0.2805866705932388
0.24315992773902384 0.2760283515075736
0.23915280413808876 0.27480186128051953
0.24097042313645 0.27152323466942235
0.23378307334990875 0.27401489117238165
0.23802941100968802 0.2811647761495631
0.24500242328081326 0.2815465541739796
0.24161210592015825 0.2816729430949539
0.2313035137053567 0.2757228768824582
0.24245058515035944 0.2763628155952841
0.24694051862581481 0.28402482920601263
0.24070087291795192 0.2734210887235627
0.24531950964324642 0.280046236871807
0.2406493003364088 0.27868818454188515
0.24266311342181365 0.28192229192204743
0.23414007708559575 0.27909104900385595
0.23911989788392368 0.28012448349740116
0.24941510748904294 0.2841000920421265
0.2321250047962177 0.27255781788057765
0.2269495959624089 0.26565856079594213
0.2420369845350212 0.2773724531405339
0.22457855148740705 0.26522819141508885
0.24025533151090087 0.27530723256192496
0.2386382452779608 0.2747599535214974
0.2401198545632917 0.27599215325527987
0.2374179610423979 0.27645804140348545
0.24690858530817972 0.2806356352649665
0.23617622728928309 0.27483587086249234
0.23202802705945288 0.27137442930055056
0.24306458962643054 0.27519580482747213
0.23968774883864613 0.27208656761615585
0.2361258649958683 0.27177564189342424
0.24500560457900195 0.2801345484656389
0.23093449492309465 0.27138592103808973
0.23612503855356515 0.27060213020999824
0.2476414874132958 0.28048573389843745
0.23205246134516772 0.274405201642408
0.23173233772947271 0.27493729829219216
0.23879201515741566 0.278000672731365
0.2439391424183822 0.28708535829832404
0.24280408969859124 0.2824233630708465
0.23425695430349278 0.2754373437399902
0.24136171543443685 0.2834357206582322
0.23097371408256984 0.27084007479380656
0.2324179556230104 0.27201900064096673
0.2386477873118585 0.28279509654646395
0.24465021766052356 0.27893476672358003
0.23843344366126878 0.27513475280345673
0.2342190082366933 0.28134414595228124
0.2462988796454366 0.2846324940675968
0.23446035605953294 0.2751423336305843
0.2376165662174481 0.27795122271204165
0.23602083315292882 0.2733129173153729
0.23273980466415464 0.27554783568390717
0.24370398763926973 0.28125836272848664
0.24066127402500392 0.2800947790551952
0.24120557092543835 0.2796832936376848
0.24208225370571335 0.28329391087581157
0.2462039200471445 0.27864189856872507
0.2449272496731179 0.2779360093101409
0.23392596338296395 0.26603571267648846
0.2339818074711384 0.2692721844354156
0.24529970383374802 0.2746393854339632
0.23363957465187052 0.27461627774194064
0.24529548945867827 0.27627435242531156
0.24166194121374124 0.27876915753909415
0.24582912570066634 0.28046954082521075
0.23736367602728783 0.2795342962069418
0.23459862121327746 0.26692735503918485
0.24784895281824113 0.2893502022652531
0.24721330361739222 0.2888918352101621
0.23413187467215685 0.26561512606154014
0.23497638561229947 0.2731886008723984
0.24043964705469476 0.2741241799535915
0.24276818679985546 0.2800385274017797
0.23976661959982856 0.27562460116690707
0.2286317713265794 0.2650258161966584
0.23887971372084163 0.2722200613928111
0.23309500829748647 0.2756489003625812
0.23661629674932697 0.27567683008119803
0.24127513591968927 0.2785076508917021
0.23670732620973228 0.27947474167428354
0.2480249671482394 0.2869531277141028
0.24153395872388514 0.28248851253299345
0.2329623586954028 0.2726401007646977
0.24441031614767336 0.2858550744294944
0.2404033620679662 0.27978891298403435
0.23869799376736148 0.27546206973740583
0.2370836905283233 0.27282575787571806
0.23190958309381987 0.2730441056267298
0.2297564574882048 0.2667835185149519
0.24449394350357298 0.2876905035482001
0.23515268258439798 0.2781055357238322
0.23295453390430043 0.2712583572808445
0.24064040328999353 0.2847547770662524
0.2421857626216101 0.2836930109612688
0.2384995127093773 0.27681995426692196
0.24289425722035213 0.2822748626420701
0.24512387578386774 0.27105469119910935
0.23846859883739102 0.2715799481520802
0.24213618833431086 0.27883681805687344
0.2424959898150796 0.2803795472424074
0.2487189967676366 0.28892193455570203
0.23616849342949095 0.26756713130237786
0.24401737817174918 0.2803066320103314
0.23868852690828607 0.2759852812803918
0.24491300613981865 0.2781343900035302
0.24386443625353285 0.2846442108091344
0.24167800618812224 0.2774312409764913
0.2401560295578519 0.2752017767953835
0.23631420566247333 0.2714903380372372
0.24944503678629754 0.2799644992454807
0.23582123205366748 0.27608960391159676
0.24233160353414038 0.2771765487428088
0.23165328910224517 0.2682877490616164
0.23878831726269914 0.27973983772692895
0.24611357083687643 0.2847027282163587
0.23344629661043753 0.2686229508752518
0.24438548990593129 0.2833691424721801
0.24320558980201434 0.2791084058542298
0.24435613220502425 0.2855734910804851
0.24172870562096552 0.2720996530152443
0.23072993407935188 0.2697633906150587
0.2381845487121274 0.2802460100521242
0.24260524816813353 0.28240073381512804
0.24656381969379682 0.28397998969587185
0.24306121404175 0.2796534580526203
0.2401125265299539 0.2809743925252972
0.23198336784355325 0.27486105321811344
0.23657913239810227 0.27204217007295445
0.23277296606300837 0.275175137332907
0.2365784955304149 0.2752218462213445
0.2294279300168466 0.26380741463055873
0.2406341726946172 0.2795170874709478
0.23957898527047608 0.26941766942004375
0.23705420400327776 0.27555017415700034
0.24075990439966516 0.28376777427660443
0.23373465831102475 0.2687453225753188
0.2400679641512612 0.27965383286411144
0.23715236800336467 0.27126472731977286
0.2265803190360963 0.267112240016766
0.25426836298685046 0.2873062888032145
0.25668455357637004 0.2881744269314484
0.24690061216843143 0.2825667202802184
0.23611151961560134 0.2745022496396822
0.2435277280889528 0.281720942183915
0.2376810475325049 0.26884623187527806
0.24158723330513895 0.2833208995738439
0.233687212352033 0.27195155720090963
0.23368394352770216 0.2763907596229927
0.23796689508180993 0.2727642272314153
0.24617605850679009 0.28558077596755765
0.23730960743578425 0.275051530089891
0.2342042472171202 0.27373765708036624
0.2442187418146897 0.2824612260460891
0.2358484319355967 0.2760625778786188
0.23555427780252627 0.27722725845702123
0.23431010410241426 0.26997793745330206
0.2462472519113807 0.278612852913373
0.2425818285915001 0.27635819784710475
0.2342756177813883 0.2738138657182442
0.2379196868236799 0.2735581805556578
0.23890004474463816 0.2731594472660616
0.24694370055324796 0.2842314750235652
0.23718447918027025 0.2706979023598767
0.23989583725870253 0.2757883550329328
0.2349200736164607 0.26904548514872473
0.24944108835679035 0.28613772402372334
0.23456993423862144 0.27782145885096976
0.23711059972861345 0.27239284389809176
0.2446212752089284 0.2799750532520506
0.2461051550178717 0.2858408529767457
0.23991828958150255 0.2782107592019759
0.24376180480183496 0.2777968355139028
0.24178787236621035 0.28080962351866356
0.24171388498157356 0.2730792592695024
0.23443725822390904 0.27192165553413605
0.23264834232065068 0.2638354395681095
0.2376499005896154 0.26851052092731553
0.23152750491174343 0.2737175808249815
0.2327687519148555 0.270369523675769
0.23360404523571923 0.2739404677727425
0.23435905478354904 0.2678728092868735
0.24960112689429984 0.28777490697430347
0.23158650446377416 0.26893762688762407
0.24485719555434624 0.2824144828858413
0.24138344709424042 0.28139357563807305
0.24517489592432984 0.2836300615021497
0.24299701709374427 0.2725651778613528
0.23401274357923135 0.2651925185165476
0.24922553138876274 0.2835678615763233
0.2292783890867287 0.2682766732006738
0.23661278775805702 0.2710592378612793
0.2467823963099568 0.28619169295269814
0.2398687082476868 0.274829292377872
0.2402823836146554 0.26819500752966613
0.2432649200365427 0.2781401138620882
0.23699397510915052 0.27279816970174525
0.2354671292345948 0.27145380715487233
0.23830328429807063 0.2780944766197292
0.23874821998539353 0.2790291394344533
0.23488818672982165 0.2759676145520012
0.24034448966979688 0.28014012125589716
0.24112452935002837 0.285227584964661
0.2359704750955916 0.27475277017375005
0.2408001928706629 0.27693077273289046
0.23649581802626593 0.27637488182194825
0.23749541921914316 0.2788989022987988
0.2329133064139167 0.2714061818927046
0.23864190132132482 0.2772556168291453
0.2338966835619318 0.2746985440793733
0.238001363696994 0.2801471175810035
0.24061979385097185 0.27612294443831903
0.23661093213351966 0.2782307470936226
0.23652823859069688 0.27940270615538965
0.22273986480814975 0.263493896553015
0.23403714735032274 0.27089695165294514
0.2438086452827403 0.2796399406842665
0.22510238646367944 0.27093278986910574
0.23369945917484192 0.2711953840365873
0.2363027024569824 0.2768416374448469
0.23158745297323974 0.2721985775475619
0.24841960410261468 0.29061800336591437
0.23295542435415947 0.27286544105552163
0.24932367771435288 0.28269726504463594
0.24346135434504937 0.27709646031997137
0.24205073149691236 0.2769071661832332
0.23980333135517257 0.27879811179282804
0.24159601965994387 0.27153666557803163
0.24328269633826832 0.27541072519378923
0.23712205248937235 0.2747902767838097
0.23859255824754386 0.27183976735895415
0.23389269534129 0.2701538588498975
0.24144787703485546 0.2794857478678393
0.24344491505230165 0.2820385969077215
0.23723063323107035 0.27564950633028307
0.2318239728473782 0.27597113809425616
0.2383663248185701 0.2735739239341543
0.24071079950161545 0.27824905732882665
0.23652203334628746 0.2811181683737502
0.24284847212447055 0.27657536527094273
0.23539269099985285 0.2777985833309912
0.2334418762206785 0.2709942298167276
0.237236330180766 0.27274603958490307
0.2377461339048697 0.2724905824830852
0.2433000554619444 0.28269758019884017
0.24280368216382023 0.27823685161663536
0.234891053258706 0.2741588308320607
0.2402927407708787 0.27761316387199814
0.24337340764460497 0.27825062530897815
0.23903969607336914 0.2780470924888045
0.25075199367909584 0.2874996723137514
0.2404520808388858 0.2852892331399867
0.2450298701903903 0.288517471322381
0.23766775032748252 0.27726051792794126
0.2360680202666462 0.2777155065714526
0.24017007637595303 0.28064726920884764
0.2354766360123532 0.27051600514992624
0.23720107283091932 0.2741025040912513
0.24328767071604154 0.27888435976288256
0.24511792759836648 0.28483023498587695
0.24406735375449295 0.2743600495669707
0.23892088565274694 0.280627551361173
0.23364679371932104 0.27389457303620923
0.23481007276051896 0.2741226135815288
0.23983631725170124 0.27392069022284127
0.2426038441973252 0.28477987425214096
0.24482489269749155 0.27666488228339087
0.23776382775248736 0.2692575785939121
0.24074507965599515 0.2792714925711575
0.24343669293718317 0.2808923843487948
0.23621028112612377 0.27084947083880806
0.24226705788899963 0.27747989095501996
0.2328885880144404 0.26771535342417235
0.23642535456921496 0.2733227016153005
0.22938501243393666 0.27397543579657124
0.23761932146204 0.27305647951057727
0.23778245675475213 0.2735203243120638
0.2392855040233676 0.2840840398998761
0.23967470683305656 0.2757230952379801
0.23595624864002976 0.27557622955985706
0.23449849980940138 0.2787653176852342
0.2479634653609974 0.28004176425303284
0.24924664029095348 0.28321664739895935
0.23960258440377602 0.27799319932734
0.2343297296608787 0.2732509112183091
0.24836675738018338 0.29287916193328817
0.23625420406956976 0.27371689699932056
0.2454703283417723 0.28217766568227154
0.24561054610075547 0.29177861563505936
0.23894840062108683 0.2777959289802225
0.23837996587272195 0.2755114359472405
0.23761274243897199 0.2752240591504329
0.2416217847206779 0.2805122376280117
0.25535971061531243 0.28301079860375616
0.24536011869011776 0.2877693541472617
