0.13408458843548277 0.17186067101455182
0.10221122604032969 0.13156230857926413
0.1473317422214612 0.17582038623094837
0.13845861874028806 0.16833405939797244
0.12690492614606866 0.15859595379653102
0.11938222928899139 0.1533414770128638
0.14262076640042523 0.16749489533299178
0.1236061617594426 0.15648138732030406
0.11895833188725871 0.14519548225727205
0.1378907718216057 0.1675063759644466
0.1282580557605583 0.16032081414666124
0.13443230215572116 0.15667165955034754
0.15359707300114947 0.18383936620364186
0.1354012174321197 0.1566001728614561
0.1281123170643001 0.15181339336885774
0.12645648094735418 0.14253781855987596
0.1531740217085447 0.16885224976162289
0.11453907131689103 0.14138148241991946
0.13538135505050658 0.15941581128180551
0.13430421719894992 0.16069364348203138
0.11140118334352997 0.14339662420565027
0.14891433062208778 0.16690279196569016
0.12170258372891878 0.15490847977739802
0.13147819263391333 0.15228412970332528
0.1296091754634951 0.1575668803844378
0.14034519124762115 0.17175678788635496
0.10605618158720373 0.13542522495091366
0.14382620063780394 0.16881550907089657
0.11940768811065618 0.14660713778655293
0.14709861000001154 0.17184139216427155
0.13953342097936575 0.16973581595691545
0.12888263982996132 0.1585575125970383
0.12805904366995793 0.15963135697691505
0.11784955635686015 0.1417445517274046
0.1377005765094748 0.16545385005269073
0.12195792761732319 0.15404208182890822
0.1417256327937454 0.17045358266093877
0.12331495430440552 0.14636234793942798
0.124266755800725 0.15257549022264677
0.1245764606969053 0.1495842635149983
0.1154333898446258 0.14134257334846795
0.1391501232470065 0.16709655447291874
0.1439567747678589 0.16515352394170496
0.14264276293252648 0.16363623195023969
0.11251678774138468 0.13914700607919006
0.1347996250261531 0.1489586511901341
0.1345666385263525 0.15679368255252868
0.11348582115969943 0.1393772546048463
0.12573343779182608 0.15340887996988245
0.12451492340260936 0.15258791583038103
0.12376600129265977 0.14558951870760156
0.1173168540766397 0.15014748625254934
0.1267431093553287 0.15962654524592057
0.14472991929839024 0.17205311364361164
0.12515791708345395 0.15092960708014225
0.13477082457164896 0.1669512409196815
0.14768753282471736 0.17209103325239591
0.10356667099476015 0.12178419558188157
0.12336153417659158 0.15322633345817463
0.11776917664413862 0.14189333378501567
0.14615236387025496 0.17667623520927464
0.13123593889194016 0.14582282736736296
0.13267822762361256 0.15389806437787423
0.14731204867036118 0.15312207062628425
0.11103272070975792 0.13973184575091735
0.11028000422075625 0.13666436239659593
0.1349576157787085 0.1622385986330118
0.11648762820038447 0.13859162673600492
0.1306130999870511 0.15747305227422595
0.11513330229225498 0.14047561022751998
0.1350694300313181 0.14901075264534272
0.1279746205917665 0.15413886926223921
0.14030210756972908 0.16884207582509253
0.14354218756681494 0.17146295858184482
0.11971516659255481 0.13988288394740575
0.1441896924587796 0.1666418968290501
0.11682255949309449 0.14938595558385873
0.11797087673224275 0.15003427482783835
0.11909477104955192 0.14021484078086222
0.1477116286892203 0.18049861598290887
0.14608796571982569 0.17339218953433563
0.10547628728487594 0.13655954950238508
0.11492518658882285 0.13773393307133322
0.11998382301510813 0.15138866793615458
0.11632408910067502 0.1499795605894477
0.1284786937484869 0.15968842804518465
0.12101294948446559 0.14989310570929384
0.130043116153464 0.1616805206247532
0.11643920147002759 0.14610764709224125
0.12068494017189735 0.14730192401630726
0.12245125154694768 0.1518185378362244
0.13016702154051918 0.1629504133090325
0.1184178502719848 0.15036510535261263
0.13103740618864237 0.1564952735569112
0.12250610985471204 0.15364551020939576
0.1114670116013061 0.13434006809749768
0.12949241843364032 0.15969733674521264
0.13810043629955313 0.1715682672749531
0.1294112719936217 0.16209288302549346
0.11984005381169271 0.147465515210038
0.12561103555862177 0.15041214782981582
0.13655498253113812 0.16259592528221117
0.13443318590850473 0.15968039874182044
0.11922920760044842 0.1539728807599688
0.1390746478279169 0.16359373544713926
0.14767853636647446 0.1664343241271487
0.13273488546196915 0.15819355674010835
0.12265380602176584 0.14601599857632278
0.1091183507641376 0.13799810925919065
0.13859716493716703 0.17319240137035904
0.1402112199945484 0.1662039482416
0.13569332289309693 0.16840574139890926
0.11733261483582921 0.152024855245428
0.12694349806009309 0.15584903241917036
0.14004096689658635 0.16281066175677641
0.11681666065090021 0.1402043562161822
0.1321960824850358 0.15400683788595765
0.13525386714467336 0.16242111683978158
0.12895961205580128 0.15814869679254656
0.12525665463097876 0.15526185475770748
0.13803035103609892 0.16781329323196423
0.1434174745532572 0.17060385610783158
0.12069168535923905 0.14863889672683825
0.11118494709187104 0.1332892214053714
0.13319295117292335 0.15829601610002508
0.10114612080865067 0.12846174316253356
0.13859682148624894 0.16506177952711323
0.13044947788819908 0.15748796307901566
0.13136106588619453 0.15842679122408518
0.1261327961998559 0.15335324626089714
0.1385730241777219 0.16283761342504674
0.12631670065451364 0.1552051903431252
0.11908630837348658 0.14544869240850863
0.13149327388958978 0.150201779164102
0.13002245395017528 0.14590100944726073
0.11435305621246254 0.1367154349674822
0.1347031402319413 0.1596854230105104
0.11179212839235753 0.14145951813901494
0.1182194996033345 0.14477307242249116
0.13618964826541083 0.15637228475514064
0.1173608549121781 0.14704218861864315
0.1196232813553089 0.14947555653721945
0.1230278429675043 0.15324440036241577
0.14511832310536235 0.1780999570856634
0.13301881824599474 0.16176314987626947
0.13311811344536278 0.16428266849879497
0.13927990516773064 0.16899149439237343
0.11473980067793921 0.14370219423031658
0.11334586980841486 0.14323421251980475
0.13295870634098464 0.16959620278055434
0.14023678183041557 0.1595060862415041
0.1225329683377942 0.14427128629485422
0.12680209057632033 0.16369112707388897
0.14176888203636798 0.17082864046774265
0.11547025233975705 0.14642407443585112
0.12877102318304579 0.15996355460154144
0.1319814441634947 0.15448204502112986
0.12305677427448272 0.1578729306508689
0.12910061381249663 0.1540508668758191
0.14037887583582037 0.1755228731183262
0.12882381860831807 0.15989342705740933
0.15213854268434507 0.18285793717972865
0.13712906512785766 0.15488965811816532
0.13306416292962583 0.15347557054781402
0.12635785471073968 0.145402935807487
0.11337054731253872 0.13926173171358122
0.1390146766056864 0.16115375906182464
0.12362025221824041 0.15599038307543645
0.1443655751243185 0.16236225886528197
0.12541015266878208 0.15089854994360324
0.13758605912244393 0.15513229939752712
0.12225286275448166 0.1550637184308948
0.12040598350809269 0.13762228848225044
0.13937391890618694 0.17013197307407005
0.1399140262151181 0.1747133190707752
0.11910797823361353 0.13936665891415945
0.13576193159643804 0.16303570269478185
0.12279084710227832 0.15055374233007773
0.14374804093553406 0.16973671980289162
0.12426478566285395 0.14544599584410098
0.1152983240603481 0.14190595879042156
0.12964644929780414 0.15022848124301147
0.11454939476284845 0.14063185679639303
0.13717698487710586 0.1674392180848446
0.13195869407519 0.16272492049103535
0.11629039614009551 0.1476079817580602
0.13538986401568698 0.16393564990742135
0.1330328613241489 0.16470816857188308
0.11864812729352343 0.14735734771893602
0.13202192507206337 0.16144245823999856
0.13840304165117018 0.1664706845006219
0.1261159573297213 0.15205267522550964
0.12875716663524248 0.1487782599741853
0.11931190332852168 0.14360544856282614
0.11636014139854815 0.13862945972466273
0.14859251001430782 0.18302233765425083
0.1259844551570781 0.16003986621614263
0.12375771388758564 0.15245001417432782
0.14200860636012197 0.172562392081144
0.12927174737777475 0.16040986936895163
0.1267039519910318 0.15716138442891572
0.14175324713333412 0.17200593977234255
0.13033320888153074 0.1433022807273656
0.1258229422979157 0.1501669701433409
0.13298865329823473 0.1625757824892749
0.1294420884695874 0.15980788442797064
0.14048457170469975 0.16863568043406166
0.12254425579361887 0.13954349399404817
0.12963143750023268 0.15866445981509963
0.14133580285730993 0.16512357907245095
0.14131803380880179 0.1692524198609736
0.14060172142454563 0.1732653587148319
0.12828057191628972 0.1554850154329947
0.12472404708226888 0.1504128627015887
0.12959906264401672 0.15749413812393223
0.15576861229140473 0.16868228953235667
0.12255622460459287 0.15121144422003008
0.12898066626579882 0.15528583907214072
0.12309968258950076 0.14352832151533032
0.128164506544759 0.15907902295583673
0.14850341574283504 0.1789988080723515
0.12268076410978543 0.14340743456931127
0.14243566253774043 0.1730920154440276
0.13733326780871277 0.15241419830005365
0.14459248748402856 0.16879844501326055
0.1282370653934531 0.1496471225003126
0.11305709042479989 0.13872641827768728
0.12149914346124992 0.15435392583071184
0.13428319419054519 0.1652470191829552
0.149133518444235 0.17888120560524434
0.13481583772633707 0.15754026649002
0.1295883464070718 0.16290064806478058
0.11904701091575884 0.15248320480683447
0.12608575128811314 0.14757014473516633
0.1214346550301033 0.15200576524342665
0.12175101595817206 0.14794361352846527
0.11104441569558171 0.13400420056633075
0.13564006698111467 0.1631818748262468
0.13358988509278616 0.15473689786791925
0.13013796699372238 0.15458016301630356
0.12240341350041996 0.15272500760074906
0.1313728821099605 0.15599022363950085
0.12137304307565785 0.152678359419052
0.11756772986635718 0.1418906462611007
0.10517106277476099 0.13416621156130387
0.1456065044577476 0.17013037239090542
0.16879132717045975 0.1876625053066809
0.14164430430131938 0.1685854458350836
0.12667055579096304 0.1560214847914351
0.13697076972763308 0.1674837102031165
0.1253857568098135 0.1435805929875641
0.13337663686766887 0.16459053700133422
0.12163510119416102 0.15328404763001255
0.1137197271017952 0.14474194002012672
0.13097034011345862 0.15546026809735652
0.14311847101515532 0.176141680206277
0.13113503434458004 0.162459030322959
0.11505591022503982 0.14623422698568198
0.13921282585658631 0.16670427332180202
0.12555666278814528 0.1584656124810859
0.1327589951518977 0.16624786581174134
0.12000846033431276 0.14257476221015217
0.14576361105233798 0.16601133916595665
0.13689115573218183 0.15802867564795212
0.11044117024704986 0.13659627700616003
0.13191209342534332 0.1538988476437636
0.13091121734008884 0.15029468467457865
0.14461514788203644 0.1703125384527311
0.11743843640339346 0.1430404539858713
0.13264659761613498 0.1544765560092796
0.11261881658274042 0.1357549811545761
0.15349872966167763 0.17989081516318786
0.12359721516250775 0.15242479149927757
0.13122381823491086 0.15286133857954323
0.1377822161331322 0.16386191053650107
0.13668233445703692 0.16408655949882334
0.13188763733041034 0.15845580905620146
0.14033755031465567 0.16426878170667064
0.12845863351547956 0.1578866615384356
0.1312348316797999 0.1506510765364256
0.12788527337462813 0.15235104313036027
0.11657496867309772 0.13046297530069906
0.11809940170874406 0.1357316234203271
0.1195590782212907 0.1478369383018689
0.1131546256470551 0.13847615087737092
0.1236421708078545 0.1536840993049717
0.12026208851713582 0.1452126419384118
0.14540445115833506 0.17339850913983743
0.12727123089528108 0.1574404780207128
0.1477042712764824 0.17905058432831603
0.1355749124610229 0.17041066389648177
0.13676461821503558 0.16154803216574326
0.13502499959841363 0.14933297040397694
0.12273850759719977 0.14131885597245544
0.1567804888636567 0.17945707171325959
0.11538578608779211 0.14362005899815913
0.12039435862227706 0.13859997040079716
0.14592956533246298 0.17790299964296913
0.12603450216954268 0.15045544318825813
0.1193805465734596 0.13937508846466118
0.13155526350024194 0.15408949005080452
0.12381197434387378 0.15002065240786225
0.11628055411678043 0.1448114751118848
0.12786069047199594 0.15553566221423185
0.1228958090866705 0.15237967707223174
0.11914590471857359 0.15157665296718095
0.1371711891848651 0.16233140892002018
0.1445545223375402 0.17478852096679576
0.12958078015599148 0.16398266841061104
0.137071598487197 0.16037755034027
0.12243043378386573 0.15301852634012078
0.12728356359196144 0.15932787844389176
0.1110369387633964 0.13916876267292005
0.10877294354353514 0.13674448296787126
0.12386461277428701 0.15336311162202235
0.1282249680213559 0.1639826500980116
0.1259359832237687 0.1480866693912401
0.12593743792505865 0.15507470592483424
0.12606274177908391 0.16095155514459655
0.10980480349151027 0.13625129570650688
0.1117380050704467 0.13555007120919926
0.1404129707526039 0.16902493147038883
0.11275840210013624 0.14057996312249701
0.12068059491120908 0.1469439887350159
0.13835962594657655 0.17080354628201738
0.11600762829272573 0.14778270634006804
0.13738151682151895 0.17196825854505007
0.11957484529250442 0.15000153800051544
0.14044097127301972 0.1574926832785044
0.12680580269680555 0.15226810709487337
0.1302327377060346 0.1520868180069478
0.12452068439324825 0.1520511466106683
0.12213016115050838 0.1446826412259381
0.13366652296750217 0.14906640207883778
0.11482713196605258 0.14073305351232385
0.12004988294867104 0.13893223111185773
0.13213244808463157 0.15470727991194774
0.13329347946701367 0.1631251198147533
0.129617993790964 0.1570934396727934
0.13481476583143084 0.16777524954823556
0.11721696419567192 0.14893728639413628
0.13850295589948622 0.16914582277593043
0.12566167866082215 0.1537588544376171
0.1204898798645234 0.15429452759361717
0.12315900684172187 0.14314420868010275
0.12698756115836035 0.16013029218363606
0.11822935115399859 0.14651922948051227
0.1193299636286016 0.145356251646522
0.11752014545800399 0.14037831860407296
0.13219620713897315 0.16617274553782396
0.13237686489977482 0.14625111524325282
0.1162772344739263 0.14134589436038708
0.12684651044901937 0.15501244276335874
0.13788271740154975 0.15745140674257632
0.13169653217381286 0.15912657931954005
0.15398193372834154 0.17676560965859203
0.13523539169593762 0.17170741302136228
0.14032352493206612 0.16816767371202604
0.13093134614824542 0.16021326920710854
0.12116726875869771 0.15163124509978632
0.13248439140957605 0.158586692261277
0.1174074029795423 0.14066933674725413
0.1234709093962958 0.1513246180605643
0.1347513024387288 0.16112240967537203
0.1365727099632679 0.17018032697207128
0.13730093678184788 0.1542536768249549
0.1279840176088205 0.15268004102688287
0.11887535077514898 0.14688196527052325
0.12059338270853363 0.14881878379076377
0.12796307149169392 0.15038932248588013
0.12761070922617682 0.16164431897675438
0.1313817908943619 0.15598416429012044
0.1125103454217532 0.1323912363693295
0.13674369676007442 0.16522698541371797
0.12561555411518677 0.15329656797438423
0.1212321700254466 0.14277106743623422
0.1258490402746548 0.14953873057714004
0.11616148849754386 0.1394990453639043
0.12182954383727955 0.14582623106572853
0.10840886308107305 0.1424629169852831
0.1289286572027112 0.1517595117520688
0.13021015905950686 0.15584154454181126
0.12798799016545173 0.158690125173938
0.13608972578630063 0.16062261600690075
0.12404852561316788 0.15298340166708022
0.11718453630507547 0.15067161470924614
0.13741147622439845 0.16111333319617516
0.15117805174817947 0.17214262331650385
0.12314877035170547 0.15471624914240864
0.12468006720583484 0.1506756194291479
0.15658345168935062 0.188304682988727
0.1182027297145304 0.14849369884196043
0.13361169803251763 0.1641182395803676
0.14030697294185906 0.17663504245129427
0.12936342661928163 0.16417642630332163
0.1340668312087574 0.16051011915728908
0.12302483657819667 0.15040445900571356
0.1348586873947058 0.15473624733190058
0.1557253556658998 0.16898216263465216
0.1475519809647981 0.1754021820781185
