0.22184085463565542 0.2331444199375011
0.23790479690067903 0.25263859809430356
0.25439804726307336 0.2585065387210287
0.24591125395713923 0.2535587359079392
0.22198989407608302 0.22919030123698006
0.24844245476709545 0.2543139785082369
0.24192092962153708 0.2578110097057537
0.25775619537674027 0.26678480647414976
0.24056925726830095 0.25162104165914956
0.2544252796363295 0.25733050048906836
0.23900404309159043 0.24354215775586277
0.23735574707187596 0.2480092475340286
0.24219783227678288 0.2571744200953294
0.2293688762331937 0.2428855367788278
0.2272251260559919 0.23649583308034708
0.2377201717377233 0.2525478490987281
0.23809504122333752 0.24689943982765827
0.2506438262660073 0.25527474963090424
0.23907339840414316 0.24615352213754435
0.24922488646424215 0.25934441684346754
0.24185911843809071 0.2538193480646928
0.24704448925905195 0.25944976094409183
0.22914543753066705 0.24053156174032508
0.25156903294590394 0.26593584940830856
0.247488559838082 0.255212623485894
0.24773133242089362 0.25963995149525615
0.2356953130897497 0.23871055565583588
0.2425087726885471 0.25377703180531513
0.23985224671253613 0.24633337557339463
0.2634497946458988 0.2731361447550405
0.2453034709942212 0.2537585377830447
0.24542576240498865 0.25332961111938307
0.23430115379561117 0.249266262876974
0.2544394023605032 0.2674316641722436
0.24008868103322176 0.24222148327093793
0.25316472725483163 0.2609032441900882
0.24162959980804266 0.2541965350970944
0.24834809945226718 0.25015947039173947
0.2493399161597742 0.256232288664507
0.25531609306721215 0.2619360718733672
0.23363843682293184 0.24881885602638823
0.25523841215899046 0.27184052130216296
0.25961092675241665 0.26643772108506864
0.2578010686455536 0.2720994631111578
0.2404738479543029 0.25073191161115577
0.2627517012165866 0.26561858613992023
0.24186806777097383 0.2559182820031786
0.24099967734463468 0.24563529370388462
0.24142279877596529 0.24851468831692194
0.2333973998975911 0.24135236717646363
0.23412332217737983 0.2482159701369182
0.27141533137420637 0.2815520829172289
0.23727902717827545 0.2519661064714702
0.23259801861365134 0.2449894334726636
0.23966601444220445 0.25410377801674017
0.27921981708792487 0.2839333831224075
0.23250163840183222 0.2420189372519741
0.2651154067845806 0.2685751095148716
0.24807896188511383 0.25939386506593837
0.2552703387019395 0.26269159731441455
0.24722564174473166 0.26209425780911894
0.2503231966784077 0.2572095655043706
0.23453479377326014 0.24910170299950327
0.24783335363924264 0.2617120458571476
0.25018534124532193 0.2614565670003062
0.24814105936779443 0.2559958233841826
0.2487324025675062 0.2590569283128465
0.24321676657530017 0.2537397318809354
0.24310531170211425 0.24743582487018576
0.25676981377996866 0.26121775421150295
0.23836042605385233 0.2447802395359494
0.23956070883338407 0.2566560945818593
0.22818192325651565 0.23401986992830132
0.24670998787740475 0.2552380467445393
0.26508443492027634 0.2686379900701493
0.2360285507601397 0.24635729304634563
0.2682100477787524 0.2724745265757509
0.23914453525809926 0.24933098169527868
0.23621906889727903 0.24820073840540224
0.25658700148537067 0.2658619387462906
0.26058002339043135 0.26985813632108485
0.24129831302261598 0.2510961556766901
0.23403734234846624 0.24443366521571783
0.2360793028381458 0.2467402919856456
0.2476301120865012 0.25837765697363996
0.24060802607377196 0.2536845401435813
0.24619991879390946 0.2538442885951337
0.25346660686270167 0.26380248805482276
0.2722718394627397 0.2807498611290397
0.24639616998819822 0.2549331014611874
0.24771713688681235 0.252237324455657
0.23586744294838766 0.24708569437279318
0.2509184146373975 0.26361717459721407
0.23587959288886898 0.2472792651312141
0.2534941098639664 0.26347804249287554
0.2435918417449457 0.2559073681761303
0.23616333097167505 0.24904180745300036
0.2558762873212123 0.26502928930718966
0.24102059445582494 0.2552356477754518
0.2651974598792118 0.2794805879449989
0.2295818861346217 0.23678505611179204
0.2605830308341387 0.2732002219949883
0.2307956988386524 0.24223722657086583
0.2746727483641144 0.2815895584303157
0.2487699481379489 0.25827122233388183
0.2351438599684331 0.24202474854162426
0.2338494939062716 0.2482443138668347
0.24990842664204369 0.2596225335176214
0.24157521974467935 0.2503373675499571
0.24049137973525078 0.24702443439700675
0.2702940107108953 0.278088996982673
0.22323890560581683 0.23273946903632498
0.25860205855430496 0.26607146777290314
0.2577140420466546 0.2630666453432325
0.24592155932577672 0.2560355959554721
0.24424034903999803 0.25453261675261696
0.23362521251450136 0.24081199644580395
0.23235395283421498 0.2436567515389794
0.24166169051507155 0.2491943301533001
0.25205833384600934 0.25993512333965507
0.25593561750226534 0.2675249937257533
0.26311645043102333 0.27256725647426333
0.2605621749074302 0.26781819522748374
0.2471779488145725 0.25703412708215917
0.24382771142445067 0.2548941275281207
0.2388138760118217 0.250961365676978
0.24428607400190935 0.2605303319734024
0.2339399552706155 0.2476607245492621
0.22858530124062246 0.23904915218340989
0.22919244937008823 0.24121289310324348
0.2631513920074553 0.2646812307049649
0.2593910651626958 0.27192826323895736
0.25072365435986316 0.2616443973252045
0.23557742923099273 0.24263055361241315
0.24513402624795 0.2525761068117977
0.253577914737272 0.27063562709425276
0.22854966398981583 0.2422580402802134
0.23616465597346734 0.24927032464428703
0.25498016293881903 0.2667178798079287
0.24213240888677168 0.25142116570152206
0.2614155813247302 0.2684266022658667
0.2631816698753045 0.2649406051940373
0.2576084062529146 0.26645036238742514
0.2510303432537117 0.259405836322817
0.22699649026514965 0.23828265996428274
0.2323932404294451 0.2428525330861195
0.2577192008075169 0.26292883392840566
0.2378365135617602 0.2525598348158266
0.2425557496393546 0.25402860665403243
0.24288912027008577 0.24911775409907516
0.24773724520360738 0.25592753818059105
0.23345582968556752 0.24318906201366275
0.2716592850612404 0.28087940111603155
0.2460256374095031 0.25076177921334525
0.23258499160864843 0.24216306213801658
0.22950942235922553 0.2401556422945567
0.23509838890161694 0.2453948203291548
0.25483772710828057 0.2613376589362698
0.2512493494428113 0.25414243135485687
0.23659342381801476 0.25081387719890913
0.23398797756204345 0.24730778929950328
0.23286211149069613 0.2491403075642055
0.2363132214916442 0.245482220455993
0.25003207506107605 0.2564503837984849
0.24499431630013677 0.2556040599452859
0.23218883042490712 0.2530346815145114
0.25185041147469867 0.2565651638043836
0.24225330209478793 0.2429954161285882
0.22000740705297983 0.23090562153052782
0.23699467430952667 0.2516168821942053
0.2285876476765892 0.2399166996896788
0.25165139177223955 0.2629781106046542
0.22698954907030963 0.2339353181559087
0.23660710684696015 0.25053713932708055
0.25391742848843524 0.2600527463877974
0.254668330411859 0.26722665101408766
0.23199187483020411 0.24684980522732802
0.25988201200390665 0.2705294451977872
0.2622421077514625 0.26822695227435545
0.2576370116188206 0.27135274896132067
0.2639592889910964 0.27526610030446425
0.25709097393819574 0.2699226943906447
0.263557313573722 0.26758057439711147
0.24036397507237278 0.25073159501702297
0.23882016185309032 0.24890700737564786
0.2417588243566883 0.2496433144798114
0.2619391771168773 0.2746293143392403
0.24855435641204307 0.2598592445415923
0.243145601364518 0.249068296830072
0.23073425585121762 0.2412223351917918
0.24166371189402852 0.2546668627023814
0.24596287311437653 0.2555844611099082
0.2577107621671623 0.2632063362247248
0.23704631539438134 0.2472765909817849
0.25946652273810505 0.273206280634338
0.23818219124242093 0.24484361671933022
0.24113311050850564 0.24877548114536566
0.24030192423751046 0.24572424168065674
0.23540178323894953 0.2449462376458018
0.25382873700074854 0.25997744783580085
0.254361725856757 0.2664565454976767
0.24231818102855193 0.24780832916133205
0.24711363289321706 0.25306705199133467
0.25378479464757003 0.26498794957830046
0.24586640787727554 0.2553661277626333
0.24520291379656578 0.2503528928539437
0.24922103419707461 0.2588935301101272
0.26103070452930255 0.2716938382238696
0.24610779770491975 0.2554178969057383
0.23754989176168026 0.24519609357841343
0.2453179299110202 0.24958974581403073
0.24385421304388502 0.2595164020134611
0.2539251582540918 0.2646654581523517
0.2370695611285316 0.24633043321048825
0.2219658805491658 0.23419720720061135
0.24356042085065654 0.24854388748376266
0.23642567784817156 0.2497178804319428
0.24167480455722654 0.24948676825333896
0.24205852715534323 0.2563167784930469
0.24241874589703039 0.24974996198670335
0.25171129983553187 0.2580353219218074
0.24375179336095965 0.2532197551338318
0.23454147883292098 0.24454583724160045
0.26956667749012697 0.27900039733817295
0.23483508073021522 0.24559851872911123
0.23196527396988506 0.24579770586208982
0.2336823843643922 0.24275307888955944
0.23689794698939068 0.2478540374252238
0.23871747035269944 0.25493185626919423
0.2436900641601587 0.2513398946976362
0.27132376018009413 0.2833732266658766
0.2374885798054266 0.24378618256323406
0.24692885635744571 0.25766229335324814
0.23183684350463588 0.24054952313474307
0.23420754329220167 0.24509265396791668
0.24414440774348173 0.25611853297158943
0.23914443870162438 0.24743873037397066
0.237796178828899 0.2436266545837963
0.2361105352407435 0.24671560903498418
0.2406758482806767 0.2490011220152194
0.23721978154587356 0.24703982000742128
0.25711395468454523 0.26687222680681333
0.24680583923199328 0.25791908522143064
0.23357425051347794 0.24447700683771673
0.25538907067570293 0.271477534298053
0.23522156264834898 0.24798380485037796
0.22506226719779435 0.23984434121810444
0.2538677143177931 0.26005768697163933
0.2505040135430767 0.2633052075896175
0.2448952006912492 0.2538741452247241
0.23701809014949646 0.24668809220645782
0.2535305719168608 0.2638839314585162
0.25778727447681665 0.26552937310719726
0.22945159226726408 0.24652956431395645
0.2448073766484053 0.2576802056352636
0.25013500832729463 0.2608531246313245
0.24604893219061688 0.2554567870979764
0.25733462476088087 0.2650368125588279
0.2397064643036137 0.2485546648570777
0.24828520450658825 0.25943896572172204
0.22941075098251718 0.2444452676166109
0.23735161217267634 0.2464004032795484
0.22725792497654662 0.24025650168532467
0.24281423711930503 0.2514042998342351
0.24420600586175398 0.2551618697808341
0.24851035097046217 0.2604354875009635
0.24987046127451604 0.2575229748965025
0.23422647641796426 0.24167399218828745
0.239660464835606 0.2449923805774129
0.24171196315487503 0.2512144645305245
0.24364299633485403 0.25034299939829624
0.22920167927952093 0.2356053233055967
0.24990512067562273 0.2622258066589986
0.24313704957896196 0.25196851091613937
0.24274620668872268 0.2503164854255599
0.24311438590472184 0.2531493914389368
0.2538553935341593 0.2645801920236867
0.2494035117476369 0.2534414483660216
0.2284332629342793 0.24417148774411432
0.23574075808203812 0.2468635589719308
0.2472596968319746 0.2578817849659867
0.2496558786691109 0.2632968480058796
0.22464837849360758 0.23530576996853986
0.23429269337176056 0.2441972936401393
0.26107522082909346 0.2741975580102181
0.24704113037401276 0.25749568181302246
0.22980782027828944 0.24138735468384692
0.2545831092829809 0.2653045428855935
0.24248822835939868 0.25722501934671654
0.23963379846956823 0.24604394768240692
0.23296027837738503 0.2436767344658375
0.24993655243361185 0.26247099450421507
0.2509877203350193 0.25559074113799524
0.2541603090503215 0.26691982238929146
0.24449926908469027 0.25876913882140357
0.24190717076102242 0.250551016470448
0.24315904816940953 0.2513044614463351
0.2362325525073794 0.24891351999416345
0.24456883797073217 0.2559933181856311
0.23074557089979186 0.24122099422463164
0.2583922539223771 0.26879554899237434
0.24538021860788584 0.2553957005776725
0.24054581694152052 0.25192300670782064
0.23972148973411767 0.246953809146129
0.24791240325541233 0.2574392035277351
0.24859935488595772 0.2589499507866189
0.25120886543178017 0.26011791167746384
0.25719653512249346 0.26967865565678845
0.2399403658065356 0.2494683722802023
0.24956846588709097 0.2601893650197216
0.24442793888478556 0.25513659055054727
0.2522125170908094 0.26032644148888223
0.24404685734309628 0.2540663902591932
0.25792034230414873 0.26729267823848946
0.24408548518911308 0.2527818931401045
0.2498977075002997 0.26572317832656017
0.2572601615071733 0.2688647323797995
0.2518745180573915 0.25730865918698087
0.2549424419093806 0.26686138355249955
0.2653411622341593 0.270448722795514
0.25084328334803757 0.26650468655500953
0.22794886241593867 0.24446455944078593
0.2692500264086333 0.2781096559418125
0.23960341912318697 0.24967157868224993
0.2404591264103024 0.25163712825644585
0.2412416532520073 0.24455940831920922
0.24420261784489133 0.2537310130488137
0.23188240616912054 0.24132221614712257
0.2433294278622052 0.25128295602953526
0.258893046743315 0.27295473136585485
0.23646093100627863 0.24865750010878715
0.24076902909603182 0.2519677719494484
0.2467271429738702 0.25962899354728713
0.23831034137857843 0.24807359679518853
0.23676877990601844 0.24924555875626586
0.2465277419204199 0.25659519667599245
0.2372037047342042 0.25185128410581736
0.2718810211444968 0.2875420410274272
0.23443134762319498 0.2388183986659323
0.26953673311621523 0.27495021807228104
0.24501419106910136 0.25882065363265155
0.24820040896529497 0.2545285693890901
0.2560380894521336 0.2634888085910439
0.25811284141082 0.2676074912279094
0.2552310147313047 0.26338815760658424
0.24496342216343767 0.2577298776208852
0.2415931971932191 0.25458098702551973
0.25561090584778834 0.268626407921481
0.2375108267946375 0.2472652632346673
0.27672789356912214 0.2874416531971652
0.25585248644181285 0.2640945025072834
0.2389495738634258 0.24843345731090585
0.24254930610855538 0.25577155650383415
0.26087489559727317 0.27448068437992434
0.24902185620570097 0.2570225369802275
0.23987442264741446 0.2469690109547332
0.24592048096687083 0.2551317122305417
0.2532810903141546 0.2642472937530689
0.23516783603780747 0.2458492545104867
0.22655654283764495 0.23630856196529731
0.24424243691873096 0.25454146506975733
0.2555443718153787 0.2592691058850717
0.2434846281794716 0.2527394791487851
0.21757711530638082 0.22610750577311056
0.24983733673227934 0.26151549578148625
0.24766449782246325 0.2596868248276876
0.2289654102565592 0.24324438094551548
0.2511096793689926 0.25638285935960603
0.2504222739799232 0.2577219783689017
0.23346726098639847 0.24112549461825045
0.24637802237235218 0.2563126469869855
0.248547985961875 0.25899926814100677
0.2304592097508978 0.23529699496338297
0.22719566326867405 0.2398908062319056
0.2429133867858842 0.25621347163460084
0.22617393484527037 0.23465560928103676
0.24275790540243258 0.2549374978259825
0.24284681343253914 0.24644470401701885
0.264292655523413 0.2765905847936848
0.2477651572042372 0.26027713537179026
0.22964363212960093 0.24428775015383644
0.24113374969310272 0.2598928765916994
0.2548305530091528 0.2668900395300746
0.25417529257093685 0.26500101415062305
0.24942454562888092 0.2554270164723056
0.2360294500867286 0.2482783693891534
0.25795106989307653 0.2668701512482519
0.23429127307315023 0.253080706154031
0.24434570985169554 0.25612535397227426
0.2511235503479002 0.2681485255073051
0.24759156428526036 0.25285679000649597
0.2443034911335136 0.2570544436506038
0.23249789793074685 0.2388472282062229
0.24772538446809406 0.2502181726527809
0.24709315390197673 0.2572455224285613
0.23918053088584773 0.24651217396301886
0.24940499856281548 0.2659598187763422
0.24307664714676785 0.2541414964732656
0.24991379535556837 0.2589743278334567
0.25578949890089936 0.26569659001567436
