0.09365583619502005 0.09907465177629168
0.12040783998441064 0.12786789803096835
0.12127183552342227 0.12491637015750459
0.13175986961979355 0.1388894062467948
0.09119389955822012 0.09625035614932022
0.11967104853441832 0.12673030309359037
0.12343622368961867 0.13257000883729872
0.12635870459461934 0.132136127116174
0.10786331913069623 0.11700351725090395
0.1385469816641197 0.13827855643570783
0.12423561906858827 0.12620125085807604
0.1047967494290016 0.11195524307393442
0.1134889413013682 0.122286824187157
0.10410780927719555 0.11124055476920158
0.09463774877319828 0.10206379031901831
0.12242038495478165 0.13302338611688105
0.10878117335721535 0.11614753853968263
0.1161965116378159 0.12072484436302082
0.10092234422689375 0.10758084333006641
0.13526843939580718 0.139565313100916
0.10595735554419806 0.11279568780184036
0.12470227143536879 0.13291161497692958
0.1007551465573034 0.10680330202838832
0.14185852783370406 0.1518078831046392
0.10851421401282511 0.11428399395118755
0.13058945707417455 0.13659290675441987
0.10197914408784538 0.10438167517601833
0.12052929439895511 0.12755051712513532
0.1163414861623147 0.11869038645656761
0.15070340988043 0.1586611051808386
0.11983197569531974 0.12405702140250209
0.1308041436407863 0.1340622737645934
0.10655404709332333 0.11736766051944263
0.12326894224092635 0.13236508726556015
0.12215288579554316 0.12366758833915725
0.1275461928211401 0.12976277854244675
0.1263531117399337 0.13587566216429542
0.12448837947558261 0.126927373519904
0.11943006836175717 0.1244083141384338
0.13930209045392322 0.15001289735450363
0.12018403075418879 0.12790170244587243
0.13122131593064318 0.14101974260208636
0.13997315881077319 0.14491325633138108
0.13261296057805452 0.14354894672495017
0.10364661609239773 0.11112756145194726
0.13960877978587954 0.14427263025581133
0.1404864729699229 0.1440539051713039
0.13268649015486575 0.13944466571338948
0.11693323683932452 0.12240458269734067
0.10261535294489318 0.10566252839372496
0.11820576072110117 0.1294716968760483
0.14672178107154624 0.1567833388952728
0.1042258013785645 0.1134117878918315
0.10210887530486398 0.10909128108852148
0.1314328948394976 0.14291348984155847
0.16044998426127696 0.16157564427188437
0.10731511691730689 0.11539137911738824
0.1516499631350986 0.15391574807453018
0.12349863613928239 0.1286584854788009
0.12064023646266024 0.12602820420624525
0.12284741896580251 0.13107409395167227
0.12724274346887787 0.1319682388818636
0.10672039202733775 0.11467682409148276
0.12428529829651194 0.1334917965654328
0.12429854121164784 0.13433398796830506
0.12736055072195973 0.132213669298857
0.1225776191615083 0.12432226786522733
0.12598609584939413 0.134376221916897
0.11986992744760495 0.12389864064782635
0.1319901248632375 0.1356107159480299
0.10575050000958318 0.10997549569679602
0.11448678433343401 0.12236563149282804
0.09871891296928899 0.10371583168249399
0.11186807447014979 0.11810903361999399
0.14241820588640583 0.14568881256175623
0.09937773004519088 0.10747044512592317
0.15126701933876702 0.15561959055484503
0.12647715110424898 0.13319494831495773
0.10240602596816033 0.10955319741486523
0.13358813632192654 0.13766817901629871
0.13924141074610655 0.14646459048616595
0.10300289611665919 0.10999092457131329
0.09930579026234375 0.10578556211617744
0.1152305217748551 0.12216515670564922
0.13130864295768974 0.13359145306741405
0.12512579754104478 0.13238872798950393
0.1241366176814906 0.12521506303149396
0.14172917058411968 0.1460061191342644
0.1611837376699573 0.16976364205023053
0.12212067519290193 0.12546654914822886
0.1307818090718991 0.1337987422675494
0.11489895237205998 0.12065725911202767
0.1364791084920547 0.14140825927883421
0.10991569203277293 0.11763594892040852
0.13032659294100732 0.1381351463277651
0.1276748806290956 0.1360458939001541
0.11013600762710357 0.1171486495162364
0.12413268204138504 0.13137933679300937
0.13090561078826107 0.1399698844203147
0.132703902673043 0.14451015881124557
0.09840437877684104 0.1053732028412116
0.14603603483837924 0.1546754797711363
0.11103868112775729 0.11690464083770041
0.15367467519125255 0.15863816019047616
0.1279247626180312 0.1320064301900078
0.10940943215350005 0.11495687653421546
0.10767052693105125 0.1136282007983755
0.1319226961495829 0.13577323747575984
0.12708100646228057 0.13399340743114108
0.11681220892092967 0.11932782527118045
0.1519985090550631 0.15464614045479907
0.10347320073458137 0.10818175923929217
0.13541947695087084 0.1417540902636707
0.14993287538029104 0.15159136548706562
0.1304080216985497 0.13489278323003615
0.11586131193686726 0.12336980285697464
0.11499720011245561 0.11946983480739873
0.11188967510651529 0.11987568650283267
0.12074830482058352 0.12543772637271824
0.13880796675353632 0.14279529849982636
0.14290886171786638 0.14923514944219657
0.1341875855595569 0.1416597661779435
0.1292816818015391 0.13137109413421805
0.12143684913239453 0.12737282855161974
0.12401001154300909 0.13004815992992913
0.11860655660161451 0.12606873274928537
0.14347575102261445 0.15090730432274546
0.10717668306315531 0.11585026657387706
0.1018456388304185 0.10776097827814049
0.10956962306332232 0.11516166665662901
0.13608889167116317 0.1369130551591677
0.15580320108900547 0.16416594523104547
0.13593663519670043 0.14625983494870454
0.10750699270682607 0.11117611910553378
0.1289904868441095 0.13520072830820778
0.13380791105890838 0.1456238469808593
0.10440797510188177 0.11179752486308189
0.12155629266089191 0.12724155954988767
0.13404719081977942 0.14165160715024183
0.11525373343664855 0.1227826070878683
0.14033448188512235 0.14308474453813091
0.13975044592086047 0.14089751522170546
0.16560073002022932 0.17130317682973073
0.1326982634872455 0.1371048371764661
0.0995387088843745 0.10552800319964284
0.09807790522482977 0.10453023972960303
0.13537711118858317 0.13817176956447197
0.10270817129713236 0.111820728164339
0.11464968356825044 0.1243754057055934
0.10867962975599862 0.11476422734479214
0.12331950689709466 0.12762611154263737
0.11494313267847711 0.12113527976031267
0.1496126486283586 0.15686710652434266
0.11925171431651027 0.1232577823414
0.1037627474215716 0.10977587637863483
0.1011440995152821 0.10782362335230722
0.12165825602294092 0.12636953073255935
0.1253870273364461 0.13032096866733964
0.13785196196453675 0.13970024878083767
0.10462011641641805 0.11133131044077657
0.09895065543470277 0.10614679715925736
0.12450611249588837 0.13413387950942693
0.11110710222590586 0.1181707572778809
0.13308665576343853 0.1360422326517812
0.13631957252606575 0.14213263969437614
0.10953084901237668 0.1213882900904944
0.1303562547727099 0.1324941680476757
0.1190609895932577 0.12054965418210144
0.09718496609197712 0.10358035975603727
0.11968108994413817 0.13089187600160376
0.10920869064120527 0.11404252137977659
0.1302412396433042 0.1370946861566269
0.10753559814750395 0.11018159290544205
0.11471524874594077 0.12279758141309842
0.13643849418640389 0.13490599957674423
0.12429538349824712 0.13159511730925838
0.11330650469901637 0.12200777845930319
0.13903926518974744 0.14325174936532079
0.13915348684064996 0.13994856122352803
0.14451651271510846 0.15013446010048673
0.15646495216832323 0.1646238454826657
0.14327060171439332 0.14927236181637815
0.1535850996712279 0.15294929576825714
0.11362526691040613 0.12048306620097761
0.1164995263859044 0.12151367909330094
0.12419739705449227 0.12626193181868994
0.13321665975246413 0.1412665574712744
0.13483370695599753 0.14325774352635304
0.11510029939605017 0.12204186193315136
0.10574687476773517 0.113064693237349
0.11124129585866739 0.12023419333063409
0.12216330015411829 0.12524244086065622
0.1453996942103999 0.14642082080046626
0.11860041694983821 0.12448679226212157
0.13712617777429498 0.14494473049484696
0.11091111337269816 0.11538698441578915
0.12725064894316765 0.1303406027549251
0.11999741771864582 0.12658242809797612
0.10814483991113966 0.11379775925274858
0.13349972241574956 0.1380364828153734
0.1377325118906884 0.14155405937343332
0.12275232840566923 0.12168257993630725
0.12862177862269958 0.12870897007055035
0.13340598791204314 0.14324808730197314
0.1253089715022124 0.13237128538446494
0.12304818180396451 0.12606439974739142
0.13659115023451085 0.14160976138233256
0.14452000668118758 0.15145037436083364
0.12995998339635884 0.13394920602888163
0.11888115307860277 0.12570905676643407
0.12402512596673934 0.1287881367478891
0.12361911620245315 0.1270884073784879
0.13114867200210006 0.13756419921865826
0.11465560047884543 0.1197180764498436
0.09665991721542777 0.10231716499396364
0.10855538874562301 0.11152832186234003
0.11223903265939048 0.11943890847181601
0.11659526971879078 0.12067091926321998
0.11523500375436313 0.12251043599523853
0.11503110795323414 0.11724217192614726
0.1236429472979689 0.12919718136357028
0.11670583798564016 0.12566074885980738
0.1045494487800773 0.11252212531340458
0.13990307247082784 0.1451299420787615
0.11379011345845302 0.12134639541380295
0.11350513277880175 0.11944611310360345
0.11056811458902091 0.11750962478407882
0.10345022101063311 0.10939591617391244
0.10239929911488851 0.11266878629501743
0.11179945240945603 0.11681594092741844
0.1657232283506025 0.16880603255884835
0.11790955153653676 0.12318753746757595
0.11536415163701623 0.12186223236579444
0.1145171461221729 0.12004894959364476
0.11471569296552464 0.11995334333621535
0.13350049877175366 0.14028114898512797
0.11333449603479069 0.11855087284080203
0.11311954788256004 0.11696942396888886
0.10260576571200652 0.10493788559751087
0.11595027035928694 0.12137068127083726
0.11179169356213274 0.11818276445906958
0.1535602271672152 0.16289812923179817
0.11143132473248242 0.11858185010416007
0.10159134574613171 0.10726641908038062
0.13629609068823048 0.14701413794950305
0.11828925195734125 0.12533042710924067
0.09628461542062677 0.10510933894739188
0.13408903441180844 0.13778006536682225
0.14137964591222585 0.14611686778657165
0.12068806263658173 0.12397708124664297
0.11630416272150236 0.12152131227920676
0.12820408376870054 0.13747907725965955
0.15499570544126318 0.15762988023512017
0.10015674755320811 0.11001862974623672
0.12376187699396428 0.12872737937309386
0.1279009631709379 0.13508170752613774
0.10945451100027367 0.11403888020889309
0.1304121547691562 0.13442680839865254
0.11093359261959654 0.11801988630077945
0.1172539795068503 0.12359781034409648
0.126432482510889 0.13525254483549104
0.1110920940269406 0.11822310757374903
0.10596627021951191 0.11594083719492024
0.1193432323507105 0.12494095010544307
0.11905853647357593 0.12625858708052193
0.12397872712825457 0.13043748228755653
0.11317741374465931 0.11806501185078369
0.10222192759104329 0.10941979995822367
0.11492592887607155 0.12045238039076718
0.1091374257544383 0.11544258168103147
0.11481762516417203 0.11902354607623221
0.1173872671995576 0.11837209344977957
0.13500361230029437 0.1437691188469883
0.1373356442222366 0.13769429449197473
0.11047859457665714 0.11360478950446225
0.12137425662021523 0.12829440687758611
0.13019129319269535 0.1384092732110837
0.12723878399945796 0.13186480335100934
0.10429700144360834 0.11425157944938766
0.11039019831443207 0.1157986954965003
0.13085085724099937 0.13760925897640672
0.11796590301042194 0.12826259815980673
0.09151134393313774 0.09810076550570726
0.1114511334557027 0.12046487814660839
0.13635919901079846 0.14635638536532525
0.12198444736958952 0.12717700048601074
0.10195438075897006 0.10814357366364497
0.1168936199704162 0.12212724156615692
0.11382897216708066 0.1202424687706443
0.10615708346250192 0.11345898340274876
0.12213371401719327 0.12889896247231933
0.14334514228672415 0.1526014219208295
0.13548481980250177 0.13658337693158704
0.126697530038026 0.13245784838991015
0.12917370355438526 0.13969364472465884
0.11067860272674689 0.11758060325398287
0.12094157131087742 0.1265803050350039
0.10741163351502486 0.11597658895597326
0.11893232495629719 0.12419681976773779
0.09667362831934331 0.10288632536289602
0.15001756663955498 0.15115913081277324
0.13282585549912568 0.13812923455943696
0.10956433216489604 0.1144975911940598
0.10652072790322666 0.11199098601142679
0.1226819720183571 0.12871040429323605
0.12033107225735792 0.12654531343419811
0.13032473513425297 0.13948646435139367
0.14991019415319884 0.15496096824336542
0.13456300869216015 0.13934358207078804
0.13203541680144093 0.13768465874464375
0.1250817393548561 0.13213905934067877
0.14846419582237524 0.1566228352783156
0.13089122210529675 0.13516356727587886
0.1327195746254128 0.1389638820923184
0.12453414665896881 0.13019437147624
0.11563880004729682 0.12297762631070108
0.135737809765565 0.14709136613361135
0.12992588148056858 0.12818011355049982
0.14486291181233293 0.15304949418490893
0.15247018361117512 0.1573263991281829
0.14210770974790873 0.15373171116509207
0.10708281931128122 0.11840077791076205
0.1722221318879803 0.17767830286680839
0.1018054188364104 0.1099764520527117
0.13050733226116934 0.14005431677269284
0.11318285466018971 0.11484299222887233
0.12552479198620176 0.13224823152163093
0.09587843029783759 0.102255560601971
0.1375578553248011 0.14577831637485117
0.13934245252670216 0.14651149757083634
0.11554741720634475 0.11942428769396285
0.10852884743329533 0.1149311899390234
0.12540822778352514 0.1326025342098263
0.10127192994670949 0.10691454793539114
0.11045012416490173 0.11645546996718115
0.11408773862866832 0.11988477451134998
0.11324706836620033 0.12163300172993116
0.153895579261468 0.16317351191038862
0.10427347233167945 0.10649155457144682
0.15163143321481082 0.1518202365588528
0.11151489676912363 0.12282189646815922
0.12534394488318926 0.13125558988448238
0.1273146931276104 0.13390891136593322
0.12702572506075135 0.13358153156126581
0.12720442837371357 0.13366472583799793
0.1401672463175524 0.1471491475348216
0.11470998480227766 0.12777462536727432
0.14116593770668184 0.14690039949943481
0.11017927345899457 0.1142321596757464
0.15245580517948704 0.15772145708088636
0.14690634535371142 0.15086225324565228
0.09951227076200826 0.10761110564780234
0.12167061597455633 0.13083407249920737
0.1367527951370867 0.14503350432993273
0.1328840934381942 0.13555274401339124
0.12524858255811885 0.13056054795967756
0.11859715476577688 0.12538002646382415
0.13079327187446654 0.14010874683001662
0.10230469630213025 0.11168064095267342
0.10093878450027956 0.10857221009402826
0.11978704169203243 0.12534932169059745
0.12870823638176299 0.1294625189527646
0.12207395170692585 0.12780800745552212
0.0911038871282301 0.09536366113603427
0.12270516668474615 0.13077513614324413
0.126894890568545 0.13399797597239743
0.11305578122012476 0.11922767855140566
0.13739331999297846 0.13841650775068745
0.13752889068596874 0.14024418553120066
0.10054558931417545 0.10210418371007547
0.13123486769284368 0.13851668767137926
0.12156139068501515 0.12939840058400517
0.09380941704968722 0.09560205338110056
0.0931118867588011 0.1023642629271618
0.10274713717869868 0.11280594246943418
0.10432891904689458 0.10814206369180811
0.12050281852270414 0.12707840608708162
0.11943978342340512 0.11941195320943614
0.14404231039658053 0.1486068978580699
0.1319028881290588 0.14006326072244207
0.1038765769295924 0.11223828727436742
0.11646167727894595 0.12575071598844526
0.13716906026467607 0.14280664310579544
0.1465835680592268 0.15207267513490375
0.13427239450008774 0.13887289839062053
0.10172010386195404 0.10770222039237984
0.12768747673090522 0.13469411207880327
0.1074613415365761 0.11900661401133107
0.13152178005816859 0.1397695238669101
0.131711745548212 0.14379368061363312
0.11658143556293975 0.1201550124495541
0.1407658494245911 0.14799056732186608
0.11572437413603279 0.12390604881565277
0.11832244991571199 0.11855914369858185
0.13380369007772322 0.14019473826254478
0.10696731397824578 0.11229608135634626
0.12082281381920523 0.13227485078877163
0.11208102256318697 0.12109164599492081
0.12600215247518914 0.13224554079614054
0.12663196478194322 0.1304293765309347
