0.28747890017318917 0.2929958837961031
0.2678440808231176 0.2754025800872508
0.2618356013335459 0.2686844656686592
0.262041864004709 0.26933859002039384
0.27839043200624375 0.28519595443017587
0.27075736937241385 0.2776338808267798
0.2695732498148399 0.2740704819669366
0.2752313933213622 0.28202372234453166
0.2619428828578405 0.27040148886848875
0.28621739509142735 0.2937915626436703
0.2709185784847941 0.2773553482817016
0.28037922823758865 0.28851988247787114
0.26513934721694293 0.2710697239020836
0.27595045450815897 0.2800225869286499
0.257899067406451 0.2663874213359213
0.2678623580898392 0.2737717944173082
0.2858855461453907 0.29217740605114634
0.265055994078686 0.2713136776522253
0.26433933066327847 0.2701099659076204
0.2662368062687164 0.27365322081174115
0.2692357035652238 0.27339868706437837
0.2822044422457788 0.2908834416480606
0.2543160611419974 0.26440488021597347
0.26784307410326524 0.2764097104484333
0.26644039067385 0.274237725711561
0.2735749371105794 0.2791382440350396
0.28580401498393837 0.29073144404526885
0.27327422562372333 0.27859683919309136
0.26909041301386166 0.2787665197397301
0.26981857312784646 0.2768093690783755
0.28523315895438733 0.2897643188334571
0.26490145503175283 0.2701361304773257
0.2736755701181043 0.2766904550218319
0.2676121696532142 0.27272753896907387
0.2691622198707857 0.2747406192824181
0.2917082663404289 0.2966221031796875
0.2685187305066701 0.2747109332683963
0.2706099484417911 0.2769212486110418
0.25343273082908424 0.2602504991588577
0.265700690815992 0.26962919931063345
0.2637429495608067 0.2703942287216514
0.3065131962690474 0.31330414165919
0.27201541806347823 0.27805575082761796
0.25800807716198026 0.268025826511217
0.2877181717094346 0.2947104933195958
0.289082788884898 0.29456707625543027
0.2697557306079594 0.27411231376553713
0.29323512048632755 0.29310603926510553
0.2700320600490196 0.2729905763102864
0.2673315362696303 0.275116139173824
0.2585585737336828 0.26545641173441087
0.26641576221429025 0.2699586912739457
0.2728822114235637 0.279538262063188
0.26671735420773746 0.2732932463941627
0.27135312717613863 0.2785493359370826
0.27013244452740914 0.27973422888795435
0.29130704688764497 0.29957927080823804
0.27744443155665416 0.28261121488697344
0.267619784544962 0.27853733070958214
0.27063955561770875 0.27388332224253875
0.2735667721594245 0.27774872826081465
0.2736312504634182 0.282065073635966
0.27416491785736624 0.2809034205977577
0.27328973961544667 0.2748759253513688
0.27272063193073615 0.2806817666697939
0.2905059919824944 0.2972620535925885
0.26088690720169383 0.2699858920477362
0.26719243741701865 0.2710316274600498
0.275355608062446 0.283881956318622
0.27400614496062525 0.2790270145060695
0.2561530534205362 0.26504193165971185
0.2688703681552492 0.2753379636229448
0.2602255902110371 0.2670149425161325
0.2624792460312403 0.27089844921119755
0.2651540802084249 0.2742854054885295
0.2733425354209266 0.28002703292150766
0.2632530621740116 0.26855721162211516
0.2386757274558002 0.2445353551533337
0.2675114166993196 0.27445246813770346
0.2757085266378851 0.27950499348839297
0.2677872186299912 0.27776186928954455
0.2575314656571842 0.2647616487560985
0.27892714481341424 0.2829221905304691
0.2877680744707661 0.28964594393685783
0.2674827395227227 0.2741393468799495
0.2908407081720282 0.2975073625858363
0.27618846522450363 0.28526525047648776
0.2807816673895178 0.28882433709044303
0.2561354219866309 0.2629571985174911
0.2695013656481656 0.2776351161548297
0.2706085084384381 0.28076875400555196
0.2973916226058632 0.3037141683391224
0.29110488169868615 0.2937211024017274
0.2681259477969305 0.2770125283904437
0.26920433779069675 0.27963142423357973
0.2770571913160271 0.28384525986774284
0.27433200524125495 0.2796149560908982
0.27443028100223743 0.27960309107201864
0.27004579752183583 0.2784875859123376
0.2735795367773239 0.2811784332828162
0.2691876463730307 0.27553028683927716
0.2568408899830674 0.2666507549626633
0.3041619751875746 0.3064918386103083
0.2828708992153791 0.28917906334485344
0.25318061336022213 0.2592878715574556
0.2772517572755255 0.28300680966297614
0.2651950201645181 0.27290185201327327
0.26667087093409064 0.2717288654808702
0.25427887884994055 0.26078469176836294
0.2751601616449517 0.28411939205884046
0.25641941306842725 0.26160425960023925
0.27562356778990665 0.2834434695247973
0.2663016310707508 0.2742195754239062
0.285606831188516 0.29273270808006774
0.27449866654103305 0.2797417831073503
0.28517334458555577 0.2902178300848118
0.2653098863264258 0.2730208681119148
0.2778534626673073 0.2825628326486666
0.28920226140965544 0.2954653955048753
0.2801487187838998 0.2862582181654582
0.2829209838888107 0.2907536061216783
0.255011378176591 0.2638149756973338
0.26517851473171977 0.27467767954987926
0.2873870468271089 0.2888918814519967
0.2860048636951257 0.2957329267184391
0.26294763922166214 0.26873280681715356
0.2913579462761571 0.29915638284735585
0.277596406906243 0.2831112373861433
0.27971881845794344 0.2888236490831149
0.26321921042294916 0.2700714743551672
0.2662051706885166 0.27041187486827206
0.26426084349751616 0.27194811411582226
0.2608425969406046 0.26724288763255094
0.2789033204799332 0.28368915750696067
0.2808936107847814 0.28666632171617884
0.2560515590082003 0.26347522052432293
0.3010315592329618 0.306258784820337
0.23716414201765496 0.24350077138394713
0.27054971087533297 0.27633312795195447
0.2824212390578488 0.28843235264130607
0.26670839091976384 0.27429041488504735
0.27458156826979063 0.2830962046897815
0.265858683030403 0.27121308773991076
0.27147879855514223 0.27984734457911686
0.2769037679822389 0.28563525927007266
0.2709517057854017 0.2778314736884235
0.27878211353140353 0.28740283405316414
0.2773071234149812 0.2796451280414895
0.26623779317773916 0.2755789744060104
0.2759131673570232 0.28168773970002836
0.2630911714620826 0.2694374481408664
0.2702646760004748 0.2773661638636189
0.27966625492624336 0.28623947135107203
0.25719185979367076 0.26682559774569603
0.2811367267049814 0.28743891996713145
0.28378158829599265 0.28747299186278485
0.26061770599605033 0.26778995599813804
0.2749168802820675 0.27949778753472904
0.28217068532110773 0.2857094623010546
0.29684852340703294 0.30307954323142927
0.2766632532454332 0.2834955313941061
0.26903235340608933 0.27549339676303414
0.27048845770287616 0.2760413380728978
0.27557383657304824 0.2829253320901157
0.2568378064971962 0.26264289531951523
0.26784397187307096 0.2717413375734187
0.24789584412057253 0.2533115589967877
0.2674168828564608 0.27586625709479434
0.27724352352618226 0.28389239828854285
0.28035854185979087 0.28583144527764515
0.2770754989330875 0.2817722950282798
0.28059582925432525 0.28818035466957925
0.26185748618712285 0.26898652228759057
0.29676591369909405 0.30306640083859
0.2778914346703975 0.28452057477235276
0.28327740534019286 0.28879522101795246
0.2654929746008422 0.2748250564573815
0.27692835947415523 0.2850930185901095
0.2726308758275067 0.28018599736527605
0.2615103313693782 0.26826581714648856
0.28217563505946963 0.28741738328549593
0.2547395576602859 0.26276670392136664
0.2499607297881925 0.2582724669924085
0.25792540693282034 0.26556024756974206
0.2779592527794794 0.2844761248886406
0.26510651528407525 0.2737487023378212
0.29853147290822357 0.3027053807404337
0.28500426967844106 0.2871739944537819
0.2645126229446386 0.27252351050767804
0.26412019367204975 0.2713417451070976
0.27661591172981775 0.2835855907785264
0.2745167024737054 0.2786847513543787
0.2701394835367356 0.2778877860132182
0.2838322520258586 0.29120963866665833
0.28371549098988463 0.2896383267024048
0.2811312667359686 0.284035292256765
0.2859518469405938 0.2897091667512999
0.27828610557040795 0.2838892354085226
0.27464653518338367 0.2803161980301787
0.2711383973862286 0.27666270761857736
0.26624559927445957 0.27484064118590074
0.27990050870301625 0.2854459641689714
0.26891802450221064 0.2778848619220486
0.2731175648479473 0.28051831327679044
0.29129526856809496 0.2999847804214343
0.26977838169648144 0.27659019375460747
0.26813469271977974 0.2730644297597193
0.28357864888480333 0.28967969016585937
0.27319653377392633 0.2795857573481472
0.2583165530604982 0.26532784789299896
0.2673001104168174 0.2712095964006385
0.27668559312905205 0.2832802062446481
0.27079424553067327 0.27889922803589207
0.2742613118936395 0.27864490791411756
0.2553308589698505 0.25968831947229354
0.2750983496314359 0.2815549271284319
0.25721127657718035 0.2609145790311731
0.27691953052486473 0.2821883881139618
0.28181213380692227 0.2878459021880136
0.2943519891713386 0.30238771167514755
0.2741537694457027 0.2828276805297963
0.2809309865291574 0.286651105479789
0.2740107291480848 0.28151233064641396
0.2756233174489928 0.28354367758831317
0.27762294911608226 0.28436783625308204
0.27120668395893277 0.27668726283674966
0.26460694808980484 0.2701736125636928
0.2646251066525445 0.2727902583844196
0.2739905268965586 0.2811257219380082
0.2701694324379872 0.2789468013243138
0.2577547636588222 0.2648198847858705
0.291625261296708 0.298848248918224
0.2697282372101212 0.27530395049336887
0.2712417979927278 0.27814291383765144
0.26467791816877145 0.2701537419592905
0.26658405892036374 0.2736448346197337
0.2755763599795898 0.28198606156130546
0.2695163732004463 0.27575862259079054
0.2808044277073882 0.2869782647952275
0.27768118316343243 0.28543320127105926
0.2846345580846661 0.29116459575709563
0.3072882124049274 0.3120734676435218
0.2578690060129558 0.26447031998730564
0.2726662168643772 0.27692217921924717
0.25513418060656223 0.26169417064370004
0.26991406174717186 0.27702122506565224
0.26354251719154664 0.27209048288819426
0.28714257756842837 0.29321167256178016
0.2641757253860759 0.26842548024942614
0.2583099588123134 0.2663057513243107
0.25855311480637333 0.26626998796251383
0.26675297868206715 0.2736678961230372
0.2594886896932013 0.2669939716158245
0.2800233517949447 0.2824691910950539
0.2730721525664179 0.27868017464622447
0.2681588707407136 0.26998334276166264
0.26975428324288103 0.27858863799711187
0.2912965777905939 0.29781708636206294
0.279536817796866 0.2818516419504391
0.2594744541190949 0.2697399993085625
0.2761725310096881 0.27900771462852275
0.2509112478500435 0.2605890199387326
0.2784650087094785 0.2855795872493154
0.26925604736686526 0.27588942468481875
0.2725699490572162 0.2764494336553312
0.2656078383740981 0.2720950696473458
0.27014726297025127 0.27686600958684787
0.25873150650202875 0.2628505556646983
0.2664769275073324 0.27317665567838145
0.26639472181484397 0.2736396453742553
0.2820558925310739 0.28175585001125536
0.26046311604729705 0.26749490538039106
0.28302890001651393 0.28800180181442514
0.25784883825529115 0.26443090807382785
0.2819755196142782 0.2859895544261437
0.2974916541383851 0.3044680951350272
0.27683490340817984 0.28088389346198755
0.2725338512782368 0.2743904725203413
0.27806685067356895 0.28322883197710896
0.27150812134774194 0.28026074615306235
0.2731325620649832 0.2827858262437638
0.2727869019205506 0.28044381455787276
0.28803232896862163 0.29536672312202955
0.27351129493593795 0.2800894316596375
0.2587625266061349 0.266037161596698
0.2790219237586812 0.28414401433386605
0.27923790614238475 0.286018527162342
0.2853512899449956 0.2932064733212352
0.2854519023689521 0.2897516296791362
0.280515742675589 0.28521695982224854
0.29144631748172317 0.29412053738420413
0.2713706566782083 0.2779903608548828
0.25247066146965075 0.25560102047752864
0.2804515952218125 0.2864715616265964
0.2624607451880831 0.2675351729521562
0.27777057050043547 0.2824413225237629
0.28753102635690725 0.29700460517220534
0.2721326505613917 0.27858063997795157
0.2695798674143525 0.2751732018546569
0.27424083929383447 0.27691787790578
0.2776876855905032 0.28239736384716774
0.27351117707665507 0.27950954233177305
0.27344498391744865 0.28156754726061156
0.27177652896205545 0.27919555203106317
0.2634314418655213 0.2689391272440711
0.28014625994334985 0.2861485977911115
0.2684306719037736 0.2774021431621863
0.2935368571089618 0.29784745132106105
0.25416479307658285 0.2607807384323284
0.2687028777662901 0.27480146520999243
0.25928376448937673 0.2652557446053396
0.2673482806102644 0.27594003366153375
0.2745048450855674 0.28251656559705113
0.27265642525837763 0.2785222369324793
0.291847799296035 0.29678998355732256
0.2776992560735847 0.28335939407786004
0.2534995081859575 0.25871572539201265
0.28405781018148224 0.2892139736929465
0.26012376655169556 0.26309837063944086
0.27431571863260373 0.2830427139060835
0.24653742701053916 0.25478288742268784
0.27865989430317734 0.2829176889621828
0.2754991102632597 0.2822958062843303
0.26420045996463226 0.2697018166662364
0.26390834970805166 0.27141432147256295
0.2634075096791371 0.2701425599786393
0.2419838980829924 0.249653372656024
0.27464751163977724 0.282281120275351
0.26686702287925257 0.27360228445268137
0.2806715550801585 0.2851797613374424
0.2792462228804962 0.2871226963142995
0.2568496305526681 0.2602207591321996
0.25823852836512334 0.2626236783523213
0.273059736935616 0.27930991161826785
0.29515823881256287 0.2996976835280044
0.2560806610034334 0.26377267887954947
0.25888117036226493 0.26665738669590106
0.27190423483454984 0.2754976716286682
0.2730552580029799 0.28028841162331947
0.25360517372881586 0.25407264316032774
0.2620879037499369 0.26903082746442103
0.2841819328764326 0.29071206001830896
0.26887334999956664 0.2740454740572803
0.26472203016190965 0.2672118825658457
0.2560419203073933 0.26333674342893587
0.24942753656199457 0.25372356748864805
0.29425579059925416 0.30274947591769974
0.28524523492208487 0.29171574372123277
0.28328775985687743 0.2885739374934219
0.27016058043315544 0.27695175599598265
0.26318937418285204 0.26714991112948505
0.25272875315535176 0.2606768739907477
0.2754528186236009 0.28296137489861617
0.2831542472359481 0.28866764969290276
0.27607519465350466 0.2840942547942262
0.25594258134385584 0.25905115599150424
0.29206183245792283 0.29837927742499626
0.26845470950531763 0.27196108520463047
0.26834959865280367 0.2781248117411859
0.258206150373447 0.2640162155179047
0.26582479671883275 0.2715524122517302
0.2715262232993137 0.2790449946662062
0.27546218736803796 0.2776343205304657
0.2863224227305929 0.29218741844038204
0.2728732856049726 0.27718557974653774
0.26909446722899005 0.2726412762104992
0.27717566359032825 0.2849554751044623
0.24081602568459767 0.24828834657146734
0.28141467190654657 0.28961142536979795
0.26714069044067545 0.2736978308309805
0.2864657193332358 0.29449722396898925
0.259171032552518 0.26524117555806676
0.2603878624726975 0.2704944133870071
0.2497766817841897 0.2539741905142819
0.2717410797655883 0.27650323006344746
0.2857048783321168 0.29376618675058586
0.27044410113594236 0.2764650594208483
0.2629567392585773 0.2672280205655725
0.2634654843216315 0.2697631372502371
0.2627238814042101 0.2705931239518242
0.25981454972128243 0.2721627560726742
0.2745260964361665 0.28159969871680224
0.2714105342021185 0.2746047528409524
0.27361881804691146 0.2810237907469129
0.2725973862846085 0.2776603144075263
0.2604556119253322 0.26680742440000127
0.2634239225484569 0.2702396400756003
0.28257540588842034 0.2878630835808864
0.274691838935002 0.28065973905119596
0.2608627857829759 0.2688889495190886
0.2898063171469506 0.29541444872805506
0.2645899304771438 0.2722503259298037
0.28267836713453065 0.28874205492645316
0.2633321786046745 0.2688436510700319
0.2710765480704773 0.27926481797737857
0.2762814562551773 0.2844750838040413
0.2745552486923903 0.28080554933957225
0.29674813859020843 0.30151723296505106
0.28250862604402815 0.2878899195281667
0.2703454582496123 0.2758590677981376
