0.1828281471810092 0.1845508295313983
0.16541966033958075 0.16936655874172557
0.12862092741213382 0.1307497793274114
0.1449367477459048 0.14903080438216024
0.1591376721495125 0.16127768817162072
0.16684604380336657 0.16923390001576633
0.17546368740039262 0.1779329671096428
0.1338460812219226 0.13486658832221898
0.13083725569178103 0.13615459158798177
0.20959662553991648 0.21658814049237118
0.156621064146278 0.15965265388990874
0.19373192015978014 0.19677858559613548
0.13494644442520454 0.1385198156587263
0.17213185056912164 0.1753722615121585
0.1243565480983834 0.12844679064132494
0.14684531086351107 0.14737755786175244
0.18396405177620598 0.18645586811984374
0.14668093645855942 0.14927941243028559
0.13968406044460027 0.14218994966959836
0.15344636267788983 0.1584676984166083
0.17017616193820473 0.17317904550632218
0.17968858801787344 0.18286345568758158
0.13216376456291784 0.13763960763348482
0.1439580414766364 0.14642148573567387
0.140230358493007 0.14626351329960624
0.1796380798886772 0.18231768802191894
0.18068224012884515 0.18496256665444952
0.15241890436772954 0.15550959427330596
0.15260551100238479 0.15615408105090847
0.16148929887079677 0.166757038470857
0.16597176642271744 0.167595360473371
0.1699709987498543 0.17303104512090242
0.14153103701332093 0.14215916813061727
0.15176256932119123 0.1537062213241287
0.13279061963349162 0.13472637345444427
0.19190388911801642 0.19512504851728513
0.17534609981881036 0.1794692887849021
0.18569646033539478 0.1891190240532408
0.11526293853731293 0.11907499835101361
0.17602439643001894 0.1810907269442928
0.14363765819201246 0.14780229994704547
0.2545293577612085 0.2598458221744994
0.14328532263024243 0.14720744363736457
0.13956393236047546 0.14487402326920643
0.19914345045360887 0.2024399554115388
0.18291523234722407 0.18716826730217861
0.15523108028630098 0.15749862271137188
0.22967156305062536 0.23120459691124293
0.13428979586996137 0.13318890124686303
0.17224801907970275 0.17539058924311396
0.1261173724771466 0.12845216120113861
0.15733620942701831 0.15767448834033038
0.1330334050986888 0.13599550734833474
0.14566380643945054 0.14723285459768926
0.15495852579627206 0.1593402489502528
0.16663790010530738 0.17229901937754574
0.16151409616407628 0.16379151351207805
0.1942444958640877 0.19754215997253569
0.17453428201530866 0.18030769923755663
0.1431239848417236 0.14161996437942553
0.17833827203690755 0.18054402412988674
0.1460289068998883 0.14724555021257507
0.1549860104993025 0.15775877530782284
0.1405109955506167 0.13934023491055378
0.16650046599347604 0.1694357875655486
0.21211804615685853 0.21363513281830668
0.14714790598820573 0.15099865041419835
0.1432473984388015 0.1447264627831809
0.16537761988961092 0.17068089980243173
0.15339640404047442 0.15253718768621982
0.12249682722201823 0.12588365055842776
0.16007226509827374 0.16106910284977735
0.13104566646063495 0.13284189175962594
0.1367901982187941 0.14045261405585266
0.16325658634881543 0.16736510284471096
0.171462402219157 0.17546099746737792
0.13397901150542407 0.13363529930349327
0.0982418423736987 0.10054988353925864
0.14101608556170175 0.1433655649435214
0.1539536653674403 0.15447542917519322
0.15506766259173038 0.15841767197056922
0.12051310247533116 0.12424337931385532
0.17822180066560153 0.17980323589873062
0.19925453766329487 0.19787946362535233
0.15176913911656292 0.1522436655852588
0.20496671366284389 0.20821965891469482
0.18298907494070316 0.18858914258233545
0.16451506172330244 0.16783115473983862
0.1282779769648858 0.1299298794845624
0.16457355878527877 0.1703581200213963
0.1697066932676734 0.1759025777675602
0.20545905047540416 0.20728357792981314
0.18206517933108488 0.18147203992407332
0.16850774731506835 0.17088029373362956
0.13251804395653066 0.13673885502410138
0.19051375108373192 0.1937379101052375
0.14726777636426377 0.14839434416692174
0.17440955187756238 0.1781182207757162
0.15532804961642166 0.15768243446066932
0.15897296493271024 0.1637088206559705
0.1483898374113814 0.15256801702921063
0.1281290840788257 0.13272566064145702
0.23222705372743585 0.23351232457048993
0.18730547383304197 0.19160088786844817
0.11506962317009038 0.11668540195985518
0.19109019957694495 0.19253466549588144
0.17239852365830005 0.1743497546812389
0.16508966214683232 0.16691511107300266
0.13919730919192408 0.14314343059383644
0.15739881966300892 0.15941546476041152
0.1329305507429574 0.13562750603407422
0.15242169726151458 0.155267563111463
0.1379938869150189 0.14099194985971827
0.19290949208962116 0.19801819220567182
0.1371875927338273 0.1370550696560112
0.1702591217408134 0.17305276181806117
0.15956912060837197 0.1642156797937519
0.21366483042854542 0.21766051594958985
0.19308257860614866 0.19725149397330352
0.19662312912047966 0.2010158023597156
0.1851274669380918 0.19109872039684314
0.13009670434553766 0.13309408770112768
0.13772881901276712 0.14237776077935652
0.1613886588490324 0.16082899032296727
0.19065667739403233 0.192917876326715
0.15552091047229918 0.15865133152185282
0.18392034394206208 0.18968989981779225
0.14031240960318161 0.14234195498923993
0.15226458103018123 0.15761403150190098
0.14239908717637348 0.14384418728503534
0.15581810008939564 0.15707073930872845
0.13120986952072541 0.13483586861180624
0.12397371578778732 0.12813212659408177
0.15130577362566944 0.15181696067722872
0.19271059300165777 0.19686969982343347
0.12314674617039763 0.12572948531016281
0.2651898995352086 0.26842707198558574
0.09795082579344613 0.10159126657467124
0.15808943362245223 0.16272203019243137
0.1682822628804021 0.1691505519559594
0.14372325738605252 0.1479886084659012
0.1716817981053099 0.17561864154856194
0.1295771711126961 0.1307773885016732
0.17460176094484728 0.17813190554670694
0.16084927374142588 0.1652084000983463
0.15241754661110593 0.15597185442599076
0.1543936731427036 0.15923129610442044
0.13979734746507919 0.14140995367031875
0.13500827961255646 0.13822829071135043
0.17735425135812574 0.1812095870224562
0.12740808064745374 0.13047921003513563
0.17668170597886546 0.1791617316144343
0.22417350399840286 0.22728592473328196
0.11825453129714061 0.12437632848444302
0.1820714951760704 0.18524134442733983
0.19338533295598076 0.1930851707791716
0.1404980698182831 0.1431903624907926
0.18149860979841156 0.1829520657634061
0.15197592476759147 0.14950770595160803
0.22186657325114115 0.22572600315300506
0.16197842005000374 0.16579858778833043
0.16437636955105853 0.168045276661473
0.12789582084712808 0.12916808118895895
0.141894973957432 0.14393753930564515
0.1542673773601625 0.15710702338852983
0.14105523324264405 0.13956036978749836
0.11295520785813679 0.11585469244183083
0.16741928187085942 0.1718985296228155
0.15751872448483378 0.1618211716116305
0.1764948678328132 0.1769422783490758
0.18516364046097333 0.18552326561650934
0.18163028323572933 0.18494248315106387
0.13531712900709725 0.1410841231216826
0.22529321926261364 0.23095246706748815
0.1761574216662338 0.18107163971959384
0.17987751788630554 0.18250307987237005
0.17499996437388882 0.18239948722768046
0.16749419407625385 0.17204601763644492
0.15967078641440255 0.16143953372557207
0.13322761157537139 0.1375498878345621
0.15017063295709404 0.15247580634436497
0.12456947713798502 0.12760128889658126
0.11897496688522648 0.12209160990947562
0.12222912888892715 0.12309566126320232
0.19034066276121966 0.1932393577436554
0.15256490047315302 0.1590432660923647
0.2324893460544401 0.23715470413367026
0.15477842098585237 0.1550114603021211
0.12049870351211056 0.1267348407163958
0.1462987460754018 0.14752247228744286
0.15552099005596923 0.1594127840280283
0.1476402396553367 0.14953597087237894
0.13696779929040293 0.140349037179432
0.19279301837592028 0.1968328651404886
0.16085164491909348 0.16549734522325285
0.15867412450692572 0.161050181707697
0.20384162197561287 0.20655593610155976
0.17278796137845245 0.1772066954318638
0.16026045365503847 0.16296822247011333
0.15986621252407918 0.1607316535414865
0.1534528237551014 0.15801965613122576
0.15646488670902553 0.15883683521052555
0.1646343265849542 0.1684993941186085
0.15765564028781476 0.16035354769363153
0.21476996036608706 0.21910339006128102
0.13007968108159088 0.13381087823225424
0.16100376074313358 0.1648278693860369
0.17315015614733079 0.17574762310570755
0.1479617952939439 0.14979137355911806
0.13407112525646053 0.13675914065454484
0.14385936843021677 0.14523710862286784
0.189578015098834 0.194204430964408
0.15119575431008023 0.15683267625580052
0.18555970272025538 0.1873254024641982
0.13035909834709747 0.13180667424936643
0.16679227783006584 0.16977686961074284
0.13340090730718515 0.13428505051037448
0.17545582370965138 0.1772001003938487
0.19150249058377217 0.19615091797523923
0.23155721463871679 0.23659356780518986
0.16242833052300074 0.16799334085149367
0.17872784503577407 0.17938017009464374
0.1687105527770754 0.17227889526249657
0.19292046276074556 0.19706041367611077
0.1418344656615358 0.14628222580634553
0.14107703687435197 0.14414792157044806
0.13521733997148755 0.13898250528169317
0.14879971314639476 0.1540868298675527
0.17913498791945223 0.18335093094734325
0.15028493457883854 0.15362376732340022
0.12316646540721328 0.1263007686584144
0.19158726678330407 0.19746902153154863
0.18414317656096488 0.18578335110052555
0.1519534546370198 0.15365002100665742
0.1265685423193875 0.1282504706709155
0.16514203723373239 0.1699955845261464
0.16202441353423958 0.166000064391001
0.1517417752269451 0.15425732426927197
0.14434479519416535 0.14744954625420628
0.14482238438119757 0.14727650006348086
0.20480939325093103 0.2091286110115726
0.2198484732100732 0.22247898724724152
0.12893700764504268 0.1325340669643677
0.13667767931965163 0.13803407227951536
0.13505965993316646 0.13867656153035507
0.1777689582337056 0.1823521766496498
0.16314242316055924 0.16925676449246352
0.1707817971393877 0.17100795019075773
0.14149407766615638 0.14212327630758267
0.14946585670780324 0.1529235240552369
0.12787676777892323 0.13154053039203006
0.13877071899390636 0.1404626262245404
0.14182917714570084 0.1449401902087462
0.15281506098827688 0.14971038515035706
0.1518553696640684 0.1538670272872557
0.16397719073108463 0.16233306349138882
0.16155874266252634 0.1674492351897988
0.1620897701298609 0.1651139365877352
0.17668258338028844 0.17808382546534027
0.12657250738624695 0.13221403833100084
0.17582183759046102 0.17864630662951783
0.11307030786629886 0.1171511100001736
0.17315402297819796 0.17899887434667194
0.13752727549534155 0.14271526563512274
0.15477275317770006 0.15682427982237598
0.14116223721063004 0.14310878586254888
0.17322571982520027 0.1765173181025285
0.13221950302544946 0.1322962854641218
0.16302209538218623 0.16405762502355586
0.1795261474132538 0.18357787735011444
0.15341449808366886 0.15017340565577283
0.12319612407185487 0.12721882728924336
0.19991244125654847 0.20226978682283706
0.13458567628557636 0.1393122314269797
0.1766816639309103 0.18000008142380014
0.217611775083811 0.22091680623311352
0.19146618907173762 0.19327279444054452
0.14456885291090465 0.1443242331949213
0.21583160035933915 0.21767891274454723
0.20050059228425707 0.20412651163822026
0.1459976605268241 0.14896856579715606
0.15666888268730528 0.16083098522653108
0.19313285019511925 0.19848219808789921
0.205739532506245 0.2084868571609892
0.14927392319948085 0.15110992725017247
0.17192646052971916 0.17649984804192526
0.1840577871728537 0.1877634018233999
0.20428009350369414 0.21046562361543078
0.20243396629259383 0.20413047513331384
0.14902549250834593 0.14813832236746438
0.19836098089301207 0.1983030266197582
0.17066806304754376 0.17289157814498116
0.1157615789107323 0.11690221357737487
0.17373231255757704 0.17573237544357562
0.13188601868821012 0.1330174739363968
0.18083772292687356 0.18304614441792288
0.2147354822020008 0.22187025757426782
0.19376155243803084 0.19773663125219082
0.13842128832252706 0.14173711562805769
0.16507371203317753 0.16420263288764553
0.1831870217664413 0.18427086317981167
0.16009373387264483 0.16065995769595923
0.13392374279365699 0.1384700693679173
0.16536536157516238 0.16967692225067518
0.1392504154962795 0.14087172778013024
0.16104784148552664 0.16216438972989247
0.13892864987241618 0.14456427413054573
0.2130848311671638 0.21695247684347757
0.14446359444832865 0.1496549239033337
0.1866659613640351 0.18851953478238118
0.13033267803736948 0.13404985016794355
0.13831670043239852 0.14078699499408476
0.1443469522280298 0.1491656209750438
0.1842077897885043 0.1880994401803977
0.20078115379672262 0.20200968221507462
0.18476240106996578 0.1869261513615035
0.1388617570081268 0.13996421338088053
0.19296728533650312 0.19635839369617167
0.1336850110844846 0.13424599981122912
0.16180208960124645 0.16429531573511388
0.12435812974298743 0.12794041210741647
0.16442171696887437 0.16651144542502272
0.14112180507620842 0.14527832618396072
0.15153817259916888 0.15486654042717563
0.14107100522797544 0.14413488697435636
0.16667234217482718 0.17057889054509295
0.11074950099245232 0.11363625271732715
0.16218740032645976 0.1665746682287213
0.14042251726087754 0.1407787539262209
0.16484778214808396 0.16385550218643555
0.15284050152490897 0.158086141415372
0.14038705000571727 0.14112016161344904
0.12145801741395011 0.12186855765611879
0.1526042842346718 0.15554389177679456
0.2276811946886077 0.23196180194417937
0.14124258822503896 0.14755043866653883
0.13402591876113387 0.13816516356590758
0.1437551841659599 0.14480635513659565
0.13746415240913293 0.13964323003936208
0.1215796435805109 0.12014671779053818
0.1287597609348099 0.13070474436026552
0.15816387038682947 0.16152288737890122
0.16505235264618348 0.16512573743035722
0.17333946211659404 0.17391451925629034
0.11451704389477768 0.11954840075403043
0.1269737230036653 0.1282051407028907
0.18588487177766896 0.1905455426528958
0.2034628303966102 0.20788126314423835
0.1714035849587172 0.17371795917550534
0.13825574650147313 0.14189466547272017
0.15822300783456128 0.16010614193521427
0.11409506436529987 0.11805565784516217
0.1451195263545969 0.14879700453217673
0.18281677878835362 0.18698429681774167
0.13349609184411018 0.13747514351243822
0.14162101760433532 0.14111724700011388
0.1678788538643388 0.17272873270316172
0.15519388136265858 0.1576543950605635
0.12656229085752277 0.13081000304007903
0.1297632963989393 0.133774725995155
0.15154164593516078 0.15320899493247522
0.15669587935167148 0.1591436845127424
0.1771974741780668 0.17616619757556803
0.18828583145252153 0.19259521987544317
0.1518931667432927 0.15319186112089087
0.1444503587733335 0.14700100649749825
0.18288746501597988 0.1861289408496815
0.10589808034316939 0.1093721398920247
0.16335668457682193 0.16720758855020218
0.1653573555333646 0.16755946456932394
0.19415369895778825 0.19754014563919559
0.1255324767942239 0.12847952471503088
0.1239537504267837 0.12917037205026743
0.1303681532441545 0.1309693154652997
0.17732028914022896 0.18047842048010965
0.16462645260998254 0.16912730331172354
0.1658747727135742 0.1676454344183904
0.15213170641875587 0.15514739449072915
0.1419253587315209 0.14353006087729916
0.16995376955068736 0.1755022427948967
0.15083858408884868 0.15688960086233317
0.14501312277879544 0.1459290072499106
0.1377970471432067 0.13886662657803203
0.16903810715007178 0.17337945195903304
0.15835602366337478 0.15867645858567275
0.14514705553264629 0.14612199884599164
0.15675466504115115 0.15792524741906694
0.16138099908746215 0.1637925636082877
0.16989157952734185 0.17349064120756902
0.1232497301602393 0.12848773147477952
0.16833912463483458 0.16922491243158
0.1489486834265837 0.15310931169099679
0.1676179978992929 0.17070308521419852
0.11899395096572768 0.12088428754950883
0.1485042027630537 0.15080414607469392
0.14072140990596202 0.14495062638387526
0.17953114404202256 0.18312106647498705
0.22039957105082109 0.22233890016442687
0.17318213932994464 0.17730098153133397
0.14100130062251395 0.14412733509833392
