0.28300204055012934 0.30030669189124953
0.26931560009617544 0.2898608292075707
0.2617077468828186 0.2812649758774961
0.2695315840007436 0.2849336606753444
0.26161971352303665 0.2780394790267579
0.2717619459558157 0.2863908873555667
0.2624617365321983 0.2844071166599254
0.271637448169943 0.28766469808957507
0.2761795319181401 0.29863659566251427
0.2714569059108985 0.2909203087698179
0.2711404568185807 0.28577955826744594
0.27150729967296583 0.2891156748215887
0.2693278819091209 0.2881769853695363
0.27118027804594536 0.28565037220170325
0.2889759766157646 0.3049673328732678
0.26796731453984296 0.2856145888754679
0.27772767566651013 0.29886763590063853
0.2751899919857519 0.293928155379086
0.2629821763262449 0.27848678726585296
0.2656237068507819 0.28693696417966963
0.2718642397385476 0.29093550555757075
0.26760074422947755 0.2858912915388509
0.2746279608369945 0.2913760316507338
0.2657966628764673 0.2810151297649445
0.2629648090843343 0.2807008114400755
0.2580768373743286 0.2784753093192622
0.27649629397355074 0.28973637663024393
0.2672059686719652 0.2829764925013355
0.2567330440326535 0.2774001059653953
0.2784443700700507 0.2991766717709178
0.26094339807449907 0.2825409896670888
0.26007517975078626 0.27548277779785274
0.27453852944091695 0.293917938427718
0.27994327684868725 0.2942939775303639
0.27066174593197706 0.2871159642837093
0.2618042542523704 0.27941728080298495
0.26913995071713315 0.28699727755389276
0.2629059807484809 0.279650609761076
0.2797756334409767 0.29690388014050967
0.27255652305453926 0.29191032868981154
0.26250595191347087 0.2853906075183704
0.2747766815411332 0.2906646596958608
0.2688588668470573 0.28603314767866095
0.26233968923876694 0.28231100240080687
0.2698424797106926 0.2883323173480229
0.2695175105322414 0.2962704966487636
0.2787810834010295 0.29693730379595723
0.26159865906220425 0.27979473387773046
0.2700093340730313 0.2878127132880679
0.26887356383961963 0.2850474226426934
0.2774908646591501 0.2930256095785021
0.27819902280885156 0.29598849700159985
0.27360104425379295 0.2874753341490167
0.27673695293227163 0.2964910134282313
0.27209915297314047 0.29172606424666425
0.2832517900032985 0.29720732691531565
0.27891063716799247 0.2984545892062727
0.26426877207448335 0.2843217998464381
0.2862454493635304 0.3051684898506687
0.27798545337635805 0.2902154440767068
0.27112777944796246 0.289737673693044
0.2720320917772079 0.29372567210908407
0.263914932181225 0.2820317549889819
0.2715827501094745 0.28675313508456857
0.25805893280543674 0.2778477983358153
0.26696326864804604 0.286877359969886
0.2846336974910484 0.3038432891111826
0.27425542539259157 0.2935916838517956
0.2779297995546761 0.2950659535910378
0.2667880762453826 0.2861232164145904
0.28006606722000377 0.2942543990579709
0.26619853641207564 0.28370755370858725
0.25808956927592563 0.2772797319209096
0.2830775881882928 0.2991937469205663
0.28397609876639734 0.30644507285174355
0.2688897954690943 0.28827829991861453
0.27383725739214976 0.28953757015421155
0.2716408829744707 0.2889915276885079
0.27399224615613316 0.2904773680842348
0.2747321036095658 0.2947122371886192
0.2639547204814783 0.28253615649966457
0.28195756773061154 0.29971928097651196
0.27321114820151216 0.29034377310913395
0.2820793421190988 0.3010440507976756
0.27781280880403514 0.295778714869435
0.2692926103464297 0.28710061112164376
0.27079656293524856 0.29158702127243014
0.2600508517340217 0.2754217397027034
0.27308040231149366 0.2926879731824091
0.28483748783017954 0.29949926281175887
0.285556577031681 0.30137285420127863
0.2796910351772534 0.2968950326204192
0.2610057945775882 0.2788469336929037
0.27893412041114496 0.29761312213950597
0.2858502365868031 0.30460793747930215
0.27658124880569374 0.29019462086409864
0.2794582367604216 0.29970373513044246
0.2675417848918813 0.285225098556909
0.27343836242866965 0.2909082783929175
0.26631506768860147 0.28274260735982465
0.28053161997469656 0.2927343193320848
0.2658220540938098 0.2815238540541934
0.2909489458630727 0.3083256598383657
0.2661499187778114 0.27950841656788716
0.27127046762183404 0.2919706793188642
0.2694589865061281 0.2850467836126381
0.26575565035339194 0.28395555472716894
0.26737806106596435 0.28702672395795203
0.2825700657184182 0.2938667224099618
0.26723608872259486 0.2775484512863926
0.27688253346046393 0.2983109676326971
0.26415691276505726 0.28626227391284503
0.2799500675878035 0.29265126232260574
0.2756933772867463 0.29131330359466456
0.2565184571396998 0.2703185496871281
0.27507328602199965 0.2908658042156812
0.2634428718849089 0.2820380039188781
0.27486815904742146 0.2886171635406433
0.2593947873777431 0.28319550882071676
0.2655721309800879 0.2802456289826943
0.27531234730088755 0.2902051876958634
0.26600296465512263 0.2831799814333507
0.2903786628233223 0.305385269077613
0.26903864492413093 0.289385463903709
0.27550318259369794 0.29046119881338445
0.266117423690513 0.28115848184182496
0.2636294962086074 0.2833565332839061
0.254218070857089 0.2696909277029231
0.26882465335792893 0.2868891905868255
0.2756303734729451 0.29307227683856124
0.26716509240553876 0.28912891069039165
0.27745400193370234 0.2969883401196465
0.27318622029901474 0.2881361020808774
0.2779455590602613 0.29421219074503463
0.2871022873609157 0.30630476837829584
0.2650039843419561 0.28585128265990645
0.26512451743089704 0.28221201951873637
0.2601031374321711 0.2757651371096808
0.27753292582631595 0.2925520828633568
0.2631101596401518 0.27513991676096977
0.2778016714343513 0.2947402022302371
0.28148140009863826 0.3022330208432867
0.26733124549274784 0.28119327427387014
0.28276088019346557 0.30356785405090203
0.2776087102121802 0.2937636470437166
0.28077722522997667 0.29780835935248284
0.2638679810107036 0.2839800698164553
0.27331979162616943 0.29375809843314066
0.25518016860865395 0.27552239908809806
0.265485682158429 0.2834867262186063
0.2694771681356707 0.2931174468668789
0.25873861643573887 0.2765219629241961
0.2723685856486653 0.29420785129994476
0.26545251614626925 0.28636866816963985
0.264814527757339 0.28412185743981677
0.2676721072590615 0.28477840750188954
0.26436208001054035 0.2802447144895745
0.2685971576013244 0.2802384355638299
0.26702019862817933 0.28255962212911595
0.2563827495561982 0.2737769368375603
0.27128762291345204 0.28629177391211413
0.27043714731841995 0.2941759310426402
0.2563711535248273 0.2747193973298211
0.26478622249118766 0.28173128891699256
0.2840264950820378 0.29940071742584395
0.27048396877894587 0.29069394354776357
0.2738422574866587 0.2918370730356466
0.27504755333604397 0.2954863630837749
0.28003301846107187 0.2946457801808995
0.25583658919274227 0.27097917674990935
0.27380540344337273 0.2921153910444592
0.26491874222672623 0.28241853558253116
0.2829634454304014 0.3020517821209828
0.2706333841330325 0.2871779472642645
0.2738678909265236 0.29037039776076135
0.2620496521598418 0.27455417874947863
0.28545444071482073 0.30090824231393376
0.2685987943743892 0.28133433527341245
0.2639384666953246 0.2814276594612179
0.2784556273827752 0.2979536780173733
0.2636557385088585 0.28326926472905734
0.26138188564206855 0.276420160837136
0.2528468113518671 0.27371402135596995
0.27248864909218606 0.2888060252961181
0.27393981429677783 0.29428016668957363
0.2614738415389566 0.2759572401810498
0.2726522631393365 0.2888771360951021
0.26296561453340417 0.277870203594435
0.2764561057847994 0.2899950763956931
0.27780792210228245 0.29679106743363964
0.27122913899376877 0.28827954516100224
0.26143049523613154 0.28035236939777136
0.2760942317773399 0.29346647423714495
0.28396398898679465 0.2997203061374738
0.28263074849471237 0.30083283279646783
0.26700206502910157 0.28602718358016027
0.26612716903751865 0.28546411334973776
0.2647622389927787 0.28071328800948725
0.2672825074466893 0.2851470969625119
0.27666996313144715 0.2915567145447662
0.27351841703495333 0.2878827143146688
0.27003228004362717 0.28734288561881666
0.27191239126769723 0.2879977871963361
0.2748381830872186 0.29190060194552897
0.27474417128716244 0.2922432941028517
0.2788857921065404 0.2936590542278384
0.2783322199574584 0.30076711858731975
0.2778412782777722 0.2968864575762978
0.28044528888590087 0.2939326942113982
0.28528469915005455 0.3009659510766228
0.28369891033645805 0.29834327509516145
0.27169725925706867 0.2873952200073689
0.2708694847735204 0.2911391594100008
0.26855377095368593 0.28418774658101853
0.2715387080405083 0.28429602334379755
0.27277862868359837 0.2886940066142633
0.2689870651950586 0.2858941116187813
0.26894438184962577 0.28056812779733153
0.263027525760732 0.2804940574106916
0.2671512438045269 0.28665322058450293
0.2695549996577684 0.2838314856663976
0.2757336061975536 0.28899975216995644
0.26739443073904795 0.28859232277290225
0.27353028943639107 0.2919902466445797
0.2744389585313846 0.29364447621506684
0.27618925205761446 0.29651293825756364
0.2670928235584124 0.28503858890809947
0.27361077728505223 0.29108831248227796
0.2734730456139988 0.2965324484861512
0.2666136627987277 0.28357229805851564
0.2693144962727859 0.2884336838098788
0.26507539111530926 0.2836311839744256
0.28035436989274565 0.2970212897292471
0.28288784194019057 0.30395578428072045
0.2686209873471833 0.28865324966325073
0.2792464496963809 0.2960536597229966
0.2718425300365643 0.2896183260089111
0.2711174482079484 0.289510559869724
0.27675507222273454 0.2967989312933109
0.2737460848389377 0.28549083108859674
0.2701822987022775 0.2875243165433958
0.26379340337354923 0.28021360008290536
0.2824267133734647 0.29752312688462856
0.2665969843925823 0.2839008603446407
0.2662105606603645 0.284095775867199
0.26513996169882104 0.28073045619374587
0.26933155458950286 0.28624071506100657
0.2725858250024555 0.28763287805219834
0.2730336765875505 0.29176600766377886
0.27463074100656826 0.29057928861513593
0.27360242802635143 0.29660430397617876
0.2804209368001468 0.2953035016063839
0.2774475998006424 0.29457598462061974
0.26573576144853894 0.2827198913387626
0.27409122890382637 0.291514424115202
0.2721402188792709 0.287411678679247
0.26291587863997995 0.28855767780727126
0.2685854748774206 0.2861258570605811
0.27299694429984134 0.2916037134272499
0.2705211539940928 0.28733279631071096
0.2753978807947114 0.2896070513506627
0.2710974237864936 0.2897819923719401
0.2834947979741947 0.3003702933113403
0.2615288660363365 0.2777972809374263
0.26880042313508945 0.2862786649340959
0.2867891410822928 0.2998074988931426
0.26619979931384385 0.28502709408062804
0.2628189066471226 0.2824870275199057
0.26547609353883556 0.2825339130672196
0.26405247986601815 0.28061383059386
0.2650851471517694 0.28553235915815656
0.2806858006054395 0.2949014482143477
0.27860667064303307 0.2955676635447802
0.27315592224637447 0.28860046004719886
0.2777163730658056 0.29689612824314326
0.2652924003048154 0.28419674387765714
0.2560286979022599 0.27365652322556944
0.2779800261611657 0.2948940762923558
0.2728744749763716 0.2947688843065675
0.277125472558573 0.2925109864772361
0.26515043306071484 0.280902124077248
0.2721054813071266 0.2883918839583136
0.26502527169116064 0.2809321311149973
0.27776780090748393 0.2953680660012034
0.27514959773347875 0.2934234425461932
0.2590092841828106 0.27488650431369677
0.27111700689501333 0.29124082533090345
0.2802187161907394 0.29833621759389867
0.2597551286002834 0.2803645057351224
0.27131977331683127 0.29210961867292673
0.2682959286331872 0.28465492402324444
0.2764183040757352 0.29141634250259085
0.26261037369708257 0.2774983545840451
0.27160322090662425 0.28780480923591467
0.28007333453593114 0.2952279832611419
0.24723317281243604 0.26429458174712434
0.27826501216963606 0.2983200636757488
0.26844429141299125 0.2891912438571792
0.2621718215828417 0.2752212434085743
0.2802144019739235 0.29809429360748824
0.26916272079156084 0.28674064822355677
0.28616820088181144 0.3029280567854744
0.26846898779601003 0.2870791009614834
0.2810983631480912 0.29540500057649166
0.2758477169970217 0.29607999031474375
0.26605259078746823 0.28081879369629026
0.2706157928116157 0.2890539739416678
0.26950371875724144 0.28972106630604094
0.27329331148969654 0.28860535392240727
0.26124993778494365 0.2776962592328885
0.27216100120603015 0.2920144348865536
0.2786426583573016 0.3001209564856194
0.2732996060044084 0.2911430543297381
0.2665571873809367 0.2854123531308281
0.27370377178188476 0.2953657492239609
0.2771883723009681 0.2993983883743732
0.2831095676511457 0.3010645152323669
0.2787406628739029 0.29589804694106797
0.2638235273574179 0.2850283519289596
0.2635064825431733 0.28004976536902926
0.2643371462196593 0.28228475916729806
0.2786234475843332 0.2917225632197591
0.273742844968988 0.29404290164945823
0.2587275203023152 0.2808597348930717
0.26182690206487397 0.2813916441089043
0.27348965111450696 0.2871024835054479
0.2722697685707773 0.2943297059480543
0.272958389622204 0.2879508113922066
0.2778053350471679 0.2956013088161265
0.28048107322919985 0.29595550883058674
0.2803478280195303 0.301591948790479
0.26873812964224997 0.28692951544194334
0.26921508384956505 0.2846681482808459
0.2698321698366112 0.28859618551775
0.26201118944454177 0.277882413334534
0.2770170883490783 0.28994808575165554
0.2666232150531697 0.2808409505819289
0.27456508877865676 0.29175839143187327
0.2735524891945644 0.29316398527805704
0.2568458417154809 0.2728335937938904
0.24987260109324522 0.2723605672210572
0.2727897277412901 0.29246243093442315
0.26253048591545514 0.28127590089521814
0.27789461755924927 0.29284140872080816
0.26576735433504667 0.283173048844043
0.27507937882538425 0.2871805196314563
0.2797661390651438 0.29595566322392386
0.26777676998356786 0.2851254048483016
0.26928162787465976 0.2911983479657148
0.2731377956199421 0.2882575632323871
0.27042272327217926 0.28812132745490343
0.2659746521287565 0.28312312645706644
0.27477817765609763 0.2943170839869079
0.2698536279787895 0.2869525350280676
0.2555912888282918 0.27838161202828793
0.279905781076767 0.29613779176811567
0.2812123123074421 0.2986785649336944
0.282171703670063 0.3014020324140299
0.2766282485291515 0.29097788791380014
0.28147821626963915 0.2999143910854248
0.2696961651631772 0.28327761380782784
0.2694212337074382 0.28695732874893753
0.270969556557118 0.2875892221292739
0.26650002190067124 0.28459898244591275
0.2783644184466101 0.29700736061938815
0.2715816599072252 0.2931964767275606
0.2775934097389985 0.29131563927058507
0.26366704037619815 0.2814979035448982
0.2687101077915569 0.28716234639269783
0.2784708752110153 0.29910687227669075
0.27366370553853414 0.2872205051223068
0.26734355115566594 0.28463001300561824
0.2671960600227025 0.28416697495423565
0.27129384817194135 0.2861034642335332
0.26811271538536285 0.28343495859457296
0.26560894697563975 0.27922519133801116
0.26725483839290404 0.28824375861296025
0.2591738343600467 0.27542547031545034
0.2731138647359803 0.286177971451301
0.26154966259888607 0.2833479378517795
0.2822776433647541 0.29764767051859486
0.2715273501922985 0.2921679515631386
0.26689407208934285 0.2837610940543164
0.2605567141845576 0.2782615977294992
0.26781480539248187 0.2854616386137636
0.2867452299086497 0.3064544433240194
0.2749408428954642 0.29239008141949213
0.263178557741115 0.28159428564209643
0.26817000723928064 0.2863744435976555
0.2653741361706618 0.2821658375287845
0.29539622663286336 0.3070063142277286
0.27040974506789806 0.2837522109934064
0.27621819461510416 0.29372590995282927
0.2689073513228302 0.28609424028025493
0.2812306979812038 0.30115150783940786
0.2826258810272948 0.29693904973535484
0.27064659663438595 0.2872078951183776
0.2591647178437594 0.2765121498466671
0.27924080686949343 0.29882430023940953
0.264557931054464 0.2809982870156811
