0.17762671688951254 0.19322738889824043
0.17297437141540004 0.18781867361970425
0.13823366118317748 0.15319103912850918
0.1529052302845365 0.1647605198216895
0.12507197334434542 0.1377705046116233
0.1701701871191904 0.1818288152590694
0.14181214357882893 0.15702098556889582
0.15880059739489982 0.1705804182403394
0.15775895810076887 0.17488361004908856
0.1515390371216272 0.16678313356578783
0.14508823480191047 0.1569994190514057
0.157428702132868 0.169482826378192
0.14252680142885515 0.15739178318294797
0.1475967070575516 0.15971888064741516
0.17556443432671504 0.19140793062652162
0.1438313456690565 0.15866783148438302
0.15354139535241085 0.1715366437129555
0.15509548600421422 0.1694521632614701
0.1320141770799901 0.14536696666842466
0.14253834759623485 0.15821517070474994
0.15369255747072946 0.16796785215864143
0.14712791143690304 0.16150167569851775
0.16718241268920328 0.1798672341644677
0.14856394312860685 0.1594705445010559
0.1445552268424474 0.15945643406056986
0.13447994463916493 0.1487374759255646
0.15876361838702363 0.16999415987256258
0.15022588365314965 0.16258630229711643
0.1268253239538879 0.14314161026665845
0.15441329605791065 0.17121849705604017
0.1373707971169349 0.15168155591090687
0.12844268161493066 0.14189450705246587
0.15147429102657653 0.16638756896000073
0.16188180201947827 0.17543488998143472
0.14588602257845384 0.16069002886198186
0.1389363314551477 0.1511750129922471
0.14750604786203497 0.16100000621798385
0.1249549751716089 0.13923429672095197
0.1720569989943543 0.1840777752129432
0.15813603758191203 0.17292049262937223
0.13883603135305114 0.15473131332400675
0.15170628740329992 0.16605769768740902
0.13710642244591748 0.1517026600988629
0.13425412434722192 0.15158234973607865
0.1480937336490511 0.16108616071509232
0.15531537078578447 0.17540041638546075
0.16593408098232912 0.18121655587328994
0.13938889729705783 0.15436430687502795
0.16276531274011924 0.1779481624487574
0.14752012133407041 0.16002211151410548
0.1669568206193994 0.178616217324981
0.1812985518524312 0.19496959686400936
0.16124646747434937 0.17198983631053086
0.158339008841525 0.17119022844890186
0.15131526386620842 0.16715138556018358
0.18436853073013734 0.19502307166586882
0.18649507829910847 0.19775818480293975
0.14513625284101264 0.15878823111956455
0.15999121630039187 0.17757208931685906
0.15305285243742364 0.16474891499215233
0.15056776020855725 0.16225899359560383
0.151860483392158 0.1655868742666226
0.14035715623071565 0.15458480746940334
0.1447417485266442 0.1595967246427624
0.13716129803994762 0.15429172688287446
0.15264128090023824 0.16645965998857415
0.17945827536333103 0.19323102285507182
0.15569461872774015 0.16825695128358206
0.16089380985071128 0.17210977941641187
0.15723243163816886 0.17156905928485333
0.16428537418685957 0.1772935240802303
0.1346969325879344 0.15040886072814902
0.12595859169742962 0.14099960648983065
0.16891180397201525 0.18032111080464458
0.1707905019627288 0.18739821822854705
0.14818137912669568 0.1627341343627727
0.17337739458117168 0.1835718463814814
0.16558685403939058 0.17725361865828795
0.15817808790303683 0.1710627012648092
0.1826028827244308 0.1944502226432814
0.15091931442386372 0.16485775550356319
0.1593458179366037 0.17663064643314494
0.14236228821130514 0.15650230868232962
0.1692139744659345 0.18389597977708186
0.17390925622216308 0.18662094996523843
0.1477256759541181 0.160642963279797
0.17385949005482712 0.18843679725766174
0.1368370352682732 0.149298995091785
0.16098751216367296 0.17817269226414972
0.17578081233711834 0.19121273547061696
0.17233184666819357 0.1853925347860287
0.15538173225843277 0.16939689703220256
0.15111945374036181 0.163363294637825
0.16502178582555288 0.17971477154800847
0.1814246202439386 0.19463303713731214
0.16896718891327053 0.18041595620822304
0.17280017606689582 0.1873712683412928
0.14604940462641652 0.1560603247640936
0.1661776358943348 0.17927853000743435
0.1383720245476261 0.1504605415372839
0.16891023137025465 0.18119620071911344
0.1565391976304973 0.16813343324691477
0.18446352316556905 0.19972065757798577
0.1480120010473498 0.1579471567781572
0.1423759166465917 0.15902640216135389
0.15052519089033103 0.16549321870365383
0.15930350491136044 0.17081860230514087
0.14296982139269482 0.15960311647390313
0.18156832911636653 0.19113385272328148
0.14400639596251788 0.15349669431576496
0.15899024077061333 0.1741695103086397
0.1373241310807206 0.15277260857473182
0.17558600531328689 0.18630052610961223
0.1646603674297337 0.17777478376052994
0.13437236147776474 0.1446744881276551
0.15565351683386025 0.16837028716360833
0.1531220076375523 0.16757049154499315
0.17512386014834447 0.18556144215160367
0.12767806658237135 0.147469104242463
0.15234256574265514 0.16375876413437507
0.1569573259717967 0.16772199319589343
0.14345278210869258 0.15631555924084334
0.1991685776040792 0.20972825971320652
0.15379015133107793 0.17012774054888818
0.16299718567587962 0.17451754600255925
0.14088667186205134 0.15304770638064702
0.139742087782226 0.1556009531352358
0.1243057417593306 0.13808948880562
0.14600667656974203 0.16114748860700373
0.16710130713527224 0.1806440671106709
0.153351733471438 0.16911657842027647
0.1572150185800895 0.17249638825588023
0.15315076340721373 0.16549480090061539
0.15612431905064805 0.16905099931526046
0.17469802230979717 0.19085176862286746
0.14287193058516495 0.1608005974690615
0.14021626953105445 0.15397221558227583
0.1284768347112654 0.14289455263143166
0.15921333213489225 0.1728747028771483
0.13812028374636562 0.1471299655217722
0.17638208582235615 0.18889426860111724
0.18258560789475847 0.1968244126242314
0.13733132755976885 0.15072647552191495
0.1793495606424737 0.19570272160180563
0.16706102667030576 0.1801403097009375
0.17506777652879954 0.19103961664332625
0.128299093706571 0.14457541580227048
0.1579270024134159 0.1724670836942645
0.14000941825432828 0.15814135475910154
0.15066306740854674 0.16544178229126932
0.15900973024383155 0.176157649244266
0.1312729204560696 0.14672420303791037
0.14322764615108466 0.1621868466467107
0.15139262217871544 0.1651846438517485
0.13675230798289886 0.15397357177657423
0.14808212340060722 0.160457286323211
0.14399676332097752 0.15634444882280932
0.14612635008249267 0.1587770499048701
0.15958697944362918 0.17080781713942692
0.11992372658061849 0.1366546292763279
0.15243104966271756 0.1651692035625012
0.1417201340803892 0.15780197171260235
0.13090396907068277 0.14463500856188757
0.1403419351585698 0.15368277805032002
0.1718445231161017 0.18300618312196945
0.14775816208564874 0.1636052636039218
0.15595065978720993 0.1677422642508244
0.15772604444088595 0.17366121139005875
0.1585420218881427 0.17008026208590374
0.1266129558425169 0.13943016065064961
0.15997038769855837 0.17480504073221168
0.1528864052776321 0.16616074832783256
0.1830768645173923 0.19775582987111973
0.16015682703571657 0.1746079241507537
0.1712105036349577 0.18318775416693683
0.1384913226070667 0.1508302404621285
0.17007470668215532 0.18007009857194176
0.15888041669631278 0.1692401306304547
0.13693442102760642 0.15029657896596546
0.1589968776442052 0.17515475862680185
0.14378884297835803 0.1587431654268524
0.13452566689447865 0.14800626063010908
0.1347399229575337 0.1495785198451888
0.167282152461365 0.1805754680532709
0.14989068271902348 0.16553761766513928
0.14143303807472998 0.15386160134111265
0.15153363920878823 0.16612402774128165
0.14025727124592088 0.15299034703127407
0.16286662758819226 0.17353979017563848
0.16186439224217422 0.1775665682298828
0.15619705927059016 0.16927745679610304
0.14451408478200797 0.15548825628075136
0.15974096699047596 0.17410196992984775
0.16163615806562082 0.17666521322800535
0.17958198591159574 0.19703487658281826
0.14175310924708415 0.15730359641353556
0.13321360999416287 0.14768757239695243
0.14043341972064952 0.15352457935670477
0.14613065074955242 0.16075748423426964
0.1728653733816066 0.18460840288899807
0.15216401811882682 0.16355136160670555
0.16722830486260762 0.17902608560328373
0.15616906140039397 0.16976049306087612
0.1591859140202044 0.1731813101987978
0.14557225641088 0.1596834466345991
0.15709432537138315 0.17191797774740952
0.16359527735781673 0.18048311759562993
0.1653549348467032 0.181990541858972
0.16587271328205105 0.17827606296875467
0.1934704433475002 0.20592046679825338
0.18612952979035022 0.19584037498763027
0.15393206175501753 0.16403531026873433
0.14291279764267178 0.15796023417266247
0.15197337549495696 0.16600410978183225
0.15046997157830058 0.16199713557781287
0.15798727156563458 0.170082045115065
0.14139976627190318 0.1569643642141715
0.14264248331725451 0.1526521255727401
0.1417357471607193 0.1557645508895434
0.15277098790962382 0.16693526309219617
0.13408438193730332 0.14693691981312607
0.16771770836343075 0.17945176258451018
0.1383225738818381 0.15568474694715456
0.16144440318376538 0.17483025830262916
0.1487804656928812 0.16335372425943834
0.16501431835841468 0.17830494648741835
0.14478175829608683 0.15761433483261705
0.14764879211131643 0.1629138638437244
0.14939359152159545 0.16788797963515414
0.15627233975193214 0.16769920405976596
0.15687313718538942 0.1694506325135264
0.14404112737720492 0.15781096090291996
0.16757907549359793 0.18161327462995033
0.17889648479194012 0.19656803447090881
0.1448629185674971 0.15769346278286012
0.1620656200460171 0.17225786742352645
0.1621279559653682 0.17416829996556712
0.15507561213023227 0.17001044534761628
0.17201350123202497 0.18668088962455412
0.14504279892585067 0.15497563305427153
0.1724471989692645 0.18244582520835279
0.15630603262357518 0.17013559280654336
0.16160711473708353 0.17351704330417805
0.1391900276379204 0.15134036938568005
0.14598376262215354 0.15984684086350126
0.13479475694125348 0.14823817363368463
0.1536695219858219 0.1680659417799729
0.1527359337918339 0.1653676097459877
0.14416749693404635 0.16034899562851218
0.1567979576966802 0.17006924634553713
0.14968876943333717 0.16710026340587858
0.16229502834668125 0.17412588331945855
0.15260128493487501 0.16791027080135976
0.1456843584926254 0.15828008688534986
0.16268008789367255 0.17615606553966645
0.14560264129326056 0.16078079530132472
0.143707115278531 0.1626281153949699
0.16001418338853768 0.17310668647256583
0.14563580483380104 0.16011885029457665
0.15770132820807597 0.1715739052122544
0.14897328982174632 0.16111173824200145
0.1529913506457945 0.1667550297365314
0.16262083157954885 0.17533789008456455
0.13820071407637152 0.15128001777092218
0.14127236139044103 0.15516031810275344
0.18888532023780233 0.20010425334857335
0.14311347175549397 0.15729787983133603
0.13849355690474469 0.15072550089634348
0.14634400754153026 0.1573071277909452
0.14828154059520804 0.16216770636175828
0.15812862803432098 0.17393898461606327
0.17137130833012737 0.1794459285181841
0.1589135550093721 0.17170447198410377
0.1589259210056145 0.17166502677278309
0.17997094439453856 0.1947274097177208
0.14473807428844115 0.15817743511183385
0.12277958352782294 0.1372832425550927
0.17235147190275 0.18426608612387788
0.17152263133568232 0.187845441355447
0.16043736490123617 0.1722645089191257
0.13808674421666395 0.1500250521531845
0.15133320037356696 0.16484747491945204
0.13543534751463698 0.15078335222961506
0.16439055859931823 0.17827483490959325
0.1733828219897077 0.1862716438507143
0.12872293297028126 0.13986344096986267
0.15297884514624624 0.17028810337885625
0.15783896811731055 0.17307301867737174
0.13756209618960366 0.15121804713581044
0.147023866842396 0.16421400222802038
0.13969099154774822 0.15332964511956923
0.147159806650311 0.16169127207544962
0.13291168645588422 0.1461690600169455
0.1463131400667826 0.15988256592511918
0.17263522489637342 0.18516199498657485
0.11480147844236616 0.12931730901065194
0.16725529543787754 0.18366234700924625
0.14316859535619839 0.15758323291116252
0.13918718321490983 0.1490484425724788
0.16308527274942825 0.17604777764604024
0.15129839254838218 0.16355817610485396
0.17016889600897867 0.1825254256283773
0.14360295285857586 0.15771263761106608
0.16837434327415227 0.18200046651853763
0.1425719595692852 0.15946218134014678
0.15168038577936677 0.1648775977569149
0.1392250886145893 0.1545048587984574
0.15573278354818418 0.1692308756761348
0.1500978644553103 0.16518691882427566
0.1342444243924016 0.15072892638664193
0.1405567991465286 0.15704861314489096
0.15839691769246075 0.17318162081973948
0.16348018774827502 0.17518232948946472
0.14413984818180609 0.1600700076692463
0.15754304839978006 0.1745604083574925
0.1542195230370718 0.17078977698853587
0.166261425303714 0.18004402358812
0.17361996180209838 0.18765113221235938
0.13806725140224352 0.15305450162596274
0.14041996084890934 0.15438812442367106
0.14490871841685593 0.1563968726533487
0.17351839795378468 0.18326828396104367
0.15604459691251535 0.17305774370954038
0.1329387736837601 0.15107345103741238
0.1337160597912038 0.14873820466253262
0.15370877577902883 0.16492322111160249
0.14763574014277597 0.1649955364178947
0.15430934091259707 0.1649337625384014
0.16176941293306846 0.17599883210391473
0.16624278824148492 0.1807831911820948
0.16692994983082396 0.18161145975496373
0.15859097666069333 0.17043189727184102
0.1514262433011417 0.16369175537744232
0.14609938961120864 0.15872222207721828
0.1411792541065159 0.15309037948466084
0.15006932843945905 0.16147696889886404
0.1502140730331404 0.16116570055481277
0.15436667566837323 0.16775001790159635
0.1578247063006967 0.17222863641166264
0.12499813615742732 0.1407740529233911
0.11535863688030999 0.1327566808445679
0.16003215189369666 0.17383525762128155
0.13731870084892076 0.1527952825609525
0.17965478924750505 0.19067212865981564
0.13871323651639955 0.15285013516472262
0.15790375821822905 0.16832083130780218
0.18522780650858958 0.1972030430873857
0.14146961744009037 0.1561521725755864
0.15006514833665485 0.16603465617662694
0.15129660509299406 0.16431778058598115
0.15207021510525798 0.16572508016815657
0.13592368879029082 0.14940394644887764
0.16056857579928246 0.17599976802331804
0.14912577146105532 0.16071791763135096
0.12651349879116155 0.1430379971989157
0.18688471661429798 0.19976831954858176
0.15541724789755842 0.17030752326191145
0.17271395984717655 0.18553830081964803
0.17262936746723423 0.18532513639463402
0.1664816749646689 0.1790490695963398
0.14660423833372777 0.15883869811681198
0.14673718589247242 0.16186808725436144
0.1700587785837714 0.18236459782472209
0.16116104529583844 0.17347918141765417
0.1591072769100839 0.17511396019866157
0.15441817382955278 0.17096165602014396
0.1699328062134007 0.18226926807675534
0.1502087039748209 0.16510488216462654
0.14632664146245472 0.16126121287613845
0.15541638077016584 0.17206498409150378
0.15642980722582675 0.1663851536042206
0.14649972480015266 0.15909964038208152
0.13976280151331302 0.15533279221247917
0.16245767606840608 0.17330036997631926
0.1399655263552822 0.1537728681430083
0.14832843371026597 0.16119975941400966
0.1397116098916206 0.15618590631046256
0.14364603795255299 0.1571602968040093
0.15528564313333273 0.16458584571640464
0.1403887134104387 0.1566747556879472
0.16841662084778905 0.1815553400138077
0.15739928370915016 0.17076339930113496
0.14254931033113918 0.15762660632596429
0.13498871153710854 0.1485788059812504
0.14367303542067408 0.15828376309865272
0.18411990688573593 0.1978676153241905
0.1463529229036243 0.15939472052588588
0.13340822566691465 0.14842955231102123
0.1555940413893496 0.17085561602058089
0.1337686656807458 0.14660324774781766
0.1901544626046509 0.1983895039906381
0.15110824784781515 0.15968182301820455
0.15712583783574963 0.16964774726572573
0.157008483557719 0.17014466333485878
0.1683860675708797 0.1831533196653999
0.16618810404889361 0.17749009241541533
0.14469358068093227 0.15782955379933059
0.13321169969876992 0.14712238647221051
0.1671300910301666 0.18297406688577464
0.133405092317755 0.14632147117081265
