0.2908025331386467 0.2983394038322781
0.2743232179244336 0.28531327071199486
0.2922837626650675 0.2962624139805196
0.2826771005813001 0.2873471049620215
0.274012430031816 0.2808908982354721
0.309947192457348 0.30508550475124085
0.2789470504787314 0.28222659038229636
0.27339351347487245 0.2759029705129593
0.2961796079981276 0.2842440644793068
0.2863328446007356 0.29121619896863343
0.28485335989713123 0.28792646303639824
0.26808032408442606 0.2744492244136051
0.28680651086366 0.27312671717205594
0.2824732569763467 0.28095694988059017
0.2741833052191073 0.27290501282276625
0.27124825140042846 0.2817853039579647
0.2919479704082471 0.28279357616980894
0.25959922362498516 0.27113049287916663
0.2673026171553808 0.26945526367622813
0.2725092306133381 0.26934331902417546
0.2708189823040987 0.27213016595615336
0.28665143606724897 0.2928174508146821
0.26887558027836267 0.27996047510039634
0.2830754688993433 0.2920369503171785
0.25608631004897736 0.2657528608831351
0.2804829692901196 0.2834648173598312
0.2993563171399419 0.2894092126973964
0.28266016758244117 0.276368786948382
0.28869673626052605 0.27846643445697555
0.2695682882420672 0.2603704385942938
0.2702698842972433 0.2588438021354716
0.277381267334106 0.2797348475526572
0.2853060263161551 0.28446787055483497
0.26171088961251765 0.2689479543039356
0.29271675192776625 0.28375661905941946
0.2890874353066569 0.2914832913769762
0.25633938784637134 0.2581598409784297
0.28528849487986385 0.29218282936484813
0.2804057874115946 0.2894746373522567
0.28569109037245005 0.27628083225923583
0.28719286113589754 0.2882585179678986
0.28092936194297874 0.28180820927697947
0.2836514255565376 0.27093139731888094
0.2820933162536649 0.28537599286886417
0.2907879441601398 0.2826551946421494
0.2702623640317279 0.27059518751810524
0.2748051285570429 0.28822210359144457
0.2879593868424954 0.27877535728183234
0.2715987286795168 0.27734832450340297
0.28345695820534034 0.28748389572742183
0.2837171173025124 0.2862306731841838
0.30010704645562697 0.2856870758428879
0.2609251753120244 0.27243727009271274
0.29282862431473644 0.28379257597344604
0.3044888493895223 0.3073848397611218
0.2914922092085914 0.29208166972923466
0.2826287917025566 0.2734215053425907
0.283747470148958 0.27415160189221893
0.2746588857746179 0.28076973147113626
0.29003479231887164 0.28094397305994623
0.2770119833118899 0.2796304763754093
0.28805321718081717 0.27994921883656404
0.28461884299711754 0.288258913709692
0.2711559407926654 0.2681259044010985
0.29914755679895283 0.29781940944226387
0.29332969871194403 0.280638086565056
0.29389802496887 0.2877807036336766
0.28414241160771486 0.2748767800511839
0.28624251484183294 0.2856768107343222
0.28376716721019946 0.28196039720073623
0.29625667399684297 0.3070068295546603
0.2671245612990424 0.26664076607327364
0.2660679586894418 0.2689077062880331
0.29732405420312313 0.28624936410504676
0.27428278016380075 0.28268419737146777
0.27863891887014247 0.27651522877726964
0.2655983439497976 0.2684700631133672
0.3074476099006649 0.2912557206022703
0.2858093006303883 0.28542892962723476
0.28681665448752497 0.2832315120020202
0.2802339094080888 0.28111346936458104
0.2826676853074821 0.2737827160375826
0.2710134229154374 0.26680136876583854
0.3082505914464441 0.3153799188911849
0.26551768283549093 0.27713415234092853
0.2791472528104765 0.2741607175330314
0.2971582725072231 0.29506429518648286
0.282098782400199 0.27612609705064445
0.29162252457989024 0.2862648701048946
0.27580667106948487 0.2758831152702536
0.29433789573894314 0.27537647150418193
0.2596060295447726 0.2644858229188799
0.27896512169969734 0.2583034332327369
0.2781358255546566 0.27864314918868
0.27708476161876094 0.28120273732798007
0.2855879086176972 0.27470200599126043
0.29798789428223277 0.29879611729999184
0.2851625464135112 0.2833877411244807
0.28863349476611033 0.2924513035922266
0.3050003509372343 0.2911075016119515
0.28000776989947784 0.2907421554256375
0.26548007972932947 0.28151998849076854
0.3022262914889478 0.30653893680676453
0.2845434634104807 0.2628947208209402
0.2627592615605057 0.2660763847502778
0.2761178466843283 0.27218829552869417
0.2816213905608675 0.283759672989828
0.27832134491924004 0.2746904835180315
0.2906218582288506 0.2909334589364078
0.28149712081243605 0.28018003300214583
0.27435085769833684 0.27514720135404425
0.2703893015077679 0.2695167397938545
0.27501934386443866 0.2872823357341335
0.2674302255725139 0.2810571610442179
0.2969276086701493 0.29740065813029054
0.2819096710196456 0.28825061987740347
0.29433276606707587 0.2931548799105635
0.28294383638211 0.28832193819444507
0.2922784914558724 0.293313528152697
0.2629094322830483 0.2648792421904667
0.31249537191532195 0.30299599505545904
0.28846031333733774 0.2955435652190144
0.2649230479982973 0.27680814183746233
0.28893689291608665 0.2820202786934733
0.2940251305088085 0.29370804762605635
0.2947771664938257 0.29509948956552606
0.2705675319488895 0.26101924709958646
0.2920377185932791 0.27190787453930154
0.2892124967413268 0.2834466398951696
0.2939807724254132 0.281379201273177
0.2907748673464217 0.28157046175508493
0.2792475712760249 0.2860849482100237
0.28082310965242285 0.2647645444700003
0.27600150605392704 0.27466252466382685
0.26711344367610645 0.27771167003966535
0.30262793007899147 0.29899080446084125
0.2790990165519767 0.2829773492082013
0.2969863996786461 0.29142266189468635
0.2922992428361372 0.2877127410413446
0.2798695555966388 0.2784290095892668
0.27445388951815397 0.28548456206419276
0.2935328298580849 0.30147267745181516
0.2793721611844874 0.269014461728833
0.288643318421606 0.29392124298058003
0.28494218298057455 0.28014543193552016
0.27895757510845953 0.2923524568712806
0.2667987670225228 0.26474688291451676
0.2548720967307238 0.25646594032748654
0.2835249415323975 0.2920079830166943
0.2758256439051329 0.2691420015112574
0.2906541030808075 0.29082187178972474
0.28753608868649916 0.28449345649515295
0.2895500700746248 0.2844792067740299
0.28329044520587404 0.28052362422284277
0.28581547040270433 0.2732105609560602
0.29666241601674453 0.2841245773876619
0.26787609964960823 0.2786917627029042
0.2867023668305666 0.2847574898550013
0.28224355724208716 0.2749340995734036
0.27434811205513027 0.2755594431879576
0.27763896236481916 0.28035875165748253
0.28816573955065683 0.2841737569558108
0.2699299514719076 0.25753733304674
0.275506994480132 0.2720843447745824
0.2701348340740095 0.26988837975256585
0.27391573728482804 0.2763335389862544
0.278040326330351 0.28226487665664496
0.28110768224346605 0.2870750731949319
0.2806072224153823 0.283524722394467
0.2897863502150655 0.2895840372458591
0.2825767908343674 0.28557730358948763
0.2766069456067551 0.26856920788707095
0.29151054477304283 0.28404649565936146
0.28530784457362374 0.2957859125016223
0.2881116406104743 0.2868197220014241
0.28002666479357774 0.27435876642483553
0.29497131038327146 0.29089465390185826
0.2860293724283737 0.27990455037751144
0.28290694701610636 0.29585344515935874
0.26651425687919444 0.2627529748599343
0.2804457505114525 0.2910866209141517
0.2742827883418541 0.2744717338554072
0.2771013806756527 0.28062083028375573
0.27950976569420616 0.29010557202329
0.27935811290951734 0.28274301126386975
0.2824447442896876 0.2824884092679502
0.2937508966938548 0.28139352886227154
0.2991053217281647 0.30378847327373576
0.28532236407566186 0.28720898199383904
0.27303125507072235 0.2823595802968812
0.29897579642733174 0.30307227600301356
0.3021176044899437 0.30266264111512253
0.27342366932332673 0.2783581731411029
0.27366764876123834 0.27085530962724585
0.2891819743069572 0.2836356479795468
0.28038306815936875 0.2833881714951091
0.29719401722691374 0.30611399156917507
0.28189825749744873 0.28962813668071347
0.2726571165694629 0.28278226247771604
0.2980875376397745 0.288712771886192
0.30579343204508863 0.30017194329095626
0.2813814661871154 0.28497575275362075
0.2804377869831076 0.28573864712861563
0.27335147985082736 0.2804215201716925
0.3057270934095772 0.28108897636872066
0.25262436960313167 0.264403056742377
0.2910700302574462 0.28388022761739445
0.301351537262416 0.2986507807514565
0.2836414309293729 0.28593941971900966
0.30715754349121605 0.30920775589756994
0.3021477055602607 0.28944737068306003
0.2758169022882086 0.28772574594506267
0.27073625756767755 0.2656393550877447
0.28653714011804315 0.29634396483166014
0.29593056904777254 0.2982241711187877
0.3059133179560627 0.290278318738685
0.2782360791943698 0.27776867801227917
0.27367030371484835 0.2688100180246895
0.294307854502263 0.2936763994397148
0.2802601205066667 0.27779424986372003
0.267558560939984 0.2775627696611871
0.2792875350713005 0.2823423238839901
0.2903709244205562 0.29293335692784794
0.29298041758263826 0.28644987819438317
0.2803270109711119 0.28630390390327193
0.27065656370659047 0.2749340571324236
0.29121800694295186 0.2846402536312716
0.2623852335969681 0.2589009925035766
0.2850552288061841 0.28980646416125655
0.2890261836532478 0.2824818564252944
0.29636591363743703 0.28548329914010356
0.27364785333003405 0.2875658240865255
0.28250603210442704 0.26459841223680297
0.3093114869790744 0.3121898734361846
0.3108178731934096 0.30645936330998197
0.2904856310330973 0.29439024488732085
0.2848408343607874 0.28322975929570826
0.2630469117572252 0.27207092952491596
0.27074278775949884 0.2776023688358685
0.2646335838871931 0.27421960998481637
0.292393223556309 0.2875204452131263
0.27204163161439 0.2792104242610177
0.28476010528732415 0.2902011139167286
0.26798682102272875 0.2721910958774012
0.2888264053011898 0.2874008516915213
0.282530399055641 0.2811201345165837
0.2794610684063669 0.28069412359501295
0.30079023326826404 0.31524084818013665
0.3082900955241845 0.30367777681275376
0.28320323436485273 0.27637608962399807
0.2737943606112881 0.2791577101689392
0.2789433062679553 0.2760805991569701
0.2907046164926455 0.28700731791215894
0.26952324291167573 0.27478755730383
0.28160753878128697 0.28139415635620746
0.2774249660505646 0.2732583826612733
0.2673218434985197 0.2736470605171796
0.27588495100231786 0.2765522444586356
0.29616417229782666 0.27432446554076084
0.27410462677964575 0.2764343796359913
0.2728652222861629 0.26724205942174006
0.2851849584850802 0.28887874435694433
0.28379376891582286 0.27362967913980635
0.2905294626915023 0.29377156729622333
0.30264823463974166 0.2935066598640675
0.2713447203152101 0.27263393545125186
0.2776409885461247 0.26280081296036045
0.2805343682279476 0.2886977864306298
0.27213780148686084 0.2843297268570285
0.2803810040249577 0.28040647304682675
0.2740598363915123 0.27079186134632793
0.29219476565902003 0.2875398204439658
0.26323291700994006 0.26261924877545334
0.28558627399269326 0.2873863253643971
0.2840169226460905 0.2732661309423279
0.29178996501117355 0.28613951421535627
0.2705608873922566 0.2816993591682439
0.27833943563669883 0.28774762584701263
0.2718973322590076 0.27529478624537684
0.2656944923643683 0.26144628589138097
0.2774149806735398 0.28447922686306365
0.2686268530810174 0.2716905717707349
0.28556018050616855 0.2932028647520128
0.28944774650051197 0.2929999656011901
0.2830170055501273 0.27978005581701976
0.3032364577156706 0.2982057003569366
0.27505054398356943 0.27953006198963476
0.28236500111797574 0.28352746602339784
0.2790423921145936 0.28699819143331246
0.29513595264222664 0.285131765202997
0.2711749254195995 0.26036140487412723
0.28827294181382207 0.27680162808900105
0.27055657015275847 0.27814789110025423
0.2768449587190991 0.28132139638726933
0.2859006734494553 0.2949073881121704
0.2685547823116622 0.26075190165002465
0.2636492311994319 0.2681124806408692
0.2920461640142368 0.27442277591220576
0.30242059831696494 0.29759942755833585
0.2910296433144067 0.292728635152022
0.2614221198419451 0.2628388277703995
0.28139734428573276 0.28447525766962295
0.2653611156196872 0.27330263370100966
0.28641438135684927 0.2782331043617046
0.2836722941338591 0.2829797604768622
0.29391142557004785 0.28879840176869787
0.2765493284549364 0.2706138822721527
0.2875218066666907 0.2984903893068508
0.26230089954208535 0.26698510639327955
0.2792586872001693 0.2765870007841936
0.26799234036765673 0.26941883234923136
0.2744649959480974 0.27255657228852165
0.28899678853026334 0.2699902208444573
0.28978037439400606 0.2901285513370817
0.27658581451535025 0.2727971976926786
0.288763848723253 0.28423015705624594
0.2708912453095513 0.2790042107281311
0.2768208884602349 0.2798409476540617
0.2729049384387505 0.27600913262727134
0.2713838388382739 0.27904845823254903
0.2934093055796028 0.2839694837680714
0.29136608203531233 0.2836673658186758
0.2704783302060343 0.27326977526949775
0.2744514146770723 0.27978745066315236
0.28529245337279546 0.2854124791295643
0.29595903199576784 0.2920660190324666
0.26074044133987 0.26309642277611694
0.28879073087800805 0.28950489605139973
0.28062888295877303 0.2908135271753076
0.28078403810708424 0.27329807139451556
0.2752647364725345 0.2735080140403757
0.2727317437363205 0.2688332012139736
0.2894398369629239 0.28530668404305964
0.28950702431884207 0.2869544953917823
0.277224532072843 0.28043185348280897
0.27924201589119496 0.27920614092588575
0.2870575514758117 0.29079641614878804
0.29189703101016984 0.28277013468385864
0.2794663879945077 0.2760707997894878
0.2765882817109212 0.27050933021101425
0.2843513919156564 0.28215231458092277
0.2739211604617717 0.2627694600203851
0.2798325883338997 0.2771639292083407
0.28090590631377055 0.28333496841724154
0.28178132852054544 0.28293315016936305
0.30307766457210855 0.2939489379701749
0.28812174835281257 0.2827914420361616
0.27414875474856965 0.27250247395069954
0.28149095159622944 0.2801355326295862
0.3077986754913023 0.29660685750066906
0.2837834572739439 0.27383658966119356
0.26963137773269963 0.2749864613073025
0.2978282149101906 0.2891412372130498
0.29492812374534266 0.2914492915832743
0.26204137383303466 0.2742033732883268
0.3039256896182349 0.2980432600776854
0.27063118505174816 0.2709549015201097
0.28552022589044523 0.29476046148187984
0.2777337764980808 0.2696301889807086
0.2705060330519696 0.2783625490063795
0.2901381481525474 0.28823905559161467
0.2751229849071661 0.2843893835317247
0.2623727805615759 0.2617771605624349
0.2713304046378915 0.2717549985066835
0.2653383124031447 0.27224592023344646
0.2837237538965674 0.28993764943313477
0.2812472146798174 0.27490868889778347
0.2811057758330223 0.28018622946827404
0.28534231851768554 0.29235421101845804
0.30229329943711397 0.300497255478416
0.2992196835581945 0.29654036130191264
0.27352772031108913 0.27373618706491604
0.2866792476210301 0.29628246723654766
0.31215161026303473 0.27914486638911223
0.27982991292617565 0.2809717953310406
0.283945052221626 0.28603480114524094
0.3007687894285888 0.293560357379643
0.2800167030694663 0.28077808584603986
0.29087019069309394 0.29696256153648065
0.29520303289564725 0.29449071267267257
0.273497455421567 0.2794446052680012
0.27861374147233003 0.2711707872506713
0.2879955366493868 0.28509468867093635
0.2996861484414948 0.3046103442604289
0.293351021485479 0.29778997326090645
0.2952935621105953 0.29442704990840124
0.2905592507937813 0.28586529694662377
0.26345269514573294 0.2758965968485788
0.3021516664921494 0.2950867505101973
0.2680425788243624 0.2682081161825354
0.28589289457480077 0.29361633176863844
0.2950248704883172 0.2909585454247035
0.2808234318505462 0.27420516970145414
0.2625106552478062 0.2661717087480388
0.2730886639281039 0.2734051573770992
0.27715878143039 0.28865901332849125
0.27493343238789014 0.2719801721716303
0.27593617091726547 0.27740241572566393
0.28109727746805246 0.28726559653594214
0.29314643034042365 0.2793331505569286
