0.17573522412476758 0.17388098303511126
0.15218893976586148 0.1613673448195914
0.18422727435434033 0.1769428635674169
0.17124295357682803 0.17535978558141663
0.16203426725171888 0.1640314333927026
0.1972126617301301 0.1799274724508128
0.1541038966118617 0.1570144323605275
0.13863604223237785 0.13629491263833743
0.17342545105548887 0.15720538176556076
0.16125867724796972 0.16354085743398966
0.16254081995430625 0.16757112430939483
0.13113643553285492 0.13597620699859958
0.16294098671422344 0.13347189798033218
0.163728339431149 0.15608771144186898
0.13751036338749872 0.13723796161153823
0.14924616983196504 0.15605414656878924
0.16589965056120945 0.15012175940419845
0.12647781920941287 0.13188848083955212
0.1484881725568683 0.14056771657629766
0.14380773416804027 0.12929379316533154
0.13638454615064766 0.13891258035942095
0.17900800663641853 0.18348752427073298
0.1559424162744422 0.15797529017568318
0.15762151356264756 0.1623320302337404
0.13048680802318785 0.1375640587455959
0.15126545761168456 0.15486399031216994
0.16516035941436683 0.15212108327829102
0.16101998299695874 0.1505758335741309
0.16255243385520954 0.1495551850707603
0.12350099045844978 0.11620322311931906
0.13976730610905416 0.13169203815100694
0.15277801591842724 0.1522199596892488
0.15979376351235625 0.15629792874312443
0.12586978924099795 0.1322507647831084
0.16485100070937506 0.15216613604449006
0.17604126283684482 0.18420818472129774
0.11850521114305951 0.12223820787214773
0.16239696893087466 0.17399263050356978
0.16376295287862608 0.16439875304602766
0.14576996629479266 0.13551699478573753
0.16565953718973403 0.15645528286120722
0.1487036541693036 0.14910461159118807
0.1499341710761035 0.133685573782536
0.1668150679653821 0.1714108589372807
0.17578446317849744 0.16988963711818478
0.1461409027555899 0.13730620211837893
0.15392771257513616 0.15253142252171356
0.17308427477011257 0.16478762333288474
0.13793986621516668 0.14268487804091848
0.16064305632042916 0.16189467477307493
0.16171415386702123 0.1682203623371811
0.18727117130189583 0.1735361169375541
0.1361960471876988 0.14817427946137438
0.15978872493950214 0.15170574804437753
0.19639358018237715 0.19923731081774243
0.16773059891034992 0.16222075953729745
0.15787961274336543 0.14461676625308856
0.14764867534008408 0.13536259170425002
0.15598396742105133 0.16499871870741378
0.15615429004570408 0.1520934934967105
0.15740665910202395 0.15579405295099857
0.1675823673337449 0.14888090063734682
0.16181296946370602 0.1564960616691244
0.15369664585106577 0.14172598636091854
0.17925092230097567 0.17228562091408406
0.16641048654696775 0.15703053272452086
0.1819560240821372 0.17410019103765761
0.15804828672321972 0.14887544501583896
0.17193781353948143 0.1618765045740679
0.14798118986950345 0.14990682046405954
0.17443116817000062 0.18320654258433064
0.1384802955940093 0.1229118451660672
0.12680086314928735 0.1324471438488651
0.17602411369815057 0.16071473922081636
0.15710792797832027 0.15960964129117747
0.1492008157043094 0.1458749612265378
0.1368029832725822 0.13717858696958496
0.18103021264247895 0.16386131793541633
0.17784062579888185 0.17469999519929308
0.16353839632672043 0.16116140973762472
0.15295359163959393 0.15631037473192064
0.15355923217658415 0.13704302305234214
0.14717301622826306 0.1419272047923036
0.20253241660505406 0.20558491968723414
0.14255827737446855 0.15176997855203544
0.17263579442214572 0.1534234864531521
0.18243074719881616 0.17773231552279503
0.13603083287364126 0.13058349505888914
0.15966471064193932 0.14394812012278724
0.1529171744868071 0.15141938296635618
0.1844840422628742 0.1527408606215293
0.13260470214246542 0.13751097200672147
0.15429637737098642 0.13413299676821344
0.136988733374265 0.14559822036375214
0.16574266655914813 0.16595737429313004
0.17238480745445497 0.14356782956124461
0.16370764587329192 0.1686152642145118
0.16508450731606572 0.16665701649045914
0.1785387630850152 0.18392972004382382
0.2093690784069831 0.17417944584430742
0.14008451073471487 0.14467264490431622
0.14101237115997795 0.1581273695339821
0.1859712644954405 0.1763157258751104
0.152895399834428 0.13233651078117303
0.12786992973554165 0.1232368923505633
0.16472248215980917 0.15058091028213832
0.16045995379640018 0.15872438598922556
0.1634537292894594 0.16492562776226039
0.1617339538932898 0.1652466984544999
0.16880886750398827 0.15866463631045988
0.14809480426714228 0.1409655501951905
0.1401521789813388 0.13562337604052582
0.15417847626572817 0.16793134200513196
0.13467776346485866 0.14255128835366568
0.1783766855914609 0.17456381975763985
0.17384001667746443 0.16508556685700185
0.17872476896865294 0.17702707183945096
0.15938486893045015 0.16227320479802992
0.16660835676078772 0.1634508213905828
0.1360550429667084 0.13477530232716578
0.200694716650144 0.1911414754024627
0.1626014411587973 0.16064889919995423
0.13713476487937268 0.14742093892973707
0.173517895174477 0.1551279798364289
0.2005771739846425 0.19434690831806936
0.1817269622529133 0.17632613104886202
0.1573570990583108 0.12696530073456766
0.16636808960349034 0.14196986167670175
0.15166300225975 0.15076909641790762
0.17215434624494041 0.1599741555076783
0.16702128030928112 0.14991933366037027
0.15171646003105 0.15511698008991773
0.16377890970344658 0.13968930222535844
0.15376622537812007 0.14822659077232433
0.12901066088188445 0.14108315440652086
0.1987600024220356 0.19985083504810128
0.16092063252475758 0.15845868251805356
0.18268840220045288 0.18481442440028076
0.16568461300678705 0.16264681231584657
0.1461117148983705 0.14337907703538116
0.14333478737738378 0.1529577264856017
0.1848124212367633 0.1839334516529829
0.15287691372464918 0.13633711368197515
0.16124904940799162 0.1686686865736157
0.16476024123048644 0.1596328139866184
0.1669724928776997 0.16826821496404923
0.12645168918981498 0.12989054285171897
0.11925076510048843 0.11973813021379691
0.159945180488881 0.16830617544757379
0.14641362218083862 0.1367858761323252
0.1679197873847335 0.1515936499919086
0.17965111165368652 0.1566675847170767
0.17286225260363422 0.1640676476640649
0.1572509960643595 0.15155591664524268
0.15064902350655957 0.13699534560132207
0.19804843488232757 0.1655988592047918
0.1354556107710747 0.1410325372395048
0.1504141900723045 0.1471892583897108
0.1593808627314857 0.14878130850668755
0.14627537094124465 0.14851116196450467
0.14507952056688653 0.15214143520071235
0.17772723167843585 0.17056540312657448
0.12650965010808607 0.11818341570446803
0.14722115653818219 0.13693249897535698
0.13667974718487017 0.1362282738234916
0.14396658584541855 0.1382718389625133
0.16028639100168576 0.16222719135197122
0.15962705059809418 0.161878345355179
0.15247876357001777 0.1606790224157838
0.16476937412189302 0.15719052889207394
0.1614263313747242 0.15567788141211583
0.15622754738221675 0.1455409282035975
0.16672984822751138 0.15016070539977594
0.17139049894721728 0.18064232880557052
0.17350108336303893 0.15893503739849235
0.13612312555868575 0.130789929924521
0.17719509649877718 0.17252204180438932
0.17387262516383803 0.16667447683874587
0.16660005914349682 0.18037828196395334
0.1333452019440515 0.12862585655541794
0.15125608377938835 0.149808052609153
0.15553923380455809 0.1390829028257001
0.15417048546948528 0.15020443675853123
0.16046438270183402 0.16626271208637716
0.14671692997580774 0.1484469898573875
0.14615295990406252 0.14574916596853787
0.1876929866990936 0.163262717917
0.1988033266825509 0.19475355085977614
0.17215996162256042 0.1667327476903241
0.14212145343188617 0.15386839701635474
0.19905059632352162 0.19963320000286836
0.17362670152126905 0.17169615942852576
0.16451482647816415 0.16061818563739355
0.14460463159259432 0.14709448793929392
0.1610714439994484 0.15255349660429643
0.14222591135871396 0.14007482680986724
0.18752457601149583 0.2014708456960902
0.16099449394098198 0.16352706448109308
0.14292130243198728 0.15456399490109715
0.1713077527446452 0.16569519352098874
0.19405871976329114 0.16516749269401154
0.15790966830658823 0.1594891452447038
0.15332520821986534 0.15250559550490048
0.15452237058168536 0.1568361153586805
0.20834256359726147 0.1575189932065935
0.12569051816922355 0.13417534014931776
0.18347938178133436 0.167380844734883
0.19417489367355636 0.18278814986783765
0.1699733316041326 0.17624976440800666
0.19056697609446388 0.18923786957652594
0.16717881417640199 0.1553230470604867
0.1663631066112571 0.16654500351347717
0.14189701653050366 0.13686684517174472
0.16440826825400467 0.1776293035481852
0.1823167065841741 0.1779871745314816
0.2083428884933463 0.16655895761577452
0.1469422271066002 0.14384496398084173
0.15468610730020654 0.1383190062728388
0.18235131960905338 0.18005360958711572
0.1547162438357936 0.142935508735258
0.13830384010898375 0.1444557711610048
0.14751599372961202 0.15826820076761938
0.1567827159157297 0.15376625695203952
0.17332309331926427 0.16156057814005423
0.16039951422735887 0.15739886554363014
0.14366154406918127 0.14784691264559333
0.1730557352081539 0.1533669094451678
0.13312181929269343 0.1388327391660917
0.1776980907197353 0.1707449784217707
0.16388299742082924 0.15650000655408855
0.16394450805386884 0.1474560923279897
0.14665809035021826 0.160375899208152
0.1596631115307439 0.13709245100999481
0.2070138030185089 0.2034143706738719
0.18878828584710378 0.17387894825616634
0.17312787816752734 0.183178847051455
0.16149255916270563 0.15353599524944805
0.1328033652131833 0.13688978705027122
0.13628202402398087 0.1454959923521704
0.14019228503602785 0.14238268225474537
0.17731512730727658 0.16907229717467387
0.1511383657382172 0.14970573299779513
0.1711117860421337 0.17281403780302396
0.13029255874241447 0.1321897148176823
0.1676739941792647 0.15881186187660487
0.15338066241632017 0.14876406739240985
0.15224732459436166 0.15235662906673525
0.18095319054286568 0.19595108646512313
0.17350886429908421 0.16463979240145235
0.18456452785078392 0.17574880099398116
0.14610914605638084 0.14774780628375692
0.1460278597756124 0.1462426268802155
0.18034071839225826 0.17123372706719173
0.13745428966459403 0.13810189738764947
0.15864339425412735 0.15264577987908517
0.16602131418146712 0.15630606600730612
0.15549218909546622 0.15827784748382917
0.1544639166358787 0.1450813961703588
0.19230971886354106 0.1457172667195356
0.14709533296866045 0.14667946056927125
0.1555432551780074 0.14663779462784648
0.17649864143533991 0.16961220887793432
0.16428891444657515 0.1420296699167073
0.16515867004555126 0.1631971346050055
0.1712412863659497 0.16215084350323927
0.1368313059872624 0.14417986401373256
0.1481153382108709 0.12497429525217431
0.16456227142633786 0.15921149859926018
0.14943173712852922 0.15871157806854233
0.1469037693782793 0.14708394593678956
0.1461568091946661 0.1419979436745996
0.19452061110328436 0.1873816865681862
0.1415178430434921 0.13549270699964613
0.17671361811706826 0.17356647284851204
0.16149654715941644 0.1473833762659
0.19569791339967266 0.18369283737328634
0.14641419824263935 0.15458768945470677
0.16694526429859935 0.17554518798782281
0.14502378491636272 0.14236108957489252
0.13685966724725984 0.13274059674498057
0.13552147463297948 0.14581968181173302
0.14537533734957972 0.14713545958200816
0.16725525819686174 0.17002337736381337
0.18487727344147747 0.1909599815735117
0.17542493082739755 0.16759276784089971
0.16950110264471058 0.16626288436976117
0.15541403785201047 0.1543160505862254
0.16500482723383783 0.15861223147288805
0.15312585253656075 0.15832211614263184
0.17850801534147293 0.15615936675688227
0.12838126566581567 0.12024099107153266
0.14530645500148856 0.13236238468042127
0.14203371441962082 0.141925389157416
0.14491029685479176 0.14600565610691266
0.17100565194843415 0.1767853421043975
0.1274418047218969 0.12062942900083487
0.1599638070421618 0.1536957353680824
0.16994705011268346 0.15292966146327525
0.1824342566087332 0.18078945984740966
0.18629801890952627 0.17551032915035808
0.13183718653228194 0.13027528233328284
0.15787852497952684 0.156406193066599
0.144425924631672 0.1474503123815045
0.16651021164918428 0.1470044046593001
0.15784243761142247 0.15553584052475966
0.1713197676604001 0.1646608945123304
0.14846736890157672 0.13568193515795837
0.16650975878434748 0.1740489910216921
0.13889471544201498 0.14323987112672437
0.1632323088347237 0.15106959605310197
0.14799325710154856 0.14489023740346124
0.1529266719036421 0.14659731648620292
0.17126066610372154 0.14168511752383622
0.17235611903716472 0.18054117072408887
0.15852284094840524 0.14435458901048726
0.15977559400932453 0.15427230990593604
0.14908785820912537 0.1598198196674011
0.15465202604199157 0.15698996934659556
0.14579309043731276 0.14391817099841495
0.1441213206522159 0.15000581739208646
0.17094481062206082 0.15565427050755418
0.1815122976492658 0.15851721006664798
0.14353242773239538 0.13783737194764348
0.14110060349531914 0.14522595058857582
0.14970680877005538 0.151917990217423
0.1664179555447716 0.1593282560927047
0.11990359395298908 0.1211569897294019
0.1760195706712304 0.1699028841048834
0.16453139615436116 0.17349989437839763
0.14331808006109917 0.1346753039088546
0.14281837910842088 0.14323248087647117
0.14516873170692188 0.13699058710630518
0.19461355214927042 0.16159103191406501
0.15772564519129448 0.14976049341806513
0.16197154298064775 0.15980255096406798
0.14504445791223053 0.1426276681194473
0.15768583936120995 0.16109470509720364
0.19161108220703502 0.1703100454957571
0.16237303878099751 0.15873834114038873
0.1516957799136737 0.14488379078398728
0.15432739591760003 0.14678888798475423
0.14314371517824945 0.1280267682177249
0.15249583555439833 0.1470782638863272
0.16707652591346986 0.16165052866409793
0.15471957840466982 0.15508502436820035
0.2052306992644452 0.18845012554066998
0.18179189366128787 0.1565846705995613
0.16528201526182082 0.16784978595470731
0.13927310438423754 0.1402650627307022
0.2045081916068557 0.19232400273853376
0.16419952330886387 0.14999835757609511
0.1524479062338693 0.1477891865058298
0.18795346231515822 0.17317041555130383
0.16430612310148163 0.15478643564307465
0.1353629766837527 0.1436846917681318
0.20221405557253191 0.19000093330700182
0.13177483904818363 0.13309242771495972
0.16632524049705608 0.16977660963355504
0.164014039784271 0.14635696532355966
0.1409385649371814 0.1519083506750306
0.16505070914280315 0.16064510809715113
0.14386571211126536 0.1522897047430534
0.1274198671595915 0.13193057260991664
0.14229474988379842 0.14308352533935312
0.13785370944799524 0.14004294479547238
0.18063513560492322 0.18134080320831128
0.15771716045413828 0.1465181740302052
0.16224319481830765 0.16240640050937297
0.16399184418342672 0.16595925832868363
0.213523707029913 0.17493655464890479
0.18516995348520465 0.1781005722196742
0.1480635450423403 0.14350820245901133
0.17005460914019394 0.1776235474114696
0.20276792582628325 0.14442645150533767
0.150711115029583 0.15383824385616093
0.17046220325469563 0.17232158666247532
0.17968978596259924 0.17138664940527898
0.1722133641198491 0.15967787829699615
0.1922193844070082 0.18291790526119203
0.18441009041222395 0.18129302355524
0.14445537481721868 0.1504746799638792
0.14795204127571307 0.13854804378912247
0.1705730637859517 0.15688736045390148
0.1707118833687605 0.17444849374586216
0.17930560744236182 0.1846455669787406
0.16534693885440613 0.16279829047421307
0.15457102490850433 0.14621239966332555
0.12413488817229375 0.1347155073934004
0.18804626266359575 0.16685509194069262
0.1351346477998138 0.13439933126266762
0.1570077992466055 0.15749644920071326
0.17232859936722425 0.16372392503412345
0.1527082785256879 0.14327388763561638
0.12495129101468332 0.13164266721983936
0.14031548055465082 0.1345303848651565
0.15813750936468618 0.16150051584172614
0.14611370137734875 0.13234751202772185
0.13756802668312296 0.1406861805417582
0.14587756125594667 0.15440828053405767
0.17438785261345555 0.1524133727588656
