0.20676297912962574 0.23832457105257596
0.23339403632268674 0.2643368104589588
0.23174144729444282 0.26361988710519424
0.21110230651090492 0.2509848119823481
0.22865169254750692 0.2637014563208325
0.2343791810839823 0.25324663386936913
0.24353664587689547 0.2785425100230126
0.22880304719551264 0.25572686014869883
0.22764111861229805 0.25924430352935635
0.23091922058589193 0.26848336709918824
0.22804747682273205 0.25791284450487545
0.2286622966359508 0.2698021864808727
0.23415474230708527 0.2684811616888412
0.2241475028012487 0.26381989591383215
0.22598571942821302 0.25873493988379814
0.2385001544665582 0.2643490766415665
0.23393423018450324 0.2628100369597721
0.23415508582197192 0.26287345652974686
0.22171994000415754 0.2382252855524364
0.23209601395420232 0.2650496707307699
0.2288637403139991 0.25354712966543536
0.23414050712454534 0.2489390521159436
0.2390812256496757 0.27316485319285605
0.23197586709775767 0.2751382189565741
0.23880323067232084 0.27487332753194993
0.255823243748709 0.28184233017874677
0.21690243697296377 0.24117649488293796
0.21101520063607526 0.2510406082614156
0.2301299037852099 0.2596406643868521
0.21104349679014914 0.2422638921571835
0.2372369975847429 0.264836367227203
0.22518769423143573 0.2575298638055737
0.22890630211115126 0.25229277385834603
0.2280896666077302 0.25926877216775807
0.21874297615169622 0.24452681630000084
0.2227811463745085 0.257124720855553
0.22570197950017165 0.26005900283403244
0.22968443528370303 0.27706206329838706
0.21670472607272503 0.25069580607502195
0.22574605236377374 0.2609789554328878
0.22606894157164628 0.25636643318388946
0.22218760100176219 0.25491040504014556
0.22031196225320077 0.25531958262589466
0.23177260479812564 0.2597082095564282
0.21648062190291475 0.25211732402245846
0.2251157359046822 0.25875074199529996
0.22643034955837094 0.2444436479974557
0.2352315303625095 0.252343254924306
0.2292673708912226 0.25982058926568774
0.23399460062617725 0.2700599886019187
0.21803424785411513 0.2603120036702654
0.2218840652939341 0.26036769439377205
0.24818080430253922 0.26356108197842903
0.21662421053062514 0.24774362967445943
0.23090377559456524 0.2578049886567383
0.20529336846358961 0.24589864580074924
0.2227060400058529 0.26170421909794
0.22443977745438648 0.24878805434003615
0.22989917403509325 0.26667175462322873
0.22930712586805788 0.26239761203656264
0.22537604874372746 0.25964956922807936
0.2240038020955831 0.2604470440383208
0.22910913304709415 0.2512534341564847
0.2325332424099456 0.2524393590177272
0.21887001643224177 0.25060498013341526
0.23755168237894672 0.27075602034413976
0.20230512777461715 0.24394128193348236
0.22975449840784096 0.2509602253299284
0.23722828328471454 0.2680824763588028
0.2387521567838403 0.2714050521561905
0.22706320602656732 0.2643706816186886
0.23476616249501028 0.261731803071954
0.23758241994077212 0.2645193344411903
0.22420306382242153 0.2565754286980667
0.23189058528746845 0.2615087169223921
0.22622667404897126 0.26715073268962486
0.22887419253954827 0.24419413369564427
0.23575655408830012 0.2595821781742956
0.23264378989471213 0.2602284853410557
0.21592784350756544 0.26051819559437567
0.23212967835329398 0.2731934070929456
0.23601738610913298 0.2557649962410789
0.23853605886079177 0.26251745944306215
0.23121802316625245 0.2617206237292226
0.21384761510159184 0.2553519642674841
0.2337948263050185 0.2674897947840306
0.22490982243120344 0.25566594712177615
0.2096588665208268 0.253541849575064
0.2310994490979729 0.26528448293504153
0.2222551391640489 0.24846619270467496
0.22205088595316977 0.25888186892656434
0.21943747443977002 0.25434271210062415
0.2239486525738065 0.26149336354618313
0.2251947122511358 0.26639681086810435
0.23277896777697965 0.258786400261573
0.229023409404714 0.250525210831255
0.22652375109601292 0.2612063693310888
0.2542977902248873 0.2812163649321716
0.2316956708562892 0.25691621266538683
0.2316744229318132 0.2589381734745188
0.2117145071201969 0.2505144046706806
0.22050505239676244 0.24659410336707813
0.2247635647843052 0.24851203953752635
0.22741095761757207 0.2553323120634489
0.23835209418840217 0.2590617903220859
0.24966416426432314 0.26809882697515536
0.22562604338180844 0.25569425226478776
0.21895349912249118 0.2596723373819827
0.21309235433848728 0.249950352585433
0.2362764592614459 0.2709525759889046
0.21906799709467795 0.2536755858235194
0.23076522161279064 0.2639589987943134
0.22811913256909794 0.2495947600887227
0.222221694124451 0.24153180079264014
0.23208077118884893 0.2627756503141281
0.22802938118179358 0.24832972705162443
0.21183829558240885 0.24736245310421567
0.21563763727944224 0.25664950137374054
0.21757621610242767 0.25496632225157856
0.23903079008808395 0.26854856857679277
0.2225338405947258 0.24875643483320065
0.22315069323170006 0.24947306171351127
0.22301720526370725 0.24733433161522347
0.23298410170425496 0.25530626285617664
0.22323754496870424 0.25027121516308093
0.22171662313671786 0.24913680158919344
0.22195840482741439 0.25169143312647124
0.22976640798475767 0.26142711952889947
0.23941308219332896 0.2513363458090983
0.22952653786397811 0.25639195621900973
0.2236305907642758 0.25520508785939855
0.22630551507368615 0.2583455309232021
0.21668052368393056 0.25608890774597864
0.236847594927269 0.26508215810219843
0.24151823120256982 0.2685326889290898
0.2350154789654375 0.25933222291683034
0.23575817007380703 0.26553692758322306
0.245313072275394 0.27963070606899315
0.22880544917752385 0.25927617461826835
0.23058699415878392 0.25421473351005786
0.23095514122806304 0.2753858800155271
0.22494890387792135 0.2577103736121527
0.23181102240070492 0.26628621238859856
0.23733803876997317 0.26606624887181796
0.22721085879599393 0.2645062604020037
0.2272590274524323 0.2622644791177283
0.23495244743295512 0.25518823160317444
0.21829010689477304 0.25259821208852334
0.20999047459654352 0.24240785385255803
0.23773625879202062 0.2694763169891145
0.24548774322796627 0.2736696192198196
0.23995053893469628 0.2651134010633935
0.22377305186338364 0.2577642230100769
0.22277578673023649 0.2619574881656907
0.2234568283187242 0.2537459879362746
0.22654884849912924 0.25552764302654785
0.23997026576139371 0.2672711383810593
0.2268057163216926 0.2608776839998128
0.2178561966151446 0.2661181031121474
0.23138562551992664 0.2552235435912298
0.23235851898968884 0.2515281720900065
0.22402389276216478 0.25925040159325147
0.22405109092877534 0.2549023539489034
0.2284079354073592 0.2549702775913028
0.2132135597678225 0.24667653180685925
0.22995393498061445 0.2592003966600726
0.24496031568281632 0.2719485826000533
0.22491806593820374 0.2501815092231491
0.2324094036658168 0.2589841689781536
0.23448787743012892 0.27286857171682904
0.23231653500559762 0.2669771712984526
0.2219175709666795 0.24685038876353022
0.2429123951428952 0.2679082896445072
0.20831922205774153 0.24198854133113532
0.22745305602362265 0.25547925552235007
0.2145372914263499 0.24883407007427794
0.2219315592088282 0.25908153736321005
0.22330976797101354 0.252075997104947
0.22705228464494354 0.24483916592447696
0.21555831536073003 0.2470418565813613
0.22263753295849623 0.24768733794049597
0.2434277817531589 0.27722451754427035
0.22721097492693876 0.2610619629980731
0.220824863127113 0.2526707744648927
0.21425186789146122 0.2533899342525481
0.23219909806145675 0.26979007330087706
0.22068390486247919 0.2489387929046566
0.23209153970489974 0.25727233754353823
0.23362231664750047 0.2624119049085308
0.22347659324381297 0.26225902259666933
0.2253684450643497 0.2618224227139215
0.23314707696035472 0.2608404725007043
0.22261436880602167 0.25549612923445914
0.2211539799301343 0.2388780911517162
0.2328361791886541 0.25038033890972505
0.23847442184913695 0.27641066182653423
0.20444277542851577 0.24544035243092327
0.23744104223939425 0.2648716864154395
0.22169764850119275 0.25247958778045904
0.2219222570326578 0.24497358228050958
0.24226997155297428 0.2678423734450781
0.2388326904510247 0.2740827088527876
0.23362961439876467 0.2571945617806541
0.25856206638313495 0.27612475259100766
0.22431082777527134 0.2399965087990168
0.23278108492209043 0.2549604134231546
0.2263575942843275 0.25354442735543126
0.2265041464578998 0.2597961267635389
0.23204429103078375 0.26469059660846117
0.23834608893703976 0.2641050618527866
0.23617709385358418 0.2632675611503752
0.2332330927257494 0.26675464697542306
0.221242441301899 0.2598526785352895
0.22690946860949535 0.25283084424856467
0.22117201090108077 0.2506750024502262
0.22950917657443945 0.26545184278087675
0.2291959301763532 0.2636939664466339
0.21488895006232572 0.25252555301213114
0.22632020819220408 0.2684954768643896
0.22744051363004822 0.2642724426633196
0.24496576988588412 0.27390807061657374
0.23148358128468643 0.26122139224040747
0.22394897137382988 0.2493790049988826
0.21367862892494865 0.257336091387154
0.21353012492451012 0.2414838355738531
0.23147256839509642 0.2530056450186726
0.23338316982698815 0.26089436156360046
0.21745565390148497 0.24070665400239175
0.23653492484886493 0.25899740130351434
0.23256758839106859 0.2670917010697813
0.2276106747355345 0.25588287226751233
0.22588662605604007 0.25760256105121443
0.22755231518391222 0.26211384061910076
0.21819540859185602 0.25591485083961296
0.22473435702248185 0.25425168923692704
0.22582499257243802 0.2576999394517859
0.23067185944167423 0.2559942620672336
0.22900062872056753 0.2698400031714742
0.2204489505537694 0.24842896133642567
0.2250108689380779 0.2527304481637718
0.2238649042631945 0.26175441574801617
0.22370005297678455 0.26695289272199046
0.2410978012296149 0.2707575978343175
0.21622990128192626 0.2523093687326316
0.2244628196424733 0.25593831235887815
0.24006304629255953 0.2679404040558178
0.23979574253204722 0.26879799948780303
0.22333130598445003 0.25393191890720085
0.2283914844335031 0.25271013230364414
0.23625753612107658 0.25647779933874937
0.2299625757515856 0.25775162790887124
0.23381391837038304 0.2541722877141942
0.21386340033530943 0.25409987218953517
0.22651080360711537 0.2547426567929737
0.2488996900165374 0.2638803862730895
0.23817333082005943 0.2658938684589078
0.22816997953735307 0.25229866277312946
0.23208546120262696 0.26219848509324184
0.2270166805110887 0.25567125637503374
0.220057171119642 0.25616114389442673
0.22518071800220457 0.2508595076690756
0.21875896714011253 0.2553710569476104
0.2176621425273866 0.2605908364070346
0.22420551751483067 0.2465775975678545
0.22417379832306028 0.2505165720464134
0.22653075179472756 0.25079614198388933
0.21909162563738735 0.24846660708110124
0.2288660304585378 0.25586626773826593
0.22886178885078076 0.26436883191971466
0.2224044452407151 0.2612181701535959
0.22028193172676488 0.2530759632998272
0.222017337381664 0.2522130642430627
0.22171643570614089 0.24434412792606122
0.2174227831837082 0.2568307595113358
0.21625378603415923 0.24285751796311889
0.22538487818700895 0.2528125482583776
0.22668210258747704 0.2553834041954555
0.24447504378155388 0.27354943945407434
0.2246662344924118 0.27167707347811165
0.24141350440483414 0.276915901112833
0.2365369839516957 0.2648181200176266
0.24686121338875547 0.26614415466529273
0.22585930625284326 0.2528481617434581
0.23489781137820936 0.2678206279236171
0.23180503467981756 0.2609051031241396
0.2224743284887585 0.25894707605189493
0.2285396839071611 0.25271888501540224
0.2315201793237293 0.2651751927449575
0.2373400771020181 0.28001812827614564
0.2365866675784026 0.25941712612369494
0.2285142268597998 0.2615450965404276
0.23882146945192845 0.26694646065398314
0.23307324726313147 0.2698931958894228
0.23793858515266855 0.26882744618813725
0.23383143242926843 0.25995022142978136
0.229290709461302 0.27152613006607174
0.23885422092160796 0.25813417250356435
0.23803577314183383 0.2612649727598462
0.21849178626804472 0.2561781980775236
0.2273332120713659 0.25860562183406155
0.24254408167250383 0.2634872550506859
0.22405236631878858 0.2636251777464361
0.21999457859108498 0.2575108251384037
0.2208022631686808 0.2480049494431678
0.21852198853933985 0.254145275660216
0.23288605007015314 0.26854103119776035
0.22273840178700555 0.25717868494718477
0.21253889298650402 0.2546373703718553
0.2227119199906978 0.26799811101707527
0.24143625802438143 0.2738463840708987
0.24055277111634316 0.27843344838247325
0.21060150013834833 0.24485398247472662
0.2217311287536306 0.2641142248761667
0.23096992243497913 0.24707984985615894
0.21790170300171435 0.250103457663643
0.2401291395490637 0.281652172698472
0.23877477147577042 0.2701596749828209
0.2273845616239662 0.2684782942615058
0.23992772760563202 0.2729356180409139
0.22341174141355713 0.25625998953894596
0.233848829968154 0.2799301091046882
0.2268673148498568 0.26563741480976616
0.2428280180573585 0.2674728236868469
0.22535363485384446 0.2601858168420514
0.22085390132205712 0.24968717983743624
0.23442311703740695 0.26700292745444476
0.22933599798760002 0.26977612850689237
0.22799548522815116 0.2577459691380901
0.2387857615574947 0.27053282128551426
0.2219384182120289 0.2575352795150736
0.23965444455803583 0.26732508495040586
0.23701565868679855 0.25680075551134673
0.22967590896959306 0.25523327029315973
0.22437870292996084 0.26086591197104486
0.2284842576726557 0.26174698004102576
0.23262924306116997 0.2712888818267044
0.22036391356914156 0.24492080003551434
0.2102118087101859 0.25246432004040154
0.21906320060153445 0.25709166721868565
0.2138549596089402 0.2418657649952337
0.24589229126308773 0.250119713477196
0.22859366549879556 0.26116168459992056
0.23534649676528613 0.2650727814555044
0.2077949476409837 0.25238411806258104
0.25092440127889337 0.2835024194490812
0.23842190864880675 0.2767597126743527
0.2308307282179343 0.258270964289286
0.22794759881783525 0.25342851558594254
0.24012083794260608 0.2608013913303508
0.2262125285268276 0.2587614136135979
0.20706207954013786 0.24169966095504963
0.21445293265682963 0.24632484470723195
0.23041107003186304 0.25333936230237325
0.22049009406700495 0.25182112800330053
0.23432637992922767 0.260827465274371
0.2345387556868272 0.27595592588074375
0.2205297271240104 0.2464169468404273
0.2295018133144009 0.25163937398130287
0.24668687009523854 0.27794783456118555
0.2255504228713156 0.26442891978501926
0.22289971198688882 0.2543797959887816
0.2183959852394432 0.24895055986171352
0.22962618412806782 0.2670078288951482
0.23045472648485854 0.2552722957563395
0.2342822733909876 0.2713129425740383
0.22154991375317942 0.261049143288432
0.23603258869914623 0.25752637332126205
0.2263810430428917 0.2640995578914039
0.22828415958547318 0.2526439419539796
0.21699002762448844 0.25138051944201506
0.23666785446007804 0.2704206579983802
0.2172625193594747 0.2548033899060981
0.2395213029145566 0.26142831665880695
0.2167330783972491 0.25121237955841197
0.21315090418935748 0.2406217817017357
0.22336399334880963 0.26281346855685317
0.23724387975867772 0.26238887615419554
0.24305847658005286 0.2716521725492616
0.2194834433687077 0.24873284006960755
0.23104153117927628 0.2628270356210956
0.21995930226466515 0.25651157594011553
0.23568518355742094 0.2638529733516281
0.22268258424009563 0.24908311202844904
0.23330401003498535 0.26108393553999765
0.21735291441279625 0.25141538350871084
0.227130600911206 0.2523314486993133
0.22761082800941124 0.25001061419083537
0.21267055439745472 0.26080972958182136
0.23426061169859072 0.2571423359364413
0.22977125891226396 0.25834404723585935
0.22981171946650783 0.2610349953182894
0.22821407076780975 0.2582282101462871
0.23695035088205382 0.2746872687767627
0.2256851818506531 0.25846271248500124
0.23107009623845873 0.25337220480118566
0.2500423704807334 0.2675927650637882
0.21386028848621888 0.25292494847175323
0.21714587311173095 0.2546481712072064
0.22194047815458198 0.24826387047219842
0.2206582878511023 0.252334445413354
