0.08867232936788391 0.10107926230433095
0.1402519678312871 0.16844816916148295
0.13395043110461113 0.16008040171874863
0.09339295716837545 0.12062852755585855
0.12372705746211173 0.1467971300083092
0.12785179614827769 0.14031624623615935
0.1489378902948335 0.17659064320972517
0.12007995088730065 0.13703884484964546
0.1260310713412851 0.14696775511396742
0.14097516064622487 0.17281099710935197
0.11681406645481773 0.14672266500639203
0.14298648081792698 0.17597399046388074
0.1370792075250917 0.16611222094158296
0.13754540405550902 0.16057383726092067
0.13773182157676925 0.16379081260396938
0.15518210105086164 0.16155959330682587
0.13765197129463805 0.15302249127903744
0.13378449143443305 0.15838610195899197
0.11820884261450196 0.10160096964840265
0.18261980754449741 0.18083270454418318
0.12209245419447393 0.11862122518264906
0.11973813070808643 0.12009104122479526
0.16633418079308562 0.19394900865115725
0.14546930366861735 0.1802062694185686
0.13636308319732945 0.15847409129143294
0.17795631857927108 0.17806030291520009
0.10276014803431982 0.11721302608341708
0.10220540930131009 0.126648966555034
0.1282693180058576 0.15354223647576895
0.09012342875506375 0.11053137423221981
0.15173975235537196 0.16667943687912476
0.11369575647574469 0.13649806888768315
0.11818190881609712 0.13733173740530638
0.12714411560589098 0.1494901733602353
0.10911237160985333 0.11784565059371294
0.11307295477147682 0.13307347781201637
0.1449035106057372 0.1612635720627365
0.1455054331665045 0.1720728589075899
0.10220238573047065 0.11830055622539326
0.1180614034939996 0.1375084414689906
0.11267394920890988 0.13053276574037564
0.115916009611654 0.1334681655804043
0.12472426617203224 0.1394525737858441
0.13724480532013342 0.14776330061782703
0.13045119558426582 0.14036932182956585
0.11259275295738451 0.12904420179483278
0.11192719526685795 0.11100048570071332
0.14923804327864634 0.13282373749436371
0.12211271345514697 0.14317386813541563
0.1336089163181109 0.1665030321836537
0.13291819984563444 0.16540017747634228
0.131131805911599 0.1583176504718126
0.18202486684633956 0.1540636720538076
0.09988026761934798 0.11868239794053545
0.11841399645400977 0.13945749923106138
0.09011705671433655 0.11262027232151171
0.11764346996951486 0.13274605254963015
0.11928081548576136 0.12558520231618586
0.1250277062760032 0.1463664471261621
0.1379367096337604 0.16346714790066985
0.12341932588683555 0.14763293975439848
0.13725556730173694 0.1559861597777424
0.12202049463846898 0.1358695607752716
0.11701914926035153 0.12533526518461507
0.11446212095648965 0.1356774758341369
0.1373528266842827 0.16369059853037327
0.08657316664314392 0.11323164363600369
0.12472284824818564 0.1264030428758741
0.1506837847686953 0.1666355017889698
0.14105149767370526 0.16620675380242825
0.14643146999069775 0.16383027279895826
0.16339743455686517 0.1717333534512217
0.1499455447588904 0.152280372098754
0.11136627129998727 0.1303448291590289
0.11328120522177529 0.134271690530958
0.14842739435106353 0.1605627086704999
0.11661823354223362 0.11803343970583166
0.12450304353392684 0.14045558402695615
0.12433618167645205 0.13975905660078294
0.10117048801699606 0.1302212298491945
0.1308647350382935 0.14893587339656617
0.1395045348339711 0.1386271349693804
0.13909483073302428 0.13030671071039637
0.12644025117712707 0.1410088349128606
0.11569292155819161 0.1412303546514977
0.13890909102473062 0.15286944613312073
0.11466845468069069 0.12350932282484622
0.09217713032276906 0.12407953206429599
0.12034622696235171 0.14707201685743396
0.10715598488355682 0.11622909143570422
0.11941282243378445 0.14013860586419724
0.10063052742648725 0.12167472967069207
0.12005462343785599 0.14373310936916878
0.11881662571622817 0.1495760771103072
0.12115558753494009 0.1182766975237422
0.14467464660599186 0.143820958141287
0.12023311192553285 0.1471572716518658
0.194741483655669 0.19393261281967103
0.12058902235839038 0.14499985170092344
0.13726385949739614 0.1584222324542795
0.09346337374166078 0.11489459790439051
0.10900180865524996 0.1192357476302404
0.10909983299860826 0.11655073921895971
0.13451611109384323 0.11918491936673556
0.15813662375382445 0.12462649117154923
0.17382811406729065 0.1847183393690984
0.13130138648244868 0.1526627920493173
0.10675367384467699 0.13269449645617004
0.09625150435338155 0.12383074302311288
0.1381795690969257 0.14986218412440996
0.10593085524436818 0.12798787889840293
0.15808824858047127 0.18558157891346164
0.12318029076865913 0.12962571807093268
0.1151802726437013 0.1001590466879586
0.15611326421929986 0.16238591744305692
0.130167992162984 0.12962293112490852
0.11187038115478573 0.1384126980816919
0.14064771445200405 0.16385457208585874
0.1010674832911119 0.12520788026982188
0.1275274586640101 0.15630383295860292
0.11677123914621455 0.13006452284216488
0.11845741663969933 0.1343466314245153
0.1228798735074215 0.1279371617145281
0.14029454840688718 0.1388757231651928
0.10988835832630992 0.12511894507792465
0.10883487889566996 0.12843983024390596
0.1290058204142848 0.1188846622665484
0.13335995321056818 0.15238368801522245
0.13882559112221488 0.12293214866973608
0.12119575698487968 0.13376546930401118
0.10291138831653107 0.12214832558725598
0.14056404146672857 0.13359766010555654
0.10341191407711456 0.1295533137355065
0.15849636187805313 0.1692885822775198
0.13892587033225487 0.161273816714722
0.12812245545975035 0.13798721567320107
0.1508393844283568 0.1502710096394917
0.17489828834680723 0.19568346251172375
0.10733229963721545 0.12681949451146007
0.12149895276844878 0.12735026055421356
0.1415098124224633 0.1790771373137002
0.16691044419283915 0.1524479302001239
0.16484141397871954 0.18985236762069005
0.13448668898621216 0.14197497208179866
0.13911327416830874 0.16606361922981502
0.11323078865122424 0.14044286908368656
0.1340831183508495 0.14097128211177118
0.10428326269787329 0.12882681631635276
0.1171167346622546 0.1254038746431086
0.15411132141914524 0.17321972189857296
0.17610867162043062 0.1935394851502689
0.1476366622113485 0.15332709309109382
0.12558923821911908 0.130927132925713
0.1154607599327874 0.14533157534883845
0.12307526727953344 0.11371977119003213
0.10801153773182083 0.12796731900094552
0.15064270704766197 0.16106274919697636
0.15414045119416125 0.1757868180616339
0.0979141455157062 0.13138412722721185
0.12862837396025245 0.13332499559355615
0.10595507064699337 0.1197725532720898
0.107004754287955 0.1375862738154361
0.12216684983154116 0.13418604121359526
0.11202211805391477 0.13459099752417497
0.10525953800538429 0.1143492357416912
0.12409613262844915 0.13799852386496497
0.13592191758206393 0.1562515017268858
0.1197303552886902 0.13131491885915245
0.1270062007701661 0.1467582325933538
0.1348333432336202 0.16266996856233226
0.15723637395832366 0.17594385339393748
0.11050183445186482 0.10815542438497908
0.17260137341806644 0.15554803149121618
0.09094115959530591 0.11119577909513467
0.10750183565826492 0.12586083951835608
0.11159055392363061 0.13103641549782052
0.10746577942336476 0.13252094675552495
0.11385889104355197 0.123020602088405
0.1046357674449869 0.11285260958032707
0.1029325072656035 0.11683654727639309
0.10592558692782134 0.12104099764667654
0.15358641863379507 0.17187532750006657
0.1426987285451852 0.16873498039753082
0.12875915765545012 0.1449199355309826
0.10397066001461093 0.120200974739265
0.1534555696560727 0.18388719456820585
0.10803868694139368 0.11279522785849434
0.12264136601019368 0.14143543356666557
0.14020424439517595 0.16676837677609188
0.12035699844175518 0.14967876444327874
0.10768904087990164 0.12743431729260182
0.15137610656417733 0.16918102096181645
0.11093486742227536 0.12888917652131054
0.10484086787980938 0.10686506432054893
0.1294880783329428 0.12948635053936686
0.1511900034765862 0.17784421404186576
0.09131511856063436 0.12449712753837146
0.14644844245443822 0.16989387291739186
0.10005569726320701 0.11487615856124238
0.11046407794963715 0.1109669995364552
0.15240971069469078 0.17660370595291344
0.17061472865932092 0.18665983837018257
0.12484787364939018 0.13311737774920895
0.19820930383904095 0.20064711077333375
0.10740805697707287 0.10428161074360189
0.12676820931823837 0.12809645162977032
0.13386466430105248 0.1346122225759493
0.11600945176100394 0.1407253813682961
0.12908480268091135 0.15391546896981598
0.15162362104740204 0.16541935967056656
0.13671508980414707 0.15654693046190596
0.12422364486363933 0.15213457717979484
0.1469235636044139 0.17692132491375429
0.11661288120158679 0.11940945340626645
0.10931718905871803 0.12471136470952152
0.1387467232659326 0.1589085240524788
0.12974455383982758 0.15571009350819676
0.10331057827678547 0.12417758940719704
0.15397776005877306 0.188653819664671
0.12951566827610814 0.14296103420208875
0.16130141932304362 0.18605076765766004
0.1356166149902911 0.14520935411998584
0.09638133098733176 0.11272115423176488
0.1289258087013614 0.14873669834439948
0.10005738294883303 0.10893037531486745
0.12264239239050476 0.13368277062343617
0.1557142871378684 0.15326512114610874
0.09643333381460954 0.11253685216056927
0.13008445392412857 0.13255448108518128
0.13216890702039646 0.15581648124844774
0.11793037578128741 0.1252043750366996
0.12098634531408975 0.14353654746506517
0.10952829302389183 0.12899385496192547
0.09173612703026798 0.11287004209320185
0.11514831622706637 0.1295063348659662
0.1250855945138623 0.13749633295206667
0.14694013022832236 0.13417836199081443
0.12389134632702387 0.15681780345738378
0.11145991255258877 0.11521714457114816
0.11417587638034896 0.12410581523583553
0.12221445946014578 0.15247751139756371
0.11993020417738892 0.15812997471208037
0.14828075918042785 0.15782162154854915
0.09367263893407463 0.1218287682040122
0.12429014228652777 0.1349388074565911
0.16632140229945738 0.1762284680945359
0.15261729755508305 0.16626484535561015
0.11944547728448204 0.13730805297739612
0.11230920988437018 0.1313079549870869
0.1384266808906701 0.1512925432094821
0.12641489090505575 0.13743468737661163
0.18118153131918438 0.14524334661508737
0.09359358789871026 0.12057873791204698
0.10674674166032966 0.12212959479562649
0.15291860453798026 0.1464465086161075
0.15725208673390084 0.17894298657760524
0.14230402555123756 0.15188065973953602
0.1463824674304482 0.1594123428403093
0.11588045819714124 0.12716889629236944
0.10872499981948795 0.11485184763908048
0.10432680506752406 0.12804448536601368
0.10894194683297734 0.13792310222864548
0.1213624021679913 0.15400347408906012
0.1298113875239069 0.10956913279656016
0.10897235852754461 0.11089904621224146
0.14167184783271128 0.14765172483076497
0.11029499375620815 0.11950402001613752
0.11826432676922354 0.13020845393070016
0.13396985274986356 0.1662281781992669
0.1259742347515061 0.15583989524049557
0.1357988806021009 0.15424495418546272
0.12522916734560546 0.14378935328426448
0.10235336027803035 0.11326687652084197
0.10705689334531092 0.13465271330465586
0.1260322295800346 0.12984085718883473
0.11229174905019262 0.1309341842993774
0.10512185241332267 0.12631583474486846
0.15515619392584173 0.17824504542995714
0.12534747878541277 0.15731253362559047
0.13490977042760494 0.15297038624049888
0.15680862620122082 0.1763973766257938
0.1641748321392478 0.16187151258539464
0.11470730622415555 0.1318141876704443
0.1587387161148417 0.18726524611792839
0.14565126278287555 0.16230712213501772
0.11111180729959914 0.1311816501296951
0.12454220562033501 0.13853270636589432
0.13211715266044652 0.14636576015721475
0.15181807743434303 0.18129508022164142
0.16062249969542997 0.1609260675929718
0.12614815250820652 0.12876394759134266
0.1432602608051062 0.16954537933021221
0.13490569353297643 0.15750910597140336
0.15879763591785045 0.18272303206334256
0.12681115600325304 0.14656064200234398
0.13389463705656365 0.16637901236538222
0.14553355424088482 0.1541941228664246
0.1444645886401518 0.15398826007671393
0.11017044130736668 0.13924457889482175
0.125536612389371 0.14658414514700935
0.1384086026379907 0.15214325794807573
0.13554633193655444 0.16226064053401149
0.11367904185864403 0.13582253915729764
0.12729288169996728 0.13653049919032728
0.11000650684226124 0.13156611899819556
0.12548935498326283 0.14862610253728611
0.11806734107009156 0.14033769074923813
0.09823834099995532 0.13108336609046684
0.1388739640656418 0.17184367598258893
0.14821316473967397 0.16917819574747228
0.14199982799538308 0.16344144327733878
0.09808295405932349 0.11557721768416007
0.11474682315202892 0.1383723043788744
0.14605749497886808 0.1439742888018075
0.10906831425030615 0.11604363410687336
0.16188218495479642 0.20206995585975662
0.1687243291295044 0.17163813330324826
0.13114526683104305 0.15859392143560785
0.15978720572975974 0.16819694169129681
0.11036743075733875 0.128983459936733
0.1108485723259235 0.1422080193443454
0.14216712368167714 0.1710277449562493
0.14871221945557603 0.15469377945649845
0.11571009508501882 0.13457458478686038
0.11834246229111932 0.1170275661636571
0.13183238636540612 0.14078292640576467
0.1350733963085032 0.16460523592097812
0.10602654911005867 0.12601470132225598
0.15551647788276565 0.15870037762857503
0.10830756499694734 0.1330349953391588
0.14915628719217305 0.17355748418307823
0.13403164235498669 0.1472173866352317
0.11957454853228851 0.13338868197102582
0.1110094226708168 0.13697189959180076
0.13330369420143387 0.15388249400953777
0.1310988231932308 0.15346105719357445
0.10705363652046161 0.1254482396807872
0.10052671715560495 0.12336430764870461
0.11373995415474772 0.13705659069766998
0.09865433877865547 0.11698905068057226
0.15130134163520884 0.11799399473537196
0.11578444866315483 0.1405861883752015
0.12538189330793462 0.14385110687596434
0.09739246248145234 0.12518223079964474
0.16909643360787652 0.17853801485837914
0.1440324500389473 0.1641459978650195
0.1267063492361046 0.14334938198395192
0.12785581954973357 0.1324069102401074
0.13962387653882805 0.1436001140026617
0.14172244749659105 0.1555475856186308
0.09273129720517433 0.10604802398980619
0.09091623939700164 0.10613312612340203
0.12496333184129166 0.12838866301695515
0.12990993951266513 0.1423236773748634
0.13981819719184393 0.1541611809953515
0.15040416510937574 0.181703448102959
0.10482757621513344 0.12157049527547299
0.13321246194917116 0.13325767955510462
0.15640752787250506 0.1737592332097599
0.11515899236119437 0.14745384554413696
0.10889557428200351 0.13767339844355206
0.11901473084201188 0.14721571570961633
0.11639242153694535 0.13922937181413586
0.12000330150878 0.1285996334380389
0.11135700859031185 0.13864467263644062
0.12018149262375707 0.14025598707440812
0.1469678342004803 0.15506235037341642
0.11490953507402361 0.13877022387073729
0.11957079378410923 0.1347935111096444
0.09385257758405417 0.122029628667047
0.12585994432472875 0.1480193691761721
0.09480486303087643 0.11857792984273989
0.15050218188415415 0.15581631289797523
0.09810445834887775 0.11949821548847188
0.09966379181276594 0.11173344601234679
0.1266771057148637 0.14709298118434816
0.16487072242274656 0.17767102084951195
0.14693450516624754 0.1620526775714639
0.10853541812284251 0.12198413412792698
0.12015760355986169 0.13589096589773447
0.12135486472832104 0.13282326779941836
0.14548958848662555 0.15036734015447972
0.12685826665138333 0.14130579547459574
0.1497045998559272 0.16257390460916457
0.10835526103966427 0.1326262878805017
0.1451617402565667 0.1522577418901798
0.11842788801068803 0.12316231151865573
0.13159319236986441 0.16499292979998625
0.1358078407806526 0.15016994394997096
0.12425313870910192 0.13504846179697522
0.1457632918469431 0.16233751426192283
0.14563433421069047 0.1549245264013678
0.14204757712444663 0.1737737750719609
0.12445253890630394 0.14947695231986122
0.1246278077710746 0.1327775915569944
0.18105408212949844 0.147433686246609
0.10482023871614343 0.12057692337138844
0.12273308932787509 0.14836895350439275
0.1026274072542626 0.12307455032236922
0.10082686996883576 0.11923004796348567
