0.28749846759037795 0.3031060281360779
0.27961301898099206 0.2967673992535463
0.28306385445994964 0.3004526144199882
0.27876907841467813 0.29306550299696515
0.28851027052875566 0.30065838514859156
0.2822940740326757 0.29722596970823534
0.2848107344507948 0.2970798846401707
0.2892974412551367 0.30417872195150886
0.2819873539626678 0.29692392782067656
0.2778744326826045 0.2939926547202377
0.28977606900132147 0.2988191477073793
0.28746291838350235 0.30767803953447387
0.2725328881797879 0.291203740870287
0.28304361760383334 0.3023543257527809
0.2803581358668805 0.29463198114173833
0.2925413210395792 0.29878786310980177
0.28781936870667396 0.2971465510668983
0.2885607333718085 0.30343661868101307
0.29173298640802564 0.30954823604245235
0.28709321989928416 0.29212518758233424
0.2850485087390684 0.30051932737636716
0.287113113865572 0.29765341621113817
0.27062780678307485 0.2871683197633101
0.27572751975192905 0.2916745173657749
0.27336811736483846 0.28967868069089686
0.2822589251937125 0.30207727693086045
0.2893166538947758 0.30529019558837667
0.28180238375546696 0.2910155017022365
0.27921335986524 0.2927803608717842
0.27421462785421674 0.28573901159884457
0.27823781260128944 0.2952434921741531
0.2863686212733483 0.2999229879591182
0.28133900250626226 0.28934446756334586
0.2742035319984036 0.289356988248826
0.2794513431350096 0.2966268946328679
0.28530613022344903 0.2981000492759848
0.2918399181903739 0.30759967502327445
0.278339946556034 0.2880126652825054
0.27869409563415415 0.2910250048847437
0.27847393263233206 0.29221310323681626
0.26524581515438156 0.2853464012160195
0.2971392175832428 0.30547133149405126
0.29494159285816346 0.31360624640124535
0.2776296192696335 0.2943145334223643
0.273057647472564 0.29253390708878374
0.277137172477437 0.28919039761066373
0.27232434856171595 0.2913529655507439
0.2726691525767111 0.28590357773393105
0.29567300310537303 0.29754146864374637
0.27545455188337054 0.29383538786455865
0.28892235233203145 0.2974780077686271
0.2810560735285209 0.29576706421177645
0.28886892183982943 0.30030600570801985
0.27394552972821534 0.28856006982464505
0.294593752246028 0.3118968597510745
0.28058490587149576 0.29544936747136924
0.2854880562330867 0.29883053932909326
0.2832961693965826 0.3019236927830778
0.28344539435238575 0.2864627523547856
0.29022656283211823 0.30530574773617414
0.28327143565079266 0.3001693194241901
0.277088959819804 0.29139879543240377
0.280977230898381 0.2967992111555608
0.2848179600868702 0.29445135564631336
0.2972338306544814 0.31692670296463366
0.2754724015794239 0.29474050158763687
0.28089769711992546 0.2997819863196343
0.28756564948208996 0.295880844019486
0.279685273318491 0.2973559235422427
0.29592467077185125 0.3120884655491747
0.27849241643263273 0.2940987642438677
0.2831620364116839 0.29646932038842194
0.2747578830459538 0.2871767986044263
0.279033209334024 0.2917842637457712
0.27683443220384996 0.2907633379678807
0.295986386314355 0.31209901281266494
0.27757828489397013 0.28830958424397807
0.28811299407605245 0.3003324149755478
0.2838856760945752 0.30082984370659815
0.2878535934937253 0.30552020380432177
0.2825394294556804 0.29687818603294175
0.2833751194134761 0.29762225247563945
0.2790642371267751 0.29974471931140906
0.27555076327343003 0.29353888989005017
0.2848329733205127 0.29787902768278984
0.2726518374182653 0.2898071995357183
0.2814315585732656 0.2995640286113971
0.27814327829168395 0.29359338032813004
0.28885883488536046 0.2980759091262908
0.2937150371429879 0.29728638281963743
0.28409791140482843 0.29925553478666933
0.2770125069692198 0.2969042065574488
0.28637652161244986 0.29468032733618144
0.2871815889462999 0.3016293333979216
0.29859566483786215 0.3103422155121643
0.28996927092733865 0.30684340001972643
0.2850106607237501 0.2983899072620583
0.2791894724387619 0.2949855966894015
0.2967563395008004 0.3085910062454795
0.2999616298596471 0.3094440615839538
0.29044860902732716 0.2849195838113409
0.2755438399921189 0.29341182933545745
0.28821057054199406 0.3005313851883977
0.2835637288472774 0.3072907176723687
0.28725034631740587 0.30444237248563816
0.2929125035953335 0.3100593457287772
0.2913368477853635 0.3025545765754578
0.2921619893414931 0.30444617123095646
0.28758835340790134 0.300915035900745
0.2829798927853497 0.29671679160204095
0.2827032438916208 0.2975025725346884
0.29002683789951095 0.30442966835964774
0.299477051082323 0.31519730887969566
0.27568585246956273 0.2880847727917708
0.27424048517139715 0.2937829567956726
0.274391479013661 0.29295824164586676
0.2721957049921638 0.29299978647290553
0.2888937834492195 0.3015100714225389
0.2719593329078615 0.28909673227491184
0.3008782317820747 0.31161489210075793
0.29115585765324575 0.29847701181516106
0.28917780454006864 0.30779149743984385
0.2849999797642535 0.30204558603406245
0.28005933689183365 0.29434902308986566
0.2806480652858239 0.2982191338401367
0.284570103669146 0.30280888587728944
0.28730393657205344 0.3035738664148078
0.2936061770214127 0.2981468593443004
0.2859947463539295 0.3041184872349172
0.27843498911951825 0.3002284141336794
0.2887607751379088 0.3037078422971057
0.288700942592113 0.2979159349586388
0.2943909330567388 0.31186660300903407
0.28893492431821166 0.3070562138424692
0.29204940626189047 0.3037069617744409
0.2905961106065249 0.2984117469689507
0.28577906351889376 0.30562545301879557
0.278225401824747 0.2975489047568557
0.28984253411674105 0.3037384917494285
0.27070604561653283 0.28192085242784254
0.28338006933441334 0.3009091295588762
0.26780860296630693 0.2821843311698082
0.30056719529946985 0.31359349059872543
0.2842168177702151 0.29586337547051816
0.28195460919160426 0.2998182027792654
0.28276592754002994 0.2934927983398145
0.30084799566481657 0.3152908564874898
0.28015881568944456 0.29837460126569076
0.3054496729612907 0.31296406029367463
0.28405944376905456 0.2981823071529923
0.2727812694693388 0.2913905957438445
0.2765863891719146 0.28697257706758783
0.2939301581783409 0.30875670233213315
0.27836707815489514 0.2962095055943795
0.2860116819645703 0.3116219660562056
0.2903260572381426 0.31035825510841497
0.27736528624945184 0.2921113335023178
0.2859447084419062 0.2980264409399719
0.28701791172865343 0.30187782445346495
0.27125775895754395 0.2948675201666738
0.2847065758813509 0.3041372212696094
0.285170100709542 0.29328860209297086
0.29188449695669794 0.29708425604929695
0.2853539395305515 0.3017068755647136
0.2907177021340573 0.29986750324202704
0.27712551344474684 0.3004454022562995
0.28762450986538246 0.29451432471264
0.28330839565316857 0.29902752664270943
0.27652713530842704 0.28609754045960833
0.2838631475255139 0.2997485577741978
0.2891675244475647 0.30629485919472904
0.2814411081286976 0.29972629748806484
0.2852620155642712 0.30563336572865313
0.27528899773926996 0.29025796539802745
0.27259365547118924 0.2874113620847423
0.2814567851160939 0.3002608200132435
0.2819594234772662 0.2912639788596491
0.27882046615535483 0.28766436457322303
0.28327774765397634 0.299287763392123
0.2802795860485565 0.2995689082495648
0.2854252618495752 0.30036809736974374
0.27862261398806776 0.29170847427756086
0.3030316913263746 0.3170942046262163
0.2697046655794563 0.2806344011050622
0.275762367465917 0.28993004912114956
0.2853296652562615 0.2944149949351707
0.282620177656707 0.29050852673408956
0.27688610284533743 0.2871802983596944
0.2736943448736856 0.2927682130164549
0.2725578605213433 0.2925428640453872
0.28303872453224255 0.3027387738328415
0.28484771379813584 0.29499130346288993
0.2859401253378513 0.301986545831434
0.2911372050858504 0.3016336291660152
0.2943626536257179 0.30978844766605756
0.2819724263012838 0.2967142116740494
0.28271463629145294 0.2999361921621647
0.2888006107580853 0.30341588307496686
0.2810525910465325 0.29030540556715445
0.2877299001616439 0.29917555349693475
0.2869771812377672 0.2986169727420553
0.283919043216241 0.29882884645570656
0.2917549936962593 0.30642623255116685
0.27844800259528013 0.2971148236687737
0.28341841341991386 0.30076455923829687
0.2938091196139233 0.31086338928174806
0.2864079745552353 0.29733779085914336
0.2785596149763672 0.2984214793840627
0.28301202937942854 0.30083092182651644
0.27870925830482424 0.2981290056626434
0.28703530354184176 0.3018215456327407
0.2796746295893684 0.2940860917471269
0.2855225201583317 0.2998102680445965
0.2730589684020488 0.290595353796236
0.29692290051339565 0.3003758727626196
0.29082546925962194 0.3031906576765016
0.28325702578302797 0.29630113490646776
0.2840618586103925 0.29398956023204786
0.2846284266636171 0.30167757893477143
0.28102601650191816 0.2898788439109357
0.2897291554662088 0.29773896986285214
0.2884416767676451 0.30433436946682174
0.28060571287651237 0.29474686616445683
0.2831668604420554 0.2989981141198249
0.2862380012472093 0.3072100251452164
0.28284687620974913 0.29050493990620047
0.27690306067969567 0.29740735945444835
0.27337209405393503 0.2884066043935524
0.29042253606382434 0.2992858080006425
0.2912148831808008 0.30641426137575917
0.28404141274910233 0.2976728668814316
0.2827028591764342 0.2999714909685368
0.2897667661453011 0.3071856189636431
0.2961815245555944 0.30389079407269964
0.290603224056006 0.305013267652493
0.2905869330490033 0.30513094663955714
0.3001281622730617 0.3176440352876628
0.29256710169910405 0.30496837498162194
0.2890061201736867 0.30076495812088316
0.28321522349391653 0.2989109122797105
0.2853499134472711 0.30229891711695045
0.28324376379285165 0.29919356213006704
0.28281972026936575 0.2899332884882914
0.28907580936470684 0.30159366541001176
0.2791188025963284 0.2938108675286848
0.2913323245947121 0.3007024855126956
0.2867378857571231 0.2977981745196417
0.2824007009367896 0.2980315656930023
0.3026133032843821 0.30952568246812767
0.281956205319866 0.2992537332342534
0.29057074405218564 0.2973892955241643
0.27505122530605225 0.29195973109435974
0.2937759481964685 0.3069465279456436
0.2817472892795124 0.2999399159444316
0.29068055263029857 0.3037061778474297
0.28996492388847916 0.30458521554854745
0.28604823703282545 0.3035997467332791
0.2707600043940162 0.2890150537341431
0.28339590081114424 0.296258539976166
0.28895407151358354 0.30400504925741495
0.2896731482143152 0.3051417599807317
0.2780326548166328 0.2953325254194683
0.28299054089757214 0.30016072425439444
0.27532326557736875 0.28704697084569936
0.27694877932881956 0.2963193275267364
0.27565963149509887 0.2905355800334831
0.2890759639999816 0.2968269993103668
0.2761325949561534 0.2967996519020739
0.29402828189127755 0.3031676617309673
0.29157879712708823 0.3095458123774492
0.28182032006906 0.29351739561476126
0.2781940509468432 0.2920180387752253
0.289242523029089 0.3121247871981839
0.2854850573420167 0.29987624383827666
0.2855959072339271 0.305458344371769
0.2832000366819112 0.29570069048751046
0.2790774564443321 0.2943917415505709
0.2714141750082397 0.2863942039195522
0.27916165970983764 0.29204429224386685
0.2802202146154345 0.2958009808986529
0.2769340894396446 0.2888813096152156
0.27416901460759696 0.2804378461275608
0.2835043834763644 0.30323912305514855
0.2781846801581773 0.29641549872206746
0.2756138149116356 0.2882901130706474
0.27072418159034367 0.28344098457448064
0.2785171116534733 0.2949434657672552
0.27914078325929575 0.294372978424329
0.28788124071544985 0.29943031230888995
0.2783229362082635 0.28936568160956316
0.27905208717566704 0.2962699753031649
0.2749212195702847 0.30003459251713765
0.2932216236079185 0.3067005721605936
0.2856077979233169 0.29470829960862804
0.27184639179950376 0.28623995113812933
0.28938110884960866 0.29777392917070306
0.2896716296719985 0.301587845744343
0.2828586739538483 0.29404171736897705
0.28407041170475994 0.3004259845624144
0.28433871447168013 0.29930741428113367
0.28120249869350605 0.293539712765337
0.28648467500063785 0.2929689983507024
0.2856256453585101 0.3010037384656881
0.2864547260422912 0.3012490652961417
0.2661374702461222 0.2849889274934677
0.2806738025162788 0.29705543071576385
0.2808634555475723 0.29509851381098007
0.28188596222675255 0.29991106661969275
0.2811444572394542 0.2915779547538196
0.2942887541948706 0.31572800132434065
0.27890449305363363 0.29782377831618323
0.2793083698624072 0.29999342355913705
0.28026623615211027 0.2908909443709882
0.28327828543216893 0.2953213970208788
0.27714803072136196 0.2911961130767147
0.2783353354511291 0.2938080581068093
0.2822366517648321 0.3010019201645266
0.2850337518729726 0.302129719699737
0.29015954142958583 0.30435654800643863
0.2934386499368324 0.30818956980853063
0.28278310420852887 0.30423828859924185
0.28525700482142574 0.29715464265526775
0.2834668353160268 0.3001853260719747
0.28929050952245816 0.2909699460325015
0.29772485074289734 0.30050389355013174
0.2834896781654881 0.2986712901891678
0.2891710846926361 0.3117869933255971
0.28422269150524854 0.29558515377454697
0.28853286236305287 0.2995064665368587
0.2779447660911041 0.29634073886696477
0.2891099511870836 0.303007956581203
0.27708531281952525 0.29927780285379013
0.2797203380923088 0.2997010334423882
0.27896433034360085 0.29459130490233987
0.29011110936132933 0.30134352339073583
0.28280063226558527 0.29457488001859256
0.2832154187746311 0.29288342836051423
0.29195783244280626 0.30249361165546995
0.2744457234435313 0.28879220871850964
0.30252540748414397 0.320713995596372
0.28630170382642095 0.30218530562226564
0.2776205542126569 0.291647789798055
0.2770744646110145 0.3013032664240136
0.2918417095536238 0.3047342103861354
0.2751164446615218 0.29006119824091653
0.2774627945512191 0.2909772999381227
0.28147492966091336 0.29451303335458223
0.2769863380478267 0.2971652452045235
0.27415471941981845 0.28899587339676686
0.2885415798927962 0.29771110499486725
0.28137061757680537 0.30105004558016946
0.28060151147330303 0.29821448180183824
0.28043040407719155 0.2958995069525574
0.2770816707272607 0.29711186687869845
0.2853994223974704 0.3055153041046414
0.2752759158059791 0.2899863802838507
0.280985833555383 0.2964463869728064
0.294073694703804 0.309788549660891
0.2811897428340805 0.2962934042286693
0.2722589799365465 0.28614579556485176
0.29830497631954955 0.3103495622300887
0.2800716684387328 0.3007336936236826
0.2910086946913777 0.3063020115265283
0.2781767325115693 0.29443008585342506
0.28247907079462165 0.2998292613342834
0.27927846101385206 0.2914205675120737
0.2731774624915475 0.29070624498673947
0.2896402718078649 0.2995915327863022
0.26974460593071836 0.2899178250710703
0.2835133252557531 0.29944597145141355
0.2852306966269353 0.30231100401781225
0.3002968068030348 0.3122011190557085
0.28434897202780046 0.29033209280271133
0.28551426935074514 0.301179958056209
0.2773551449126135 0.28734353582027183
0.27931576812836556 0.29828707225067197
0.26812424561905285 0.2870666354092933
0.2794603224557717 0.28842843578259664
0.28914374068234183 0.2989634595724803
0.2892336349574627 0.3030803114031668
0.2895855342962268 0.31350715932019574
0.2920296420034906 0.3124971359722957
0.2921434377360321 0.30933457881965337
0.2811574878043823 0.29406049961410075
0.27985015179236045 0.2961778833316525
0.28875393342511546 0.3007569459569313
0.2900231377250434 0.303193804625052
0.2715291280763558 0.2871624529963454
0.27938399959191984 0.2973478065332278
0.2808966294344823 0.30410504467020316
0.28652812681939177 0.29930893666720715
0.2865335923078419 0.3021973724841221
0.2788648131435383 0.2990939632043108
0.28916647766131137 0.30214839662832177
0.2859423022071456 0.2942436419343821
0.2769156404590072 0.2938003129131351
0.28409320263256876 0.29988216168172227
0.29456782888614386 0.31010018659775673
0.28158149935077126 0.3006530094972676
0.27914917358706326 0.29792781818575204
