0.1827744917284893 0.19201965772404508
0.152204162513099 0.16691040471253438
0.18528742703120904 0.17639160772743134
0.15977074085638274 0.16735869779482376
0.17072838727339842 0.1752225248681357
0.1763036527091583 0.1842711347807329
0.1606699416232206 0.1682355806777365
0.19247193863052628 0.19319084288970995
0.16312877980838075 0.17477633453902
0.15969799273422952 0.1718004724376116
0.20742175340692717 0.18677648910993588
0.17181193595014457 0.18776079573207866
0.1539036381709197 0.16424647898421538
0.17010491923498136 0.17843050128745244
0.1642941969066839 0.17374367589647172
0.19364329726664348 0.17880911382314413
0.16012779826700663 0.1625501532502722
0.1682502478415696 0.18256045021732695
0.17766720657695906 0.19058396753580503
0.19751304727562288 0.19295186384496255
0.18568014743521122 0.1771401693124235
0.17061549103556717 0.172995329062447
0.1540133883817913 0.1571207294631503
0.16633025373706964 0.17428878597557024
0.14502158107841837 0.15714545009767084
0.1725066855292249 0.17766437685526237
0.17431576203007074 0.19140350158917332
0.18064605364240083 0.1557181566794702
0.1617398353732652 0.1703917441446714
0.14658674032416621 0.15293729516369303
0.16376414337993386 0.17142497269067902
0.15965078103637295 0.1666386809165669
0.16349359154759147 0.15544776543263086
0.15310473187007545 0.16309265360389427
0.15922403314823946 0.16800324244267
0.1752851787990401 0.1767035755052387
0.18155365459205142 0.19366109003692195
0.1683093862614919 0.1608057187742958
0.1693496361305822 0.16458276957861248
0.18186843964155866 0.17169649464082198
0.14507481694231225 0.15642213417513892
0.19356780199341653 0.18515429904681704
0.18974459447514175 0.19948734243137267
0.15575706526598843 0.17061747447182274
0.14731093429275532 0.1595290488052309
0.16194985832388772 0.15916957091769401
0.15938040318137728 0.17273522531381877
0.15413559110255898 0.15991563118705118
0.20278816932438487 0.1728081156342081
0.1672721706037065 0.1812753927385936
0.1725993119890659 0.1611452307704433
0.16164176655513218 0.17145041329142457
0.1637050994977845 0.17513184554658906
0.16524917480496015 0.16209602520437333
0.19254470108648616 0.2040211852052838
0.16129437475033212 0.16911035278672462
0.15795099150964298 0.16544266817891523
0.16578563383585557 0.1759786025007753
0.1727289307367679 0.17056492130129197
0.17937645840817892 0.17983446842935563
0.1708641662585441 0.17898020285078192
0.15106967117143458 0.1585419605897098
0.1690330583482043 0.1645599889471271
0.178363848005012 0.17242054623142594
0.19953065096585348 0.2046674838295845
0.1569437148022181 0.16411107627230506
0.18344628320726789 0.19168343635759647
0.1909878239907637 0.18983651433756987
0.1673592418906048 0.18173041030234816
0.20991146811380587 0.21364282547551935
0.15845057390586545 0.16852413856523837
0.1585693886202159 0.1644165868494222
0.15807927544302422 0.16309232065987034
0.17205171986367596 0.15955063659869667
0.150541257521941 0.16329264532668708
0.19634407641821927 0.20590436080377864
0.1668689090141177 0.16681602122219127
0.17165695940062017 0.17954098386806297
0.18358125118136348 0.17247615213130707
0.19063540639175003 0.19541015371981388
0.16419160149480144 0.17363434369628133
0.16746057860479036 0.16521238954132828
0.16494897322114876 0.1716513415106167
0.1557723495179993 0.16481997997470574
0.1755553753483239 0.18085032975580873
0.1578274276446983 0.1699270272156486
0.16925601166335852 0.18374450035430445
0.16343467374246223 0.16590135282926094
0.17291549995189961 0.17258070592073213
0.1903129305001355 0.18894530263342582
0.15527286569613985 0.16703676097930883
0.14618251074692348 0.15937310332780383
0.20574806061429662 0.17153208231449274
0.18894646710444565 0.1890107091463795
0.20772095155972314 0.18480469979860883
0.18265859314834285 0.19714781542115342
0.16270341038129152 0.17169493809311498
0.15339229558248887 0.16121998567199264
0.214170509582156 0.1955430268645993
0.1855646754561043 0.19260165827647152
0.21616395434557326 0.1526842405962463
0.159567241468206 0.1640882034012435
0.16542621378267303 0.17284012270336196
0.1549270126945883 0.17066191656741844
0.16321164706089786 0.17491114615207756
0.17197822230940255 0.18391466828554393
0.18107232175629634 0.18379306335273757
0.1793044527009756 0.1842290859999683
0.17802769823663245 0.19019843602473038
0.16657532542312334 0.1717237101220098
0.1730485200385535 0.1817717127243969
0.2022235003411882 0.19324182043494872
0.18636375656613655 0.197276765502534
0.15579240291818974 0.15728387814309963
0.1510934531966779 0.1612589233637423
0.14244350361389244 0.15587713902795258
0.14460815812425537 0.16135807931681595
0.19266271545270505 0.19858433560536928
0.14336550049385938 0.15464827871485828
0.18502731679878257 0.1868519011675622
0.16992424213241522 0.1688306924514558
0.18457476903811582 0.19822085443440451
0.19017353235689796 0.19907019524421882
0.1668367587135229 0.17179686639647873
0.1479016146374399 0.16106443391204686
0.16452769206516307 0.17662558885585503
0.16723497755894828 0.17851329541286323
0.20012525248794594 0.17698212978139272
0.18149536507997832 0.18791619674211216
0.1698599174089959 0.17723742654038394
0.16589752321126816 0.17512551879078248
0.1841972489160103 0.1722525794685608
0.18119332294150037 0.1932868520542997
0.1768560967997099 0.19060792830664833
0.18880985788376883 0.18352880705672248
0.19478780727041795 0.19028764656413286
0.1774998596124456 0.18819040705435777
0.1559054216820662 0.1721344437047056
0.17845449292125498 0.18525397089346843
0.1396743396242553 0.14740769017102176
0.1785599209067653 0.18810335754647858
0.14541388598856148 0.15233130528860458
0.18926667736332548 0.19753631867855104
0.17644834357960076 0.17631593471654916
0.16142340132478022 0.17478371520800012
0.16855141749613323 0.1802705738795399
0.19442810202874924 0.1947910057850215
0.18486261394375791 0.19398766341332332
0.19029201779760613 0.19512240787500196
0.16587789403072753 0.17608912086864892
0.13784679922398343 0.15117061084925015
0.16356162591592838 0.1706760647782131
0.19317621036833343 0.18435207387029479
0.17572528849066754 0.18422566965253934
0.16403861170202133 0.1856681028304079
0.18281090415964463 0.1975960062962443
0.16011429823534337 0.16702276701322546
0.16246591285626974 0.17289846273469175
0.1824286818245378 0.18398210557392825
0.14501023920960393 0.16035542110223788
0.19544400475375642 0.20091607219785043
0.18355693189522704 0.17289310321993123
0.179787800572943 0.16901153970535715
0.17893167886913244 0.18895612621080418
0.1813580516148514 0.1700721655772995
0.15715582685673224 0.1758048427207249
0.15717130871830343 0.16054291010806965
0.16254511954720233 0.16891371329671953
0.1503033759526625 0.15879248313208694
0.17952876791241115 0.18589636990997604
0.1733670617166374 0.18213472129509217
0.16868597553489237 0.1800321213896122
0.179132306852125 0.19117872549391682
0.15431738819742533 0.16227957443602836
0.151657882962263 0.1549876461036534
0.17104184408377748 0.18177159847445934
0.17162094123919255 0.17323627552938892
0.16184330922867166 0.16497343239663767
0.15688321625816484 0.16245801530340553
0.15853934551339596 0.17404515429746598
0.17762954285894353 0.18268699334066968
0.15962734782763469 0.16326811695840596
0.19895839323169004 0.19613431403065756
0.15117340229903745 0.15699238874127802
0.14705311141990335 0.15824983942408644
0.18194976622568668 0.18228308591887138
0.18384099453565764 0.1731995860068446
0.16346381302225452 0.16078828354716007
0.15620751750903675 0.16611788631635266
0.1495253534464081 0.16353091240304846
0.1731699081547446 0.18259900428312606
0.16657201692710188 0.16359358473327243
0.1626831035171664 0.1751618225176221
0.17196013741918595 0.17246469058272015
0.19377526806704887 0.2015881272136215
0.15873907347837674 0.16855264780326057
0.18553504819250485 0.19677822418719756
0.18678076956099673 0.1973461379558651
0.16186482257068235 0.1651517807920998
0.1631481442479024 0.16797177739471755
0.17854332134913445 0.1753977793488614
0.16273076479183382 0.16922986240432525
0.1920244161097086 0.181737666334684
0.15649008630322261 0.17260705252748
0.160843542515709 0.1716357411948349
0.19416735276169775 0.19202618824476436
0.17776875562495356 0.16957300153966098
0.15403618076332073 0.1639616516510922
0.168367399782593 0.17752015720625955
0.17040391136709823 0.17927871856532224
0.1636086115242353 0.1700823601816215
0.16356449710019869 0.1625847786236009
0.1756392497330135 0.18325047277760667
0.15568152406553235 0.16081411932879408
0.20252845414884776 0.17499660902018013
0.17682995476129182 0.17576672367228705
0.17445213917805039 0.1764015624035189
0.1796753401139612 0.18200780908580821
0.17756054778558086 0.1851408469424925
0.19704953919087856 0.1811441277863019
0.22581842277530528 0.17476522120752302
0.17481066918934138 0.18346415950326234
0.16545965839936091 0.17453745612100435
0.18834456259885385 0.18996688851353724
0.17667793355462333 0.19208117401254482
0.16156040070328503 0.15984094429995657
0.16379683447141297 0.17832220652836606
0.15226224364603705 0.1629784346688451
0.1831720664974155 0.18273761383927775
0.19081619915880293 0.19918565552096595
0.18168371651915888 0.17365914285361742
0.16501757741222006 0.1725513145449324
0.175305188939003 0.18823787809951206
0.1978306955578954 0.1822797830306121
0.19136730433769034 0.19750845632102773
0.19974375288973825 0.19799593027507847
0.18974974422398427 0.20117067335561306
0.17891035373860337 0.18096975115086525
0.1705932673264151 0.17905713601809345
0.1781613493920577 0.1844296711566427
0.1713599066516267 0.18007283608261124
0.1621387819640912 0.1739822644911992
0.16642564821055209 0.1643855375769292
0.17617358790371906 0.17775669857571713
0.15700206478215173 0.16451832603940159
0.19636847052375583 0.17551909899756285
0.18648324673102867 0.17308461178829931
0.16814044346050722 0.1770657615502783
0.1961603477815481 0.19419336121750014
0.1609111761851467 0.17077106833373398
0.17610785924866704 0.17884668986967872
0.15632566945453769 0.1645232632473395
0.19408912898574804 0.19715506487419118
0.16828226017241435 0.17715912840406758
0.1935867940244045 0.1818779010335998
0.18664745556175588 0.18993519725378188
0.17178627963121743 0.17652727068041504
0.14762989892407133 0.16194072521695527
0.1658093904728455 0.1768679146377889
0.19008804441541244 0.1969138403305908
0.17756445447485206 0.1839606667974218
0.15257908788460578 0.16233420948206342
0.17657625800452606 0.19044594994509342
0.1473828027180606 0.15567885852667374
0.15789208623291043 0.16947725276038342
0.15929878910453632 0.1634187204793303
0.18308582786688854 0.17498427879481754
0.1538425216227262 0.1685628916663515
0.20228936017243154 0.1766670743388294
0.1745342562792456 0.18459855865939678
0.16217337441123802 0.16699138034563707
0.17838155918205528 0.184345643366321
0.17193380793353236 0.18427336536675087
0.172264343050461 0.18089039893196837
0.1643279518036198 0.17708434743722923
0.17713968726653134 0.17080691488164484
0.16046859302612207 0.16369547287125513
0.14708720803344386 0.15787508490073549
0.1541130277030667 0.16264500566404078
0.1607539516923781 0.16953249188793168
0.15652422013170414 0.16598474572402835
0.16394680248454602 0.15592140853463124
0.17773551463546988 0.18753457555172082
0.17493469904132308 0.17815219931931717
0.16543041914618847 0.16380660612696998
0.1459686660272527 0.14547904783734042
0.16346907579561967 0.16540722243340727
0.15817282399266908 0.16744970540811294
0.16792337903018018 0.17739848145098286
0.16678306345788385 0.16825619296011948
0.15739950493636767 0.16860896303671682
0.1550809317709722 0.17615154457459276
0.1735070618294187 0.18360887509736556
0.18311110852740925 0.17949492045893692
0.160386852872389 0.1577753300064191
0.1871115970205045 0.1829519483907353
0.19671173241102397 0.19212665938627393
0.1607857416573488 0.16657892981049421
0.1677160043079266 0.17069534421024962
0.15935403733238437 0.16643253049587578
0.16502106829608235 0.17050492743328613
0.18225542234958517 0.16635628687843346
0.17692384908261513 0.18666078428061605
0.17407977108252087 0.17904696433845232
0.1416275257306381 0.15677046969064315
0.15950270698002045 0.17021822965987124
0.16295553834923587 0.176570170367358
0.1792615091352469 0.1701855984360284
0.14717924152388281 0.15155976844892177
0.193891696286296 0.1936324383592113
0.16101828631714513 0.17466003896062385
0.17204096941744992 0.18023394859808875
0.14719268887791256 0.15561305674173387
0.1661894739533485 0.16955794301559887
0.15776012734252573 0.1595397058242321
0.15670486002236977 0.1614825008825142
0.16775222799311973 0.17783317772739315
0.19513513959337878 0.18273200883803378
0.17387884709911006 0.1809111802172444
0.1822456005425984 0.189260788544672
0.173317515481742 0.1806374630482654
0.17760109308641212 0.1830867196227998
0.18156171705185012 0.18999486853993638
0.17186572121845808 0.16539882924619623
0.1796173531012762 0.17412139390803238
0.16187456617785512 0.17010446384714883
0.18655164053596915 0.19994181925040133
0.16635451344136895 0.1749698620217243
0.1696057246874445 0.17689805133664913
0.15696394502232686 0.1665351398336456
0.186151235601174 0.1938600506698703
0.15689010582611007 0.1743509155725484
0.15364526699500972 0.16959368430805674
0.16387310213221437 0.17230074025306405
0.17949959859947628 0.17844159162783862
0.15572777978168376 0.16046392523436237
0.17232061812444557 0.17052513717818674
0.18764130738871068 0.19196005709727862
0.16887089757184554 0.17774052773082447
0.18932496796912718 0.20179187755451852
0.16607613891990375 0.17245266160485542
0.16027739213814074 0.16577321898243644
0.15793504018984092 0.1719426843085792
0.1872874437038772 0.18729715191023177
0.1540544629789248 0.16018597246705954
0.16839831381506792 0.1779718810025528
0.16886168134530946 0.1781375427141254
0.1704290690097663 0.1695905849139314
0.15563751406750642 0.16223210790264886
0.1814587041518396 0.18082008972819738
0.17839874011334372 0.17605844830071007
0.15211539101302496 0.164875697853061
0.15933354872348263 0.17139540643862175
0.16216028327496465 0.16764413052958402
0.16469136994619013 0.17929416972801926
0.15700640048607284 0.16655664591833694
0.1601713054906116 0.16878680649909683
0.18832870280230954 0.18107625221425638
0.1769934464470014 0.17999207030190575
0.14926161334081925 0.15667951035569894
0.2016303348710721 0.2042876228338241
0.15248099284767877 0.16694738148100927
0.16838152489620292 0.17763554571315443
0.17477268654482764 0.1763738864656063
0.17120677663730413 0.17967761088497092
0.1568015359519648 0.16522772024180551
0.15017929159683863 0.1575891775170575
0.19634247515048966 0.18164850775372265
0.14435450354973184 0.1563058073116359
0.1692270403751097 0.1823523913658169
0.1863439669380403 0.18056690682328277
0.19095517992336472 0.19944464759067407
0.17977478607114306 0.17269748828240938
0.18305646333309772 0.18357189806562133
0.16078255252825444 0.15941988929664536
0.16136432036253753 0.17042174392156215
0.14537350321580184 0.16150002206025896
0.16933067926425843 0.16085545072400478
0.16594319379524192 0.16218422732455307
0.17626710760500938 0.1825001141904606
0.19138658667671238 0.20595046580385312
0.1957480140637249 0.21188758690606468
0.17028713694271636 0.1812632402128117
0.1707935277723612 0.18043531932579027
0.162767685930287 0.1716764526891923
0.17994193211279597 0.17872608290310238
0.17898928658287697 0.1869934989460792
0.15176481998653263 0.1583447058672376
0.15751233673114673 0.17351000383131757
0.16489735987159496 0.1840801326058613
0.18019127433121396 0.1888978655392878
0.17900915111528 0.18640438755442523
0.16423694992324234 0.17552463076598954
0.15846547974609965 0.17128617266188984
0.1633570452442344 0.1699626232385221
0.16062851266049877 0.17141474552550653
0.17650145977956014 0.18849205766005017
0.17742172081813767 0.1873848996472492
0.15995543468154783 0.17120949552614123
0.16209210724902537 0.17506656649550886
