0.292111705195551 0.2965065475726389
0.29576042914181466 0.2990242781859771
0.2936706606996325 0.29596501004448333
0.29003551268225014 0.29119383357966605
0.29302200874332707 0.2900698934899274
0.2980323298454127 0.299588284166489
0.29124801875513584 0.29156002765270095
0.2911438728873042 0.2913960299016421
0.2930151027548491 0.29585058474602977
0.28045522849458004 0.2821306546506338
0.2874449378438275 0.29108665321971755
0.29190802233506274 0.2924140523890441
0.30094185878866203 0.3032581194796891
0.2920855621168029 0.2913446806094122
0.2803108301828605 0.2833906220702089
0.29950673209870493 0.29577980743940524
0.2996299509165866 0.298061138073608
0.28576319897931723 0.28773163644848465
0.28436957959893694 0.29269588404306857
0.287619140740531 0.2917122953218246
0.2876770652127504 0.2912575577693399
0.2991782387056818 0.2955224677475294
0.2837411716176296 0.2918860431879277
0.2896824258130916 0.2884896438798896
0.2846847341734154 0.28731805863443793
0.2887148564027163 0.2913845063668785
0.28834473652309134 0.2911274636677054
0.28869086623665297 0.2920474195195775
0.283751479515005 0.2858914232999476
0.2816374963622518 0.28389608553325524
0.2796380720823251 0.2831900330021985
0.2852021529489206 0.2879929996717743
0.2862717520808446 0.2881722067938783
0.2862175805248385 0.288564570924745
0.28679832363880664 0.2907464949636537
0.2791841862940174 0.2837176880339662
0.29458991177446386 0.3009419889841408
0.285052573686834 0.28911718274510106
0.2922520227884316 0.29589464161721934
0.2809613199701538 0.2848644088615217
0.2804353684374301 0.2801250309609878
0.29017288416612763 0.2951852339290324
0.28049472007926846 0.28175646801903914
0.29764086443218585 0.2991330880455696
0.2800137472885216 0.2831985739513413
0.2903552935387424 0.2891257268822025
0.2875057362724528 0.2874483468450532
0.2822195573743924 0.2857289560454204
0.27450331291135666 0.2774072396253235
0.28759993368252706 0.29380042032354264
0.3022526345802605 0.29813444489750035
0.2846386133019772 0.2868929192055773
0.28689816992989997 0.2911236764295073
0.29128367418477324 0.290989431688444
0.2818143561291533 0.2880922603771081
0.29726130063703154 0.2943334722776774
0.2859878870711002 0.29018125933703454
0.2896228024034611 0.2922931357364888
0.2861562413781812 0.289996373867796
0.2825871833787638 0.28463593051995456
0.2870692049822387 0.2859146796265422
0.28684878065028474 0.28909742855157666
0.28593002564536885 0.2831510312472639
0.28221363868860944 0.2882407037104896
0.28413883857964195 0.2843895235498577
0.2807380861399441 0.2804720396810764
0.2883200839252801 0.28788060446628677
0.28304658615498973 0.2893474143635568
0.2818575260057777 0.2882176280920481
0.2922872176784628 0.294516597379831
0.2912023067416667 0.2918758141882433
0.28895978528478117 0.29337984074666285
0.28991313893505594 0.2937465844576253
0.2968931774791425 0.29338446380151495
0.28498611955916064 0.2883110199887555
0.29306731569575584 0.2923305544357315
0.28801333818356334 0.2858086904606606
0.29187700654831156 0.2962303138461744
0.28928298261268537 0.29527114134749893
0.2827204291533066 0.2828940627613817
0.2796047782513918 0.28512550288797917
0.2787050798523256 0.2775051494973551
0.2935073509883834 0.2958374779535459
0.2877157176158633 0.28728912622834113
0.2790287894031093 0.2823158406080126
0.28902517797123656 0.2874486441351333
0.28197377136310287 0.28712832635359614
0.27897629170834537 0.2846335112075333
0.2897611511786332 0.2904439817613367
0.2887356531364956 0.29314210751762926
0.29528486071041987 0.2995299137218805
0.28681698940478273 0.2931948552113631
0.2851560857811561 0.2851334276517104
0.2908550978010863 0.29023874644585934
0.2863262327351061 0.2885078731622796
0.2839959764096283 0.2872665430837386
0.28318572389752805 0.28272185653395193
0.2816422419758981 0.2855178300964797
0.28372988529600834 0.28664838382953867
0.2837318578052901 0.2895978841272188
0.27988037139085586 0.279817893266803
0.28548612873179685 0.28728170481188403
0.2965347253443262 0.2921988968222314
0.2891430585685848 0.28841181112679715
0.28708818653483675 0.29070716348464076
0.2892051146012583 0.28713878542789173
0.2985166556368743 0.2951527941660065
0.2851221212214648 0.28230521175692247
0.2796856679933915 0.28290127368329426
0.28332971025733567 0.2868219943349263
0.2763654266215903 0.28661315737178594
0.2906946203097846 0.29448391672017926
0.2928290435233658 0.2896431140987619
0.28983731622334075 0.2932851407953067
0.2895502376980687 0.2974427607211703
0.2799530223304809 0.28297109350821803
0.2902985957222432 0.29278332107998273
0.29260050011132527 0.29315734605652055
0.28762306509743785 0.29264212273986157
0.2878115762667304 0.2896325516837751
0.29418054954025685 0.2966242487184888
0.28824670316768053 0.2903887971487594
0.28472444180345635 0.28274875688602824
0.28704805746495154 0.28759226490265494
0.2920742436756318 0.29622839181681737
0.3014106799383177 0.3001777687483996
0.28474094436406017 0.2896266303545259
0.2892492213553976 0.2938043575900147
0.2921955600276063 0.29107414177991564
0.2997600000148499 0.30160025258727996
0.2885991818619308 0.28980201480365103
0.2979009094026663 0.29231215271615846
0.2849212773203246 0.2880912529620248
0.29347035449657366 0.29554524628558876
0.29139628628614966 0.29272117999329544
0.28911166776240654 0.29262221896304413
0.2954778376995476 0.29614983682502993
0.28372707751675236 0.2846472938491926
0.2787668504400498 0.2827557756568086
0.2789185748653955 0.2783713425455755
0.2907549041170286 0.2947123881989939
0.2782036786718453 0.28329061668740996
0.2935844819752195 0.295637060096121
0.2981713328567884 0.2930940633678314
0.2872206683632047 0.2847362709787929
0.2940750432047787 0.3019425693342001
0.2988834152787088 0.294458873234301
0.2954260776857633 0.29128763562453847
0.2850033162569111 0.29191934323279145
0.2900902293631496 0.2869029064209919
0.2903418085004315 0.28609824240713694
0.2906384633322635 0.2931026617238206
0.27972707832933164 0.28206494679799343
0.28846505558749824 0.2911958986452009
0.29266494496073553 0.29628654036310276
0.2796621926221469 0.28229513901694914
0.28535794044409996 0.287879917761805
0.2884912425133005 0.29022408885913303
0.2842251231918217 0.2877039019158933
0.2807460755436586 0.2871446385272954
0.287437097097435 0.2928453700476721
0.3047814626069835 0.2985143405781078
0.2847836185471817 0.28659917786831085
0.3022113841108205 0.29919377142970516
0.2842579571804684 0.2853754478353099
0.2884964038987792 0.2875989140029483
0.28698149446981736 0.2906575258307147
0.29055655115426765 0.2923078381740896
0.28226338794057965 0.2895299525713673
0.29146474620909174 0.2955656577127214
0.2975136320972749 0.2928232935855276
0.2876912481406759 0.29367523509811444
0.2782690924995206 0.2839945539019781
0.29281061782980017 0.2960441370337368
0.29287168263954244 0.2946040380020108
0.2916666666897122 0.291299411775119
0.29706110911802697 0.29642952404293216
0.2852736873947612 0.2874018623405872
0.28156944466975453 0.28682757028997613
0.2880410500521304 0.28734313709947157
0.2845856450872693 0.28442794693211854
0.2893723292193127 0.2858749723908676
0.28701060885046303 0.2846704461457018
0.29264085145404567 0.2935908197103651
0.28555726201920517 0.2898356361835969
0.2943422329890436 0.29300817061240203
0.2923089526710034 0.29488884767627493
0.28032503261670916 0.2847131262758318
0.281714693254943 0.2845332123685382
0.27308955793542067 0.2784309963272824
0.27643331181184433 0.2761580147332427
0.28734436480104764 0.2843975840017575
0.2873210026028767 0.2902176761350575
0.2804345369276376 0.28287457869690086
0.28096173584789785 0.2836069688413616
0.29820895247590423 0.2968555938833154
0.29211572073275666 0.29038626686557706
0.2850539162007024 0.28902766803040514
0.29056714685776464 0.2930467444810891
0.2785817523189512 0.28126569386990824
0.2884469393550155 0.2861757617196882
0.2934025268160041 0.2917250019761721
0.2912623700839142 0.29505762360759763
0.29157474188361393 0.2888550660657221
0.2781597535419323 0.27969044832599615
0.2828654606710962 0.28477378878003196
0.2871047686773633 0.28852417151795284
0.2884454595190526 0.2906336135050955
0.2826739678356067 0.2849779367583944
0.28949896686218235 0.29024718363540214
0.3052522155782888 0.3001251217458368
0.28976068339367456 0.28779270904039134
0.2968106291110563 0.2992365261245837
0.2869197846026226 0.2849063552014575
0.28551669130708673 0.2856134138999643
0.2793090011508063 0.2829325702327008
0.2833466986960329 0.2895124980522808
0.29076615882613743 0.2914562204858279
0.28726053066954294 0.28503236153229305
0.28161892958808976 0.2817955190218719
0.2907211967593313 0.29353006933682124
0.2918903070570292 0.29230241519725686
0.2855920608191979 0.28788547799875297
0.285327168799079 0.28328440745452654
0.27745812078085946 0.27883583284450464
0.275906044575401 0.2774038952096158
0.2776854976259065 0.2782349549074341
0.2900956074387116 0.2909184476892317
0.2874270698471539 0.2828624777460616
0.2866970819003741 0.2885197593497488
0.292109011100396 0.28838276435086374
0.2920880544592177 0.2918159318088221
0.281966658190322 0.2772330887767495
0.29558534053517416 0.29293035386552296
0.27496409982179504 0.2788030041310965
0.2896976792644854 0.3002427094128921
0.30196037072587995 0.2979976173863361
0.2823141643149211 0.28705297173144756
0.29392739289863723 0.2957950880224837
0.285562265647109 0.2854985454803623
0.29038695428852607 0.2840725742139286
0.2976088753866399 0.2923126263336626
0.27829972569617634 0.2841784288681859
0.28530432715623116 0.28691611155200036
0.2938066585484315 0.2941581022236225
0.2936586232903581 0.29463894450569444
0.30146852147599446 0.3025715892972989
0.2934082696659291 0.29802231584666294
0.2892315575824632 0.2919011370357166
0.28349052192296315 0.2902792982945761
0.2915999855134736 0.2910115941526922
0.2767193180814375 0.2763513580340594
0.28778645726364527 0.28751438833033666
0.29769670990242486 0.29423004920389884
0.27620131864402864 0.27760752161082236
0.30427639498877695 0.31125268392469474
0.2877481298075163 0.2882659182083942
0.27774125076130507 0.283819691638187
0.30011790768356633 0.3055653362762244
0.2838868507545181 0.28334333176267024
0.2887478049761429 0.28936651370939903
0.2875761365648881 0.2921172390586353
0.2756265911487609 0.2830539249903231
0.2934488477007966 0.2914066396693469
0.29375887862730016 0.29579836789050346
0.2963699370596891 0.2979426424248583
0.2803898099393502 0.28541708182743225
0.28975777053076657 0.2868508573252122
0.283995458007113 0.2834851807234145
0.28143928432070425 0.2858738468577837
0.278909897666614 0.28028665179149675
0.27943308542985346 0.28091995423577415
0.2834904809536362 0.28602182472695586
0.2906779722393677 0.29510803167198163
0.2916430821701881 0.29367061679876383
0.282400187752269 0.28354331626240725
0.29211564691320063 0.2945534292037499
0.275871273498543 0.27946780005601457
0.27862760437654605 0.28499664349196174
0.29411206502824033 0.2960437059392493
0.28568423002209636 0.2853033537630823
0.28334449488699204 0.28541094092784286
0.297946483932286 0.29865753707789255
0.28331721684507605 0.2883233592472229
0.2753064791104365 0.2808523583097892
0.29390672378793975 0.29134744031715415
0.2977895630367033 0.29061516885827565
0.29504797157674645 0.2933410354813202
0.2860117427995633 0.28608820138954005
0.2857244152979269 0.2889275650793979
0.2921378820524069 0.28936667039425557
0.2836531029932442 0.2913265346886307
0.2844079889251947 0.2903731763633766
0.28750580299345946 0.28318661350727686
0.2923669096601929 0.297923212783853
0.27615279258269915 0.2800147843288075
0.2928125033257994 0.29180200388506483
0.283889722372502 0.28465754954260997
0.2895624492100846 0.29098040311331863
0.2865272490559603 0.292631249064934
0.29036265725412846 0.29060275628416826
0.29733003668068614 0.30136107996460276
0.288427816377886 0.29220957356281285
0.29905429418362517 0.2990614791498816
0.2871031145598906 0.2893877126519763
0.29998815213400676 0.2977263539691001
0.29527086258125446 0.29285436297520384
0.2893656327825025 0.2907837009024398
0.2910064215054814 0.29069268187972463
0.28454156198069974 0.2856974152249822
0.2818280318076441 0.28630502414462583
0.2848178634424664 0.2900868109958609
0.28873186342782925 0.29247320874827865
0.2911641587803082 0.29587534082298783
0.2812212726191911 0.28406302946886464
0.28604466265822365 0.2858251685294226
0.29167464108141616 0.29286989087772836
0.28090297052883284 0.28100335482417094
0.2995741053706634 0.2974178319951288
0.286126757234287 0.29003179919787503
0.27727630920163465 0.2770809460290102
0.29836622717889494 0.2985392193410708
0.2856319346678459 0.29060665625312915
0.27705432462720325 0.278473763687321
0.2883340756565253 0.2938698245892717
0.277103110484588 0.28026390473120355
0.29972660930837736 0.297906338352977
0.28736833654606564 0.28781482729084457
0.29465828002478517 0.2888755117810752
0.29185249257077744 0.2917111247796777
0.29748409425091027 0.2968313219335989
0.2836737134866448 0.2891424991300196
0.2732516535077187 0.2789422219122037
0.2944291356244944 0.2989609599936469
0.2962965100791395 0.29957075974845554
0.30454397614285567 0.30454929311558776
0.2845548314320977 0.28599080378493935
0.2968642364995847 0.3004753912153771
0.2900887204804568 0.2890117313819531
0.2841415168176 0.28686433258781074
0.2906788546105339 0.2890639304936679
0.27581442600043704 0.28087595430549017
0.2919991443356091 0.29232572906814275
0.2916710713075077 0.295417916658313
0.2901889768869786 0.2882317831363868
0.28847650709528333 0.28996061251640054
0.29231492011220306 0.2947613533798071
0.2850820330819128 0.2832545215352456
0.2879792210587056 0.2842694294106342
0.2799811777499946 0.28355437180252435
0.2757091606454679 0.2800731296756666
0.27434750385432094 0.2790631093531182
0.27556490032371483 0.2813216889041036
0.28644821815351046 0.286103925895852
0.29677956133929323 0.29760037086888674
0.28126959738965396 0.2839884432541505
0.29448284606382175 0.2941288020731888
0.28205087305358567 0.28173761845202994
0.28742592567629366 0.28687463205526387
0.285686513973005 0.28690905569871356
0.2961813674216159 0.29284831301465
0.28247025546563903 0.2851584808235608
0.2842025322333756 0.28952574245219276
0.28074223314567315 0.2824309694139832
0.29744581359418126 0.2945635801329579
0.29199667210283675 0.29330850091817556
0.2892752790943216 0.29323182748044985
0.2782587252312842 0.2844143230356121
0.28353263927256805 0.286250872415059
0.2832456548700611 0.2883376229721317
0.29235565547382786 0.2899195752758755
0.296199870301577 0.29786457115706566
0.2825320622290608 0.2830222167545075
0.2910237577920363 0.293764549800332
0.2824701991503992 0.29139023879641685
0.2970520651318851 0.29416492965801394
0.2882358726879779 0.294748834140134
0.28244002616479963 0.28586116759654184
0.2778168493557961 0.2779875719039838
0.2748645643997421 0.27993960651067573
0.2902423632437745 0.2922004371529259
0.2870160735325258 0.29027852804723836
0.2946903525367139 0.29079261825359487
0.28889902423518515 0.29260445679425734
0.289509091323157 0.2896934508702595
0.30182277094601434 0.30054767478974864
0.2770561358436779 0.28483821272289533
0.2909076766472825 0.2965952090295847
0.29438276759578486 0.2950943500640726
0.29633534570418546 0.29297673294785487
0.2761783574636919 0.27985916677518885
0.2934412417740389 0.29108293740764285
0.291831407133176 0.2949867351420194
0.2914292269526485 0.29125724500059513
0.29322888306795875 0.29540692857534356
0.28205166173077556 0.28597637580825114
0.2757813906715752 0.27915898888659113
0.2765166290117276 0.28288434086689357
0.28609388222772364 0.29182238817626394
0.2788301930008517 0.28211401952974957
