0.16739246738529917 0.16769238263987746
0.1820378523438703 0.18553599934232523
0.1620616994199077 0.16397210366509576
0.1732655716861446 0.1737363981392422
0.16882489923798955 0.15804591987792585
0.17490960954456042 0.17711500303796382
0.18351588826999568 0.18157885029147794
0.17655519328423072 0.1749513370741296
0.16815605801840658 0.16987838077717055
0.15257980864347612 0.151426391283675
0.16740396661438794 0.16794843371797166
0.16546350593686932 0.16314495527868347
0.20171670736022573 0.20036236554291412
0.1864796186805018 0.18218199038577484
0.14579928570658388 0.14573226368616476
0.17975185816150888 0.17510188957629857
0.18794846635881232 0.18731291132249908
0.1670377568087932 0.16556127280401606
0.15897626967781264 0.16630729912622927
0.16928753945305156 0.1733845399980166
0.17372568268993027 0.16737809322178934
0.1973465118167022 0.19231956355020832
0.16458231033869278 0.16795855596964193
0.1676625008323962 0.16052451661736677
0.14827964704412283 0.14729279216249763
0.16726912922245887 0.16673815205347195
0.15962241154753595 0.15524648587314324
0.1653379126789534 0.166260154972937
0.16322304803050994 0.16081345949942452
0.16317138220817923 0.16469254886657922
0.1414131994218681 0.14469409390383078
0.1605376981722129 0.16083661164381294
0.15312822788122693 0.15211895125722094
0.17724495222047357 0.17448054270612995
0.1689920478752138 0.16964572862889435
0.15042171320766512 0.14832297724168925
0.18292591736681924 0.18746937298924182
0.16702423316045517 0.16754722090418453
0.1768286338283915 0.1752701611758003
0.1478169699437425 0.1503148280343125
0.15161108241476975 0.14495228904335888
0.17397126536939647 0.17596954539508178
0.15401519332494829 0.1556550815706221
0.17463265624025193 0.17232812363094507
0.1475658299140369 0.14792437352950774
0.16839272521505383 0.16661547373528124
0.16419578026426251 0.16017427706264317
0.1533045252525559 0.15295236196587075
0.14264942406899492 0.144758154249773
0.1753741102950029 0.1784171881732646
0.19425588103878796 0.17487202913609642
0.15612509846627975 0.15747799849598704
0.1592344596429561 0.1603435128655118
0.17367853034013273 0.17100637126496035
0.14509993722246392 0.14826879309788973
0.17322472501919164 0.16951853074246317
0.15717162967319145 0.15704596288074663
0.17074344072413147 0.17286727349207062
0.16297147484424782 0.16614175482423554
0.14867370151038284 0.1496500988314096
0.16895413591395675 0.16777553073372786
0.16799138512951947 0.16489222130217152
0.1687572445025293 0.16555008340278643
0.16424301956667156 0.16872627197147697
0.14535430696689672 0.1424265040758233
0.1451546394769638 0.1438690940141249
0.15602448571713398 0.15461456308323054
0.14796900536072932 0.15083890063119698
0.17205688336355 0.17243134958864914
0.1683907992359514 0.16944166045341402
0.17121239243911152 0.16715189473722164
0.16202877684244282 0.16345168221062495
0.17215196384370113 0.17214230400980643
0.16099176916213787 0.15771820948551854
0.16365723067734092 0.16490420801810773
0.1694099227590744 0.16713032535482145
0.15437094538586799 0.15173013749064818
0.1687636824051916 0.1730360350815386
0.17273729157807968 0.17745190246594955
0.15660754997687668 0.15222858801207592
0.16336402367051137 0.16448946962779848
0.1381192889407797 0.13535253900650887
0.16899162547402719 0.16665734377708794
0.16967625781776174 0.16711769669720214
0.1646242468160101 0.16215748210928987
0.17238757716255965 0.15771100644973127
0.15427856124544276 0.15741482021059777
0.15836861432377547 0.15034429017833503
0.1671691050305393 0.16501373636893668
0.16912955091927276 0.1719816944626269
0.1765553978336325 0.1762588187017981
0.17082193059032363 0.17507812420857205
0.15074062334750038 0.1473156750029913
0.17629416733843242 0.1696795590063782
0.15651618055498415 0.14800910518449442
0.15897484619246025 0.16014585958390407
0.1526897654143553 0.15304155952984105
0.14972153391191892 0.14975064668213178
0.1602591981176406 0.1625427895513033
0.1648575567996467 0.16649054488273796
0.16018763968734828 0.1615773519025386
0.1538642174853602 0.15271941835514682
0.18420383788001032 0.1756066963558455
0.15846446526043179 0.15469997275697506
0.17110821042979166 0.173178786455841
0.17802443653469896 0.1672427351807531
0.18031626214660695 0.1732022667906972
0.14789141535545783 0.14167638311979178
0.15201311146144167 0.1536635142354848
0.16342948285416314 0.16053908953884205
0.16281027279829816 0.1680594406622701
0.17628666463683224 0.17960056020601778
0.17570979943586995 0.17406779787327745
0.15971597797959547 0.16148213209174006
0.17573449848753409 0.1842880471060889
0.1555652846315736 0.15589435202225752
0.188226629367317 0.18423651550683104
0.17569340643813322 0.17174506291856684
0.16648126027835353 0.1682816255498868
0.16605860749131915 0.15690586222105524
0.17404682691176435 0.17522905141031375
0.16479797908100038 0.16372333233736044
0.15650814777416155 0.15194882636128504
0.17287358688852678 0.1706583222411363
0.18520799215126163 0.18732738175921487
0.19493293359067446 0.19318904875658818
0.1648490165714727 0.1667391773946784
0.1580876286780548 0.159808849699993
0.16167424781225112 0.15849972387539266
0.170390696726253 0.16956524638875212
0.17057758167894327 0.16354618211747501
0.16676426818208936 0.15881721085276804
0.16735726811296733 0.16547446366132615
0.1736719280717155 0.1711784869636797
0.16622271768888724 0.16453853953909903
0.1753020269473578 0.17609548404924166
0.17514056181740142 0.17390983172342872
0.16459471198534945 0.16248718786625488
0.15918160031208325 0.16010341585202398
0.1546108232158669 0.15174335834877767
0.17740880768596942 0.17770534252056824
0.15388585614764658 0.15483632739158878
0.17282436605598894 0.17067943690644752
0.18613534582555255 0.18104251493959128
0.17761092106543852 0.16439302983667725
0.17480994979376266 0.18096075633864717
0.1787905448940289 0.16448070704374826
0.18785761118175553 0.17983223817060962
0.15469347789325447 0.15911010320554608
0.16034693601000644 0.15383242175585593
0.16174503851918484 0.15532545079555557
0.1554700289423697 0.15459457338667126
0.15588296726495768 0.15718217524764871
0.17328155867201267 0.17184782160739698
0.19942918794434283 0.2012563273811288
0.15191261537532358 0.15123769675736673
0.16350105807359272 0.16418718709411542
0.17232915005109953 0.1700630834250769
0.15809615934374482 0.15813716953688342
0.16268598871284137 0.1633786835817901
0.16249680404902012 0.1654230371988062
0.20074713589558052 0.18932581327941442
0.16907627254513544 0.16611215610226535
0.17726400525444172 0.1737775369076446
0.16847438617726537 0.16550018009487472
0.17812812686664675 0.1735496924031287
0.15873370880809287 0.15568350817977344
0.15637151641628297 0.1576055628234655
0.1730057789524842 0.1778905057973833
0.17568199317963248 0.17531770246357348
0.1860374428374943 0.1807117858878786
0.16807326661435784 0.17192120922286314
0.15133276047481944 0.15524645295309916
0.17019819143993306 0.1683430535690911
0.17137877407062627 0.16786174183636926
0.1646778836187431 0.1610601955055665
0.16370524249114518 0.15903910553246756
0.15032365375897996 0.14753625670462364
0.1561720324673973 0.1588864215658271
0.17487161168204055 0.1751229868360377
0.1627159754795282 0.1584648720870482
0.15954518317834346 0.15009322690465393
0.14993851174518488 0.13950681260744635
0.171182876851397 0.17000793107252993
0.16048532683513206 0.1638999414234616
0.1675647773703451 0.1621265423814219
0.17204980323430932 0.17220018067116122
0.14386320182209317 0.14488089378464036
0.15000821798075042 0.15116574146816827
0.13165971597392892 0.13373387835182013
0.14046322461886981 0.14072271623470098
0.15316807836828872 0.14843516000387685
0.16951994377472387 0.1665795395416965
0.14405156517149445 0.14203977406873627
0.16290369440914196 0.16193063337449648
0.18583132181364112 0.1793348450511299
0.1711272186273334 0.16664225025120805
0.15574512859910722 0.15521851320981175
0.15208434956489839 0.15052857877674972
0.14688268960320341 0.14606799422427952
0.17514625058124977 0.1727447414102569
0.1744860638645066 0.1669351079786432
0.17789414919908175 0.17801728832509467
0.17367833336831476 0.17095366879223522
0.14812767875443764 0.14834899539070293
0.15233248131077465 0.15087748762147293
0.16936086932157446 0.17043485813144474
0.16228107081258009 0.16023239439301093
0.15976929163504378 0.15908232259219707
0.18019361890841126 0.1791634235884804
0.18238859751762435 0.16999206830250913
0.1677111516876532 0.16324395719891385
0.20467738133828658 0.20060571905511296
0.15104753343683297 0.14719700553677043
0.15720279105659424 0.15666854597633112
0.15121596567373202 0.15197860915764172
0.17171175949811712 0.17575142508300157
0.1838437594114146 0.17344809585790733
0.16096490804671462 0.15653247159933772
0.15396201684934246 0.15314882045816483
0.1739872620721368 0.1721572091211064
0.1710058502481023 0.17047874443784236
0.15247054674609453 0.150746862297485
0.16723167942996858 0.15662476342643772
0.13833515631312426 0.13564704075133469
0.1444413284409699 0.1450378922871129
0.16362114244957496 0.1610179443534872
0.17171577400729077 0.16869363209804616
0.15955800683953644 0.15149900179391546
0.16278194087765038 0.16244594373481316
0.17399824175465878 0.1673646947478856
0.17986946265333076 0.17757335696285007
0.15076912816975302 0.14553421530889227
0.17819570539500212 0.1728876196229479
0.15213985870439037 0.15042050179407926
0.18626181204971087 0.1907347470470829
0.1852058119692371 0.17718968427688556
0.153341789174564 0.15420923031455078
0.17215554597480218 0.17046944071108158
0.15358467678580895 0.14332905054876824
0.17177468555773096 0.1591007542442225
0.18200834097351787 0.16615962280289148
0.16413743380086576 0.16353329508028708
0.15727338977714042 0.15226513156482568
0.18425466656857617 0.1826532312501671
0.1761049780595542 0.17160236350987118
0.1811405060728127 0.17721219860120763
0.16856206310518163 0.17135189228378905
0.1726943767743855 0.171281993663733
0.15691546188982256 0.16283750301794186
0.16645097045670137 0.16170748079451497
0.14748405954877258 0.14684304396203746
0.16802555889169526 0.1679995789479644
0.18551944278354623 0.17890158706154927
0.13827833643104664 0.13995073764366975
0.19903867086524557 0.20240944396533608
0.15737373859304427 0.1554374112048183
0.1584829606773094 0.16320786071225243
0.2112752649134889 0.21375995608785212
0.1769479502421022 0.1758784671187873
0.1656587439203688 0.16263399089070174
0.17950392908415266 0.18078393742840007
0.14322268797902707 0.1478121690771804
0.16569323672379532 0.1571806033018048
0.18426817381139685 0.18542370033937852
0.1618160299354579 0.1587687134377593
0.13742223873553583 0.1387684403948217
0.1759470330620829 0.1654695608617437
0.16295092687842416 0.16388537835443617
0.1612640235225828 0.16528865961878586
0.15943586092478854 0.15479160403882847
0.16516926069093138 0.16456610914287387
0.1571904667269183 0.15776026598913181
0.18618217585154803 0.1899780055222844
0.1679110740735139 0.167742580681118
0.16499126885659676 0.16433100582249607
0.16422746274120947 0.1661943428910771
0.1403252899367452 0.14081912745770678
0.1575170602636781 0.15714667315186062
0.18117886100761815 0.18138100007955463
0.16941769961410585 0.1694357423391303
0.15681530700256222 0.15604795751829068
0.1670744110641676 0.16620683528161218
0.15319500714549744 0.1558164352096531
0.13818126112069673 0.1405393277446776
0.1682018090513846 0.16157743195167193
0.18548870058471684 0.1649677931526154
0.18551847419988243 0.17551446607194848
0.15869586063128113 0.1555846790037899
0.15187585651171953 0.15302509298048889
0.1728110438360865 0.16790612125796558
0.16042310661725223 0.16197609660910864
0.16295186066609882 0.16573651673495912
0.16765758183755555 0.16079377133537695
0.17256045563085617 0.17618870587719146
0.1490573652471615 0.15086451104018408
0.1769697481889795 0.17448073473558312
0.16146498937551795 0.15939905091328715
0.1698211473077207 0.1717679063501007
0.16524811741228046 0.16543171577386342
0.1681082583809616 0.16432711581618892
0.1839547170477288 0.18268456860437263
0.16751492465445855 0.1685593244110761
0.19412101562766335 0.19334468527194856
0.16757526249992294 0.16679734944969263
0.20179702623809326 0.1976034207932718
0.17468835323950366 0.17249946832777693
0.15884523171928513 0.15602177239691306
0.16540413466113493 0.1639615650965967
0.15014783894961686 0.14857506049277308
0.14815493301986285 0.14954942254377043
0.1469918023202391 0.14845704613097999
0.16628348581792515 0.16673726086250204
0.17099253102662587 0.17594348480204486
0.15493873265755725 0.1560495215780098
0.17422018304647194 0.17146155870075103
0.17094994714053915 0.17305266331226746
0.15223335432924376 0.14020292779269722
0.19517109350415135 0.19280328362759727
0.15481703694467558 0.15457598295523803
0.14693263595215128 0.14384648198747735
0.19120695145241193 0.18506145912594568
0.16195471676353895 0.16308704797796178
0.14307221241097676 0.13892749057297246
0.1743430302335398 0.17832245190111104
0.1607488252991516 0.16154748162325444
0.19660452720350252 0.1887934978054351
0.16455369700484496 0.16481694136545275
0.17068830511025443 0.16660764494382554
0.17534596576712527 0.17038168955068467
0.1853212043042395 0.17876938572849455
0.17100714993281518 0.173231259000106
0.13856978379054813 0.1424060474894694
0.2018304815763053 0.20441348018992356
0.17247132519265956 0.1721358076193153
0.1845552826343153 0.18198382104389849
0.1618110373065021 0.16029195220258396
0.1834634508275643 0.18029735995345464
0.17972631885497933 0.17626937756322453
0.15013826300384478 0.15124381783176621
0.1809369087939532 0.17226233773983185
0.14617215534460531 0.1495692166721553
0.16530030433802156 0.16109213643339304
0.1690812912840131 0.16896602922154816
0.16809817431528917 0.1562009047312765
0.1716827122820429 0.1736716821181944
0.18149496996227646 0.1807234975634022
0.16955911176511207 0.16414643565561127
0.149133407658926 0.1446865073959177
0.1691524962094276 0.17394210504590715
0.15260646805933964 0.15129766599547415
0.1408274364593272 0.14220986721898388
0.1386074275156165 0.1418837039789962
0.18247373034231004 0.1703115506167811
0.18606622936510553 0.18255703159867845
0.15041481527566627 0.1522322284984484
0.18321004293765047 0.1789861281020881
0.16984135409906156 0.16403255487219748
0.15951354049833588 0.15815080990212704
0.15853359275356924 0.1558115198998999
0.17025882755267044 0.1670057334257095
0.1560746118871607 0.15729032857072547
0.16387587742098686 0.16442577241650327
0.15655421582469334 0.1475020976325566
0.18261642258432526 0.1689226418583534
0.17913947314458575 0.17798791286477175
0.15722060845236413 0.15674309105629222
0.14294352558299978 0.1437735014734337
0.15484411296861533 0.15265602591659455
0.1509593204641674 0.15206515256320946
0.18270292467688648 0.17689583329544792
0.16900641198468827 0.16661510331324927
0.14859435304340654 0.14768898753327728
0.16452712054259097 0.16554280165458285
0.16587321894400328 0.16992913824579278
0.1788487818026971 0.16608241234466875
0.17811658235253858 0.18093923238007276
0.1408822098167122 0.14221630890378192
0.1531354887989203 0.15006373901097578
0.1434717078620535 0.1457846876519671
0.16723612446142289 0.16590313574839843
0.168149274399254 0.16627689297902493
0.1766104640550105 0.16611782447740459
0.17719069133156612 0.17610425940033073
0.15260649490997236 0.15105327491405543
0.17858004470782665 0.17203431220644774
0.14888745747438942 0.15323256248118744
0.15842743908856688 0.1632022868690222
0.17455351685012294 0.16815083952321058
0.17115845287226364 0.16442660114655044
0.14515155348165307 0.14651591223908683
0.16430009892378694 0.15805662837950696
0.18319351499549572 0.1817814574948448
0.15386014043207832 0.15027873629748303
0.1712838693827726 0.1714776984688165
0.1609842780793013 0.16157734381919536
0.1336240822215875 0.13541558198786022
0.15317642313030297 0.15663343997073056
0.1516179207201857 0.15460595136329064
0.1572543762461753 0.15550961007630953
