0.22661483085656567 0.21334529609113814
0.24425029534339965 0.23804271814610012
0.2266346287395964 0.20063171051423265
0.2635089879875708 0.24593214401923577
0.2321179737513776 0.22212861667929168
0.24086633230945456 0.209523831003886
0.24474969282128586 0.23953869528831212
0.22244154071739736 0.20429512647573878
0.2526101804198073 0.22896172180658264
0.24502474569869448 0.21837384931973755
0.26422772959532226 0.23167537918937764
0.23375975296214896 0.21329548011462315
0.22693178455602842 0.22167122944969514
0.2584460490657868 0.22169401004240138
0.2162232265748637 0.19958163350625588
0.25717419414388404 0.22065909811775547
0.22903217843368748 0.21876378479240557
0.24057966756053006 0.2338300754245601
0.24270258244454473 0.21813237092097199
0.23495025697105332 0.2164783286633858
0.23681927305806053 0.22400848193961606
0.23900560062570325 0.21729721734953714
0.23863696430538212 0.22026866144218474
0.2417361849655996 0.22311283014776973
0.23798741063946954 0.21929197441900974
0.25679583531758593 0.23430297535670944
0.2251798121827231 0.2249486413139178
0.2108964827705876 0.21480545413097107
0.2401277752875034 0.2251177883376215
0.2685298513847687 0.22745815053946175
0.2687977334226222 0.23882530678006636
0.24724536631183952 0.21812752986091938
0.2663612552550179 0.22688421275598536
0.22525377467693192 0.20843217353625432
0.24532187716714748 0.22904625872467538
0.21669601417804654 0.2089906364362293
0.2585747982024497 0.23741547773135338
0.23607452674468268 0.2231700588884009
0.2441391398823624 0.20578389646056303
0.23408995479862174 0.21819658786843515
0.23947626876047554 0.22728737424220843
0.24509667321099377 0.21875682965884383
0.23374530973945415 0.23824033536847133
0.2590295827689581 0.22260517789394127
0.26439036881946476 0.23784426630584968
0.22759207693126904 0.21030976264045823
0.24501204183699146 0.2300156032448376
0.23698684433290396 0.21044743258829213
0.25103321346771135 0.23984912602445535
0.2388994675245849 0.2189432682040938
0.25576217548880165 0.21656633308652584
0.24686893841178553 0.22447813260114222
0.2547803673681276 0.23650047012928788
0.23304936715862304 0.20825435919505056
0.2469399305173148 0.23917146219347454
0.223140521335542 0.2178620721871387
0.2486394061001369 0.23909550358176762
0.2425542076345674 0.240621583277081
0.24662785569170634 0.23610658086664937
0.2380372466764259 0.23765460446416425
0.2535315752541413 0.22141883675264792
0.24771740729822034 0.22884253023904363
0.24680609244244167 0.22451415928343438
0.22566577022317733 0.20958243066891502
0.2301515843454713 0.21758167257744074
0.2257305903971614 0.21130639092937534
0.25176226521368594 0.22581228237804327
0.24307319983518522 0.21748570569065315
0.2501589807948107 0.2417699421818223
0.22038190162354424 0.22288729044717218
0.2151687154112624 0.21527267410486844
0.2584146120022087 0.22980786489494243
0.25687669395814894 0.2424057248765186
0.25088362428607086 0.2405085270031406
0.24923897369323297 0.2228367135507363
0.24912414889453569 0.22646672229069273
0.24703220798809694 0.22316396037083738
0.24957202502578943 0.2245432193678701
0.24517490404015282 0.22339942472341265
0.2510008995040179 0.22994219530995677
0.23376961532449653 0.21782792473562235
0.23514007878847257 0.23550032736091442
0.24727690895142512 0.2274185609218852
0.2480621574900544 0.22588250732948
0.23247339753907073 0.21447165341212723
0.24091727895177498 0.20462263168799635
0.24299895587057896 0.22913881381841944
0.23787818014546186 0.22033060993618772
0.2419666446514413 0.22661244993830232
0.2785312346327377 0.2446148357100127
0.25416830199012785 0.21926945242468696
0.2301718852974514 0.22464027324177951
0.28993795942505296 0.2365888028838387
0.2485334756320708 0.21943944499781629
0.24613739331959722 0.2341962411393156
0.25388714101202997 0.22997930881417367
0.234414012099421 0.20425095020000164
0.22295607219042976 0.2168224375386386
0.23312413683817929 0.2148781065849333
0.23388575530830283 0.21353890660580108
0.23945113536859833 0.2299333442604223
0.2330710653283475 0.21145640022611137
0.27128545779719615 0.2381602031697185
0.23189873686665968 0.22709072534018532
0.25363603711797555 0.2253379692072023
0.21945424270865269 0.20787918874594874
0.25099579406556133 0.21659969697298823
0.23855448352691397 0.2314352305513894
0.2356158514914353 0.22130036077587067
0.2117894343887815 0.20296190970931702
0.23342627363695576 0.22688258131195824
0.2440215743128207 0.2119143908609463
0.2881248719259129 0.24467881760546142
0.25906950401677 0.2498054757833178
0.251127385596674 0.23755041288243164
0.24831923630600267 0.22746700166603728
0.2405612781150151 0.21853942207116775
0.2388315009748246 0.21886818729778304
0.23103368910364064 0.2293459147979032
0.24833549436357055 0.214092381792699
0.2543041550531739 0.23375138917881277
0.25698858377378786 0.24127915740788314
0.24231620312744873 0.22506183209686684
0.24970517939702283 0.22126436326668636
0.23001049640674642 0.2147637196820761
0.25662180981289695 0.23347428612966448
0.2362921811079551 0.20396634948369333
0.2533500692299069 0.23048444301952223
0.2586807001368229 0.26773544774082336
0.27161815759122315 0.23591408140720013
0.2424819537406431 0.2389620098242921
0.2526408607706293 0.21913124883970594
0.263874303480503 0.2362330165205314
0.24222285248378225 0.21454975397055678
0.241576134678889 0.23685223497015562
0.25292233390499597 0.21146237407484572
0.26527515525033785 0.24815122199470785
0.23952907532759732 0.21417200429772282
0.2410534655128018 0.2243631110001641
0.2484244981008999 0.21993066497351457
0.2527871049984056 0.23283307203652312
0.24782311456566986 0.22806172288329596
0.25124155680098725 0.23045720984771978
0.21550699330873285 0.20779141120178748
0.25864177598655547 0.23378165491406067
0.23914137791707074 0.22267344411725626
0.23017329228606012 0.21765808347172852
0.24960871190125536 0.22402244692995898
0.25408101935879823 0.24096836449449674
0.2511214996796204 0.23784374778023573
0.2564899001746055 0.23447993634572956
0.250971754582032 0.23854969916848362
0.24221282935267904 0.2336912943915751
0.2385096340415525 0.2186853569212683
0.241160993746841 0.2193193543902609
0.25996551651928934 0.2492525507181312
0.22778837033932012 0.21585225164884042
0.23407293090615025 0.22875815656116139
0.2241800948937189 0.21440178222326672
0.2423185802433088 0.2121173130736474
0.2301445201474211 0.22113226687694323
0.21124220754916645 0.20363030468286336
0.25018559396431983 0.22251586182841326
0.2589392310422369 0.25000016293347793
0.237170643135531 0.22152567568882037
0.2487562153992111 0.2322490252912364
0.2619684654505739 0.22227358011778567
0.21146438664567138 0.211952062693356
0.2288880870107701 0.21369401535922591
0.22512070443848994 0.2091033757633354
0.21912463114654745 0.2015519734337635
0.24283952455500118 0.2166433421651717
0.24242842015634986 0.22344699624939915
0.22739047807401416 0.22769835356198004
0.23767018835900913 0.22789850577634974
0.23028962702908606 0.2147447220727812
0.22961723737275158 0.23378330563750874
0.2523276729352469 0.22537998688445984
0.22018616324026083 0.21216753807640143
0.2231028497319498 0.22592673476408723
0.2771554494391228 0.255152429137304
0.2459411790978469 0.2288443053229753
0.21562974159987125 0.2215621340827801
0.24346213027602914 0.2291391143172066
0.24817966557167354 0.23511644700500084
0.25899116752882445 0.23452325395258544
0.26756575634564 0.2298178190530863
0.2476008547846453 0.24202609241507203
0.23848632046192864 0.2199878760901394
0.25995993544100504 0.2514946163289044
0.23956568581657223 0.24031670919955977
0.2511903266709889 0.22384253779535165
0.2446955921947035 0.22809865951811553
0.25456109361882234 0.2415655029406779
0.2479824656401835 0.23807216066634498
0.24878002168030472 0.2278349818082063
0.2505078104587487 0.23619859487159503
0.2515413618591627 0.22049394265868835
0.242544718571394 0.23451575619569118
0.25270292027978264 0.24665797862954092
0.24061795012266873 0.22659706414383968
0.2607381538075643 0.24206623019251414
0.26261652150214015 0.2366293504242975
0.22564089541145288 0.2101820644181079
0.23490172235861334 0.2161009816604866
0.24072577739298695 0.21129790654117045
0.2636576175943144 0.23217844773178725
0.23841660752723107 0.20959636149832117
0.24188358170051946 0.23511829069583168
0.2303912934146912 0.21771544974829277
0.24238710224350882 0.2205320281641977
0.23817907527875082 0.2211618614891259
0.2463290539814577 0.21078099907413514
0.2462324253388057 0.22113470430813664
0.21710322526213327 0.20120733845803482
0.25961422016687474 0.24488104827189533
0.2396393372424344 0.22787860728745193
0.2183833540576061 0.20770032451465523
0.24248248389611884 0.2193872199890302
0.2326915073200787 0.21272035793418237
0.2271402708484113 0.2205734488430358
0.2461228071424231 0.235366552332187
0.2411036102209201 0.2283580052336596
0.23769760827730577 0.22057782686389557
0.2727958291512055 0.2503129811472694
0.233721228282546 0.22151151697400956
0.2636219902592136 0.2404635598696198
0.24862004471085658 0.24085107033369074
0.24085993708775794 0.22193453054734158
0.25458544653816595 0.2401655421972844
0.2313038927070935 0.21658805527007396
0.23162343647514338 0.22344125873274048
0.25601380055975737 0.2331230743106123
0.23283388612335637 0.22248485485177927
0.23764059174249152 0.21525467071950466
0.21933173935766911 0.20642147655636683
0.24579404682827138 0.23063971660121318
0.22870812831075218 0.21729230836080174
0.2481937361181607 0.2256305830269206
0.22008160174601232 0.21084559222474436
0.24284980535920597 0.22855294395387496
0.2531143937697062 0.2411388363560384
0.24313749602576948 0.22492536585184694
0.2347541697852893 0.21144051943099645
0.2512144928638048 0.23323506027428326
0.2540750810306844 0.23889413922966898
0.2574616051825772 0.24108032554120787
0.24291683396532227 0.2238921612023012
0.2306718297134462 0.21703003154491576
0.23155806573918347 0.20809926258347297
0.24396350632522454 0.23774654863408815
0.2174144002622918 0.19331136265885074
0.2388202409659942 0.22443629680781957
0.2447510430934953 0.22715354666012835
0.2646308391800832 0.24415310854530534
0.24406824493902612 0.208462143478358
0.2546480107403477 0.24208511872968375
0.2430870617459371 0.23243254338635755
0.24929581724173386 0.22517233952741167
0.2361507217087007 0.2319147140982457
0.23628834305268281 0.2027344362405457
0.2454907996854973 0.24549292986775795
0.23540688582610275 0.22738097809762878
0.2497679510839115 0.22257193141074746
0.2773777056616871 0.23176610055978805
0.2528543352092381 0.22053361235847796
0.2343346932157215 0.21764124043658445
0.24269670266546525 0.20921639385699312
0.24885260581949778 0.22544801554487345
0.23563381495168123 0.21598381175280235
0.2426604924944242 0.22524357769807438
0.24333596577254246 0.22657924823707518
0.2726501779932403 0.25573288673367045
0.24887463532377962 0.22829335347373597
0.2545266928223897 0.23861100879294192
0.30108296286947633 0.2653800315655181
0.2412369991762229 0.2262628675039206
0.24076045266482196 0.22576250992364533
0.23192277619489177 0.22083997457028592
0.2713337150455464 0.24817253157700497
0.21532633031314358 0.20328515216042398
0.2617830243792109 0.22501777263743192
0.2355586450368969 0.2092091234349894
0.23516775329993606 0.22400815322778272
0.2538104305412088 0.23005187176926245
0.2552305852368783 0.24461277106483093
0.26607452452028313 0.24176904696669524
0.2569222678977325 0.24460337547032854
0.22315425931291363 0.2044239337390955
0.23513586578648185 0.20956542475894532
0.23973470950008985 0.22445964937403176
0.22951242273021244 0.21447371226629716
0.24241085435861906 0.23000910032949057
0.2692577087081937 0.24361260978873803
0.25195485442895743 0.21752440549981086
0.24079875229438236 0.22268914798588435
0.24298094022301503 0.22885774768310074
0.24627285115536507 0.22512371160986985
0.2495817830233288 0.23679911263269943
0.25488412721651094 0.2281274045948774
0.2353985537605373 0.21738821241943626
0.257393756563418 0.22313055053086803
0.2526241375897551 0.22541363257267907
0.24208811024466664 0.23572436043771794
0.23848699183452027 0.20199642603606915
0.2536227143217701 0.22390795805634417
0.2483079118325881 0.22076087861905955
0.25566110269335923 0.2395390445782435
0.24486554241777156 0.22361368125016534
0.22569911225264191 0.2217595043432368
0.2414607664741751 0.22280406968644564
0.23339158204590232 0.21881160692796997
0.23051468974015996 0.209348113508666
0.24519402147822542 0.22410500521077412
0.24295343540222325 0.23865541485989908
0.2538831962277007 0.22934998278523783
0.2405032815390446 0.21847046707101267
0.21829021951017605 0.20348568645516404
0.25310952473391946 0.22431474418976882
0.22574885026499547 0.20932267053625783
0.24692995512206803 0.22378612553487162
0.2356147240470909 0.21712898266775582
0.25930590808303183 0.2357144932904536
0.26495173680068396 0.2553076450311955
0.25409254507430057 0.23311389191734957
0.25358705897966693 0.23117960025685216
0.23531108721331206 0.21934904318101656
0.23272354075961604 0.21737495240146942
0.2426593213336939 0.2115602733430074
0.2522573354746306 0.2157839691282096
0.24135270940784298 0.22332722473069694
0.2374525257546552 0.21315001829142133
0.23735228269577546 0.2226291998300766
0.23359020176349338 0.23229094002199147
0.24356896013723797 0.22559743220168624
0.25348256959147886 0.21064525604899637
0.22679776108442584 0.2195839133047281
0.2279204843089299 0.22062237790268166
0.2520769847901384 0.2238271439341091
0.2532021571276681 0.21531808773463446
0.24927938867225138 0.21623719186687207
0.23713647742658397 0.21396388684134296
0.2512368251280172 0.23082357206800855
0.2560984281288472 0.24172773621066998
0.25485788180906516 0.24334865897439445
0.24248801211928875 0.22994418671476557
0.2340397356470344 0.22275087973438026
0.22479758961159005 0.20549646160903284
0.2405139666253551 0.21935379955597123
0.2573826191500477 0.22659950620543184
0.23625562123873625 0.21963332994423282
0.25169382238803784 0.226816780885765
0.2632182567886858 0.24713962619393545
0.2272249651259576 0.20211715672138114
0.24232738243750088 0.22846529844011348
0.24797119820151872 0.2300360704294531
0.24461095098141752 0.22512472507651332
0.2427590659109467 0.22023928550666813
0.24983879627035377 0.21430360081335809
0.23348658683089976 0.21077480655073405
0.26009763495778815 0.22115386665365128
0.24442069357928853 0.23117267659881569
0.23257389398244674 0.21584675242795867
0.2476478955502393 0.22713393796160308
0.2258370634606724 0.21762807756811134
0.25366457269593895 0.2351481022878582
0.2363915853270306 0.210357133970627
0.21666999314288102 0.20057151506210008
0.26133780618502306 0.23937910573527568
0.2383031379949888 0.20646623292479885
0.23174808022945245 0.20140509336114668
0.23496310675644252 0.21631421431569398
0.23011107711658124 0.20620126006541892
0.24183506781203198 0.21575699836777293
0.25629198039060147 0.2465497389449253
0.2386278150070464 0.22126948029633148
0.24619888452056293 0.22856484580783398
0.23657194432065062 0.21663777187337732
0.2609094071841601 0.2399070906043259
0.24303629474031432 0.2327470831102147
0.26366527100964 0.24773810549815778
0.22713270072380073 0.22076332749029673
0.25884104918309025 0.25279450902407435
0.26382206581994777 0.22790244029978593
0.25356905757134296 0.21610561031716916
0.26506254823989545 0.22843505567757533
0.25494306388978855 0.2233293323275816
0.2525375763682402 0.2358596491837792
0.250565624440938 0.22935442958218838
0.2422146656536668 0.23161693616773404
0.25128422471233275 0.2299669626125146
0.22789762265056376 0.20782115427399273
0.23689453532764612 0.237077654648986
0.26867622867251706 0.2449990825549567
0.2532339987985793 0.23735980607007742
0.2534653512992053 0.23106849177900163
0.2560942151975428 0.2357397465919985
0.23219333676330303 0.22050411927046845
0.2561508948672129 0.24230013772369438
0.25987854447195374 0.23587777388927797
