0.10157946672746951 0.08640108707344284
0.12220550893026921 0.1192309656563949
0.0994825006902209 0.07190371880605538
0.15002712910006183 0.11651673025758101
0.10620522361030635 0.10028680990613263
0.13081405086353293 0.08929181252282418
0.11709975769540747 0.11227458173527585
0.10169613031705575 0.07629847191875958
0.1335151716582492 0.10321069168316102
0.12122025623117337 0.0894227874938435
0.14207265491284696 0.10507606463706004
0.10372920392207884 0.08326833610582507
0.09581116861142258 0.08525442516807931
0.1322502230556829 0.09966318999572718
0.09706260937776065 0.07818991600001755
0.1234926213887442 0.08665440455681615
0.09962079966936416 0.09090818226179302
0.1275291717904366 0.11157629737053475
0.11371210277291031 0.09499261322038798
0.11348330932242506 0.08325271849776705
0.11434376608164644 0.10951323656023246
0.11773997928906184 0.08891846778158398
0.1164095629289635 0.09650181155503243
0.1184806103122863 0.10505757853714055
0.12333103200951363 0.08924168642630959
0.11524245117010098 0.09213538722837411
0.09297473911276112 0.09360163589029358
0.07655287696103123 0.08158558912796855
0.11203121342826448 0.10164762306912013
0.14101379164639957 0.09052683981736283
0.159831470786973 0.10977537874543632
0.1257165958250385 0.08534994557822086
0.14468186730582958 0.11189417754642923
0.09423628789450085 0.0767204633507383
0.12619036951315996 0.11512447954943357
0.10126741052440355 0.09050569431917095
0.1278927130148013 0.10090732450147581
0.09228641356514827 0.08288888770651721
0.1404424241737053 0.0891308921453505
0.0929723959478119 0.08198325597695941
0.11046325721911575 0.0995697148402458
0.1162998384407822 0.09524845198363106
0.11640121422730305 0.12791247902154035
0.15229979495297918 0.0998668662509448
0.14708472393312855 0.10115063073936235
0.0985314506105601 0.0831478692451953
0.1263699033873508 0.11464596143289711
0.10323866848526213 0.08441855159405125
0.1193002561495224 0.11155233342143685
0.10249573670729863 0.08828673319622787
0.15342004490447544 0.09810222924195186
0.1284299247791011 0.09797318910333867
0.12748629046921164 0.11279832506880486
0.10726708083199249 0.08581534608909813
0.1180896813864501 0.10895328351028652
0.10522298566212449 0.08900734277329632
0.131096653872161 0.1174211305543285
0.12200844931392202 0.11322076233506417
0.1323626904011072 0.12414351281918215
0.10689403831806017 0.11043115349772376
0.1343284569828114 0.0905130272216266
0.1326452238433761 0.09700099778303412
0.12401564329228613 0.09764582959034315
0.10091508091382825 0.08959607451461375
0.09699164455549084 0.08520243041003048
0.09364841526902767 0.0834635111627873
0.12310243372975786 0.1048044486941212
0.1270725489043816 0.08104920996204533
0.12131953798176164 0.11027496870817315
0.09986887648900077 0.0938494550588232
0.09664822763003245 0.08960358581842418
0.13168562549954757 0.10455446470621572
0.12782428718294844 0.1153106689758486
0.12215045658835767 0.10498384867616262
0.1409621216278361 0.09798319714538092
0.13090346022998273 0.10952917908651895
0.12920558052952516 0.09162580346219387
0.11720481154139639 0.09264295205430519
0.12189280147044519 0.1077345298522811
0.1418884726610887 0.12210253098515365
0.11370409357421583 0.10212835783995772
0.10311993831264556 0.10515625157736923
0.1248018473757591 0.10855637031697449
0.12372358407798198 0.10304730064224069
0.12270906706752462 0.10234638379299152
0.11806951593775053 0.07454344195974823
0.11818317135647452 0.10896431788264926
0.1029423690905451 0.09244713586043876
0.12296899107506971 0.1022092285310647
0.16118369467938623 0.13103524142412895
0.1258393231061043 0.09180036707013241
0.10238679970491267 0.09408576776593702
0.1829074876375055 0.1130075763236134
0.11009745934399269 0.08866311344445175
0.11232210138920071 0.0955537768923462
0.11609137665713735 0.08913668715582207
0.12349836775783772 0.08751620795126243
0.08361672219321795 0.0775056228016771
0.11861686537380751 0.09342948376644172
0.10159793495379546 0.09288683380178518
0.11009153086775751 0.09897724410434257
0.10540922994200996 0.08787720486727514
0.15311115524063515 0.11472938722768543
0.1115960803643011 0.10451994709010885
0.13317484062980808 0.10296848699613627
0.09277214793130747 0.07598532009273253
0.12739478139051813 0.09243748591429307
0.12402448954952694 0.10603519356812004
0.10127058782383365 0.0864865908279172
0.08357632442270761 0.07376904675322316
0.10129575187723577 0.09105442661012875
0.12587714955708643 0.09315736305077994
0.18959137510463137 0.11573308511317204
0.13429331139617892 0.12033368403579046
0.12384454922672249 0.10584402443983558
0.12736465635313451 0.10142191411551991
0.11617894520313589 0.09574064871952226
0.11110278781900863 0.09418362291226659
0.09764945783330505 0.09640127873250168
0.11866071603813708 0.09627703314710885
0.14188076611475134 0.11328850557773355
0.11698292630578878 0.10401485779696085
0.13478997907535953 0.10457842979873969
0.14586921426851637 0.09749848175663241
0.10929628188197477 0.09217592671852042
0.12639234208036926 0.11109467155809935
0.09587143751074517 0.07747233174320432
0.11101252952704083 0.09842905257374106
0.13262005894079198 0.13577210638026688
0.1538364398133833 0.1104488732150945
0.12193499917905173 0.11430302628222522
0.12027753343425189 0.08300548386134315
0.14161583952146983 0.11197123695119206
0.13965132700096422 0.08478600423547268
0.10800925694346614 0.10479339635269758
0.13014270608251444 0.07607833590163023
0.16038024109647406 0.13284866490574232
0.13572525235891975 0.0937290875085675
0.13366112950084788 0.120971948347922
0.1300835275220876 0.10433644472155564
0.14541097791903976 0.1075225643154492
0.12937231764753088 0.10926603563360718
0.12831527693539052 0.10866484465748631
0.09308705215613274 0.08730098297776961
0.1284624413600279 0.10155080284258988
0.1262619044638263 0.10482452840525663
0.09995900394751883 0.08900451218579884
0.11664674189394113 0.09294569836556879
0.12835511411154737 0.1234464319801102
0.1261178531769755 0.11023770989755581
0.13525694706120484 0.10422846206094839
0.11770430294062527 0.10355479512695014
0.11914810758958272 0.11237938489495825
0.1151754605911452 0.09473010945065911
0.12123097632480154 0.08301591942209857
0.1307992361788184 0.12301437012396822
0.1106501883865022 0.10422386270342111
0.11402700843858891 0.11060391000553167
0.10032405379672675 0.09580691151437695
0.1255782458165202 0.0924474228685539
0.10114439469163468 0.08870485457354554
0.08643440416054744 0.0693392357895389
0.13004925647134694 0.10188950378492362
0.13529095601757765 0.12859193474630307
0.10760901084943192 0.09167271553610995
0.13342933037377863 0.1130010665945871
0.13286573007171262 0.089890911331659
0.08803834637413002 0.0883638343615956
0.10376827811608223 0.0849880182375913
0.09335537563762697 0.08126641630075274
0.08670927048599994 0.07127453916762441
0.12368245560888609 0.09310566911853005
0.11082955566125768 0.09455275183757643
0.09829222881847903 0.10370415457736584
0.11079906131321034 0.10279689958466155
0.0968369550506078 0.08008418363717766
0.10041468217959215 0.10325168917880384
0.1329791541637339 0.10171596527434103
0.09639843836943943 0.08649311008592063
0.09740048678145374 0.09837235251020274
0.16009684363036536 0.13100255744609987
0.1131262718348752 0.0959900547732189
0.08869300751871848 0.08911874643813224
0.11562560942032687 0.10699523414544758
0.12174453346186287 0.10470219927937355
0.1236943973482441 0.10578523067881263
0.13547561103018416 0.10462769410382182
0.13523431663006732 0.12793114252465201
0.10508438816237393 0.08682840869662957
0.1474545694540413 0.1440237072863495
0.1098374049989842 0.11027576846546595
0.1340044112725394 0.10083243938053944
0.11584271239384715 0.10931136552292457
0.13383118971806507 0.11407890920959561
0.11585925165916221 0.09816047962864993
0.12286824846742192 0.10075080662342895
0.10822903177757356 0.09876444218813557
0.13003692704411945 0.09744932826284396
0.10355924978203698 0.09904144002486391
0.13240802014146097 0.12982621121435314
0.11891384700552658 0.09474747459232212
0.1383615088362683 0.11629274109315904
0.15342852807711907 0.10630715342944781
0.09583283413639848 0.08603067441769269
0.1146585541562976 0.10492280525538179
0.13404917062206528 0.09274800106352386
0.13412641606113282 0.10485574559751283
0.11515465812063258 0.07970036647080153
0.12160407918435147 0.11601376371877008
0.09961627126814314 0.07831762433586648
0.122169960990889 0.09471129326880358
0.12199904796876215 0.10251206810774134
0.11799269054044959 0.07780881378755289
0.13357078564050007 0.09591279894936933
0.08973475518562621 0.0745472800784215
0.1283106262079158 0.12052834691176785
0.11912062969532705 0.09964270966878301
0.08566279913450647 0.07472541966732407
0.10145357594833695 0.0857004165690567
0.11751033509587784 0.08582340847863536
0.11251217964335461 0.11130377408718563
0.12880433437323596 0.12385345990347178
0.11926282088582064 0.10493526868024565
0.11855360222506639 0.08950152191287042
0.1548741847508764 0.13956176287498112
0.0961524486239735 0.08623588607896221
0.14172512971620133 0.11245544706686206
0.12924057861165364 0.122846803122319
0.10482814721985716 0.08959932641341961
0.12998860353442965 0.12205557940938193
0.10393714894756047 0.09753970019060167
0.10235657830194406 0.09716394159635489
0.15614301952335888 0.11456589342389852
0.10865893405402274 0.09814574556084417
0.10161712737619648 0.08033847584558933
0.09940682959372632 0.08696722735274207
0.13053276330742106 0.10772978736353044
0.10204425347242903 0.09595827742606294
0.12162787040153311 0.10315076602724675
0.08814406853360783 0.08334963937516503
0.12185749569325884 0.11588624036948997
0.11510033966641336 0.10183430776389762
0.10875990606230371 0.09539778959273204
0.11196185245160267 0.08146106654198833
0.12827275181501918 0.10158626727872676
0.11968202259860895 0.10813817150093478
0.12418960495770164 0.11436443506144431
0.11356626776735197 0.10437948121100209
0.10567115994684723 0.09490764647282386
0.1016104811418396 0.07546662413089054
0.11393060943183868 0.10515739980113377
0.09944810662529019 0.06431303406026616
0.1403816494184949 0.11816036380770391
0.10704127247113265 0.08522098674692495
0.15129842354575918 0.12139261028025403
0.12761578973372165 0.08294680534723924
0.14229670358279556 0.13063364618828402
0.11460412407833226 0.10055011979265895
0.12894544367694155 0.10566917682382385
0.10798483509876425 0.10289182273392032
0.11411066661295544 0.0825137188259885
0.1263440903024107 0.13310755010698874
0.11010275005099925 0.10621720911172165
0.12244738996510557 0.10263846687601112
0.15627538657155807 0.09265695605089462
0.13013169415935566 0.10066891626820901
0.1356646377908383 0.09550735703562628
0.13525683935298075 0.08879568322572136
0.12684126887380948 0.10226784267109124
0.10899192965412278 0.0879579206822992
0.12527614956360564 0.10562212788821786
0.1207067014316776 0.10799320611817728
0.1469431742666744 0.14207858290299466
0.10749953401013422 0.09069028707729318
0.1296386254368187 0.11092669610526855
0.1860659162373225 0.13211312353467164
0.1148473751778924 0.10116585355067723
0.12867197832005772 0.09491649284553168
0.09313998085185118 0.08645319086296072
0.14387090752029155 0.12107082444077359
0.08419598038991553 0.07881729228781376
0.17027938877409007 0.10528609712590148
0.1143169587830338 0.07791625345212656
0.10309182041260673 0.09139275911824897
0.1387003682865965 0.11644157665458953
0.13596049660490778 0.11828381427236839
0.15086596587923864 0.11927789302419582
0.14429439932100105 0.12662906964094303
0.10527174725620395 0.08860697161342611
0.11042633432039473 0.08451459717198118
0.1244867103040635 0.0999371038429091
0.12348948405415876 0.10326376411134901
0.11925799889932132 0.1100947084701304
0.14733383990224513 0.11650246095995988
0.12101811992026996 0.0902661363767101
0.11012066842642547 0.09770745999470877
0.11584036401778701 0.10466399798548386
0.13041955728911211 0.10911341465449428
0.13341929663732915 0.12069579853173101
0.13608059853045704 0.10041615126345559
0.10677243742823146 0.09430883272863477
0.13427540715055536 0.10248974734413614
0.14766116066016868 0.10354502239644336
0.11774290131815698 0.10882349874222805
0.1052373727767778 0.07818488896303304
0.12629158763231402 0.08899212813282488
0.11955865804829173 0.09193654572606481
0.1332374651748678 0.11630924893302166
0.11206158547153403 0.0938343016453653
0.09530314701302199 0.0885000336383448
0.10613418901871148 0.09719195763756693
0.11142771346796196 0.08715558438922154
0.10274999722468932 0.08942277815927163
0.13008408019907747 0.09860110892712264
0.1201448831095232 0.1214010623508052
0.12121988435328468 0.1011254494048697
0.11671320560324701 0.09046829609999274
0.09366244906305879 0.07742512706427937
0.1231831539629639 0.10247959698108018
0.10172400536750006 0.09579905585010444
0.12713085688090223 0.10302476200925574
0.10523409732676924 0.08283081771648505
0.13159227931808798 0.10991162481256835
0.1458295198380534 0.12535859250027478
0.1332876141901546 0.11801156527374844
0.1364011514036527 0.10860293917730589
0.1056573671235687 0.0950717939575337
0.11500665001908131 0.09046387255592019
0.1089792828025828 0.08132126912250934
0.12140664229657494 0.08539995773738623
0.1209580103515724 0.09018171140105684
0.12218079645581355 0.092027391738269
0.10962521016363974 0.10018440806367937
0.11686728271936253 0.10865874113379248
0.1290895365837974 0.10519535135160468
0.1292587288717222 0.07782494631569806
0.09947380973842514 0.07654979697079245
0.10659130545088412 0.10102064050905472
0.14585546862994211 0.08717753100811021
0.13191784524900857 0.08029616936242734
0.14165854775459927 0.0943585861177121
0.11209525524511096 0.09004294370846146
0.1269950295596188 0.10922659569392958
0.13729537276472745 0.11360078513838813
0.13562005778985825 0.1176053800262886
0.11617603320076214 0.0995954876421669
0.10187506991155382 0.09163698149278493
0.09679590131583758 0.07755394582407793
0.10325168206880118 0.08439591095874201
0.13430936928713177 0.11122318388189147
0.10626215256035722 0.0932063828678664
0.14345141729465602 0.10703088606003894
0.13215351008065795 0.11635493111310637
0.08825595056544848 0.07351176119151387
0.11487682138658463 0.09912692573967943
0.13753071657403892 0.12210083039525231
0.1131764665810844 0.09648674733817321
0.12702093317349616 0.10145168719186246
0.11186350529091806 0.08925679151317441
0.12779347494458768 0.09590516805384523
0.15607137176076724 0.11034035602409459
0.11183784767692957 0.09716751106901472
0.10518447405076882 0.08946347021962048
0.12367284412226663 0.09760102980517733
0.10129590662982667 0.09834059297630979
0.1214863581098082 0.10040242515059633
0.12210381954934052 0.08578711659721985
0.0832817942178374 0.07098246838052094
0.15077965663648854 0.1282568749188706
0.10865646956448485 0.08401349200138665
0.11737058413662267 0.06707515644606225
0.10853829587127681 0.0988081967237165
0.10070042115079042 0.07343382220247889
0.1191813808820338 0.08298381028527319
0.14880979496639696 0.14459127786909223
0.1155486177468399 0.10037487392947855
0.11730441311129908 0.10296980581597359
0.09824016210674523 0.08141667020029288
0.1407925308875172 0.11361530837453254
0.12025711184968177 0.10360248867964783
0.1368198506781482 0.12139757455391706
0.09829344769560974 0.09995141896974076
0.1264462321542713 0.11807259494200784
0.142114932471799 0.09146922405581347
0.15306507317359985 0.0807435522108891
0.1526166729428036 0.11385198318579585
0.13780601261159744 0.10220394088695077
0.1272672820885045 0.10272403540609139
0.11863285792747885 0.10040737265686858
0.1192064564448366 0.10978835597042667
0.12260148363541967 0.10307685310280167
0.10040438548914661 0.07310785446196184
0.11266096009292415 0.11082505491945555
0.13136110469240056 0.10482148703051426
0.12272375909766989 0.11162932717111339
0.12888490210057935 0.10545463361053209
0.13796274377783474 0.11786474930693934
0.12282775662461203 0.09881401095941589
0.128856530755584 0.11520613602530162
0.13649022163028743 0.10356800275775704
