0.2900043891215788 0.30030669189124953
0.28011728434833977 0.2898608292075707
0.27289656287876296 0.2812649758774961
0.2747602406350481 0.2849336606753444
0.2695415571041395 0.2780394790267579
0.28686190585567345 0.2863908873555667
0.2727586242079997 0.2844071166599254
0.2814558043480151 0.28766469808957507
0.2900485265839773 0.29863659566251427
0.27693037491285344 0.2909203087698179
0.27802194482890225 0.28577955826744594
0.280943005423421 0.2891156748215887
0.2764037543386493 0.2881769853695363
0.27775414912330926 0.28565037220170325
0.29388704371015434 0.3049673328732678
0.28025462926503464 0.2856145888754679
0.291032555642048 0.29886763590063853
0.2798916702390894 0.293928155379086
0.27307868887182235 0.27848678726585296
0.2740315064382571 0.28693696417966963
0.275173120084782 0.29093550555757075
0.27442197917010397 0.2858912915388509
0.28033348800343544 0.2913760316507338
0.27051230696707673 0.2810151297649445
0.27744167095539707 0.2807008114400755
0.26586997213783076 0.2784753093192622
0.28008505038450937 0.28973637663024393
0.2751844767474483 0.2829764925013355
0.2671251940604853 0.2774001059653953
0.2877239029472267 0.2991766717709178
0.2692726573310068 0.2825409896670888
0.2631342914527073 0.27548277779785274
0.2781550423075837 0.293917938427718
0.2863395525608989 0.2942939775303639
0.276454708794761 0.2871159642837093
0.2655743456097505 0.27941728080298495
0.28019636445006607 0.28699727755389276
0.273490892272346 0.279650609761076
0.2840578391047316 0.29690388014050967
0.2771274277277577 0.29191032868981154
0.27237636664949894 0.2853906075183704
0.2784967440165908 0.2906646596958608
0.28331519095756436 0.28603314767866095
0.27004276509769787 0.28231100240080687
0.27642521329676945 0.2883323173480229
0.275428606739998 0.2962704966487636
0.285500243012889 0.29693730379595723
0.2700964442676479 0.27979473387773046
0.277435495109122 0.2878127132880679
0.2795475286448195 0.2850474226426934
0.2912405929849738 0.2930256095785021
0.28496214875472375 0.29598849700159985
0.27956108704586136 0.2874753341490167
0.28733551873579244 0.2964910134282313
0.2826420869134637 0.29172606424666425
0.29593895380046187 0.29720732691531565
0.2879414186990034 0.2984545892062727
0.2751652735523679 0.2843217998464381
0.2894126163710164 0.3051684898506687
0.2835379442851042 0.2902154440767068
0.279496516289065 0.289737673693044
0.27908652644803755 0.29372567210908407
0.2707993359075095 0.2820317549889819
0.27513727253106984 0.28675313508456857
0.2748312959938615 0.2778477983358153
0.2725676726716183 0.286877359969886
0.29185221787718413 0.3038432891111826
0.27996873343776885 0.2935916838517956
0.2864366385517724 0.2950659535910378
0.27473582207676445 0.2861232164145904
0.2826988463609499 0.2942543990579709
0.2713422101691773 0.28370755370858725
0.26868549477119863 0.2772797319209096
0.2893415032035683 0.2991937469205663
0.29463270289683496 0.30644507285174355
0.27893121967933343 0.28827829991861453
0.27906044283695547 0.28953757015421155
0.27490018756668494 0.2889915276885079
0.28197401473425115 0.2904773680842348
0.2814550035208383 0.2947122371886192
0.2701217024330212 0.28253615649966457
0.29032815080689256 0.29971928097651196
0.2868821457022308 0.29034377310913395
0.2861052703549144 0.3010440507976756
0.29106801551291955 0.295778714869435
0.2803787354014898 0.28710061112164376
0.2782455478346621 0.29158702127243014
0.2678622059960828 0.2754217397027034
0.28290014561393034 0.2926879731824091
0.2947889781228388 0.29949926281175887
0.29108393727085596 0.30137285420127863
0.2863034875919458 0.2968950326204192
0.270419351890768 0.2788469336929037
0.28645048842946086 0.29761312213950597
0.2916370408523336 0.30460793747930215
0.27632846692975194 0.29019462086409864
0.2826226062121925 0.29970373513044246
0.2785228794382726 0.285225098556909
0.2843851998497364 0.2909082783929175
0.2708500152469258 0.28274260735982465
0.29024463997350053 0.2927343193320848
0.27637536998235035 0.2815238540541934
0.2954603234662196 0.3083256598383657
0.2703343268382671 0.27950841656788716
0.27875948220335145 0.2919706793188642
0.2756950332039018 0.2850467836126381
0.27150901364346963 0.28395555472716894
0.2718277518717569 0.28702672395795203
0.28448045894231666 0.2938667224099618
0.2735029200010418 0.2775484512863926
0.2829688498022193 0.2983109676326971
0.2743542826115887 0.28626227391284503
0.2899571055346872 0.29265126232260574
0.28053631705054544 0.29131330359466456
0.2616476367864613 0.2703185496871281
0.28901604217908117 0.2908658042156812
0.2747685036273414 0.2820380039188781
0.28776982119053834 0.2886171635406433
0.2669207434448498 0.28319550882071676
0.2762841260859921 0.2802456289826943
0.2810614676293679 0.2902051876958634
0.277205307144187 0.2831799814333507
0.294624827093004 0.305385269077613
0.28317847368919796 0.289385463903709
0.2816531231695838 0.29046119881338445
0.2794585910438263 0.28115848184182496
0.2726450137106456 0.2833565332839061
0.26047504801565485 0.2696909277029231
0.27530676922664254 0.2868891905868255
0.2839393032974985 0.29307227683856124
0.276780133355916 0.28912891069039165
0.28800715306870306 0.2969883401196465
0.28774242221313406 0.2881361020808774
0.28549882465063214 0.29421219074503463
0.29441833113845695 0.30630476837829584
0.27122434066606466 0.28585128265990645
0.27115408435887595 0.28221201951873637
0.26493342478658594 0.2757651371096808
0.2871473197509058 0.2925520828633568
0.27515190901678066 0.27513991676096977
0.28408049924443113 0.2947402022302371
0.2897375620248784 0.3022330208432867
0.27266186151967126 0.28119327427387014
0.2901551168355639 0.30356785405090203
0.28848240750359505 0.2937636470437166
0.29006675256108366 0.29780835935248284
0.27314878956339994 0.2839800698164553
0.2783242003565691 0.29375809843314066
0.2637851775348772 0.27552239908809806
0.2702604450135107 0.2834867262186063
0.2808089829156123 0.2931174468668789
0.268931852109931 0.2765219629241961
0.2820281578431792 0.29420785129994476
0.27577055469629735 0.28636866816963985
0.271566310859917 0.28412185743981677
0.27532582338340217 0.28477840750188954
0.26807634153715904 0.2802447144895745
0.2844679506612824 0.2802384355638299
0.27269398356267394 0.28255962212911595
0.2627710951508858 0.2737769368375603
0.2798111156049504 0.28629177391211413
0.27807000379877883 0.2941759310426402
0.2719951551703079 0.2747193973298211
0.26656668622906105 0.28173128891699256
0.29324046394722086 0.29940071742584395
0.28546858397447794 0.29069394354776357
0.28901713448008426 0.2918370730356466
0.28220280311458645 0.2954863630837749
0.2885072199730971 0.2946457801808995
0.2648507586523985 0.27097917674990935
0.28295468249143246 0.2921153910444592
0.271133771974469 0.28241853558253116
0.28851989944752204 0.3020517821209828
0.27951622582358554 0.2871779472642645
0.2833312261066509 0.29037039776076135
0.2694537714755961 0.27455417874947863
0.29255938828165795 0.30090824231393376
0.27881409322494893 0.28133433527341245
0.27264904635901926 0.2814276594612179
0.28393087352155283 0.2979536780173733
0.2723375779937586 0.28326926472905734
0.2657084559545564 0.276420160837136
0.263686570283406 0.27371402135596995
0.27713194609399644 0.2888060252961181
0.280542225676426 0.29428016668957363
0.27001739113056095 0.2759572401810498
0.2777026776644657 0.2888771360951021
0.2698346898475564 0.277870203594435
0.27743781380303517 0.2899950763956931
0.28816373541732815 0.29679106743363964
0.2837158185923417 0.28827954516100224
0.2723784473596018 0.28035236939777136
0.2813564985134902 0.29346647423714495
0.29091902793564856 0.2997203061374738
0.291118780145655 0.30083283279646783
0.2796086751099496 0.28602718358016027
0.27408429680260576 0.28546411334973776
0.26986294648669695 0.28071328800948725
0.2731906697072316 0.2851470969625119
0.2861662420061099 0.2915567145447662
0.28352513246901856 0.2878827143146688
0.27885497448928226 0.28734288561881666
0.2823324407940055 0.2879977871963361
0.28365152063699844 0.29190060194552897
0.2909619783105544 0.2922432941028517
0.2821927698472233 0.2936590542278384
0.2836537666078395 0.30076711858731975
0.2893663806611631 0.2968864575762978
0.29199025015445024 0.2939326942113982
0.293947379896872 0.3009659510766228
0.2867075425561694 0.29834327509516145
0.28251790704777324 0.2873952200073689
0.2771835097412092 0.2911391594100008
0.27810364898533374 0.28418774658101853
0.2795846343089129 0.28429602334379755
0.27320258530285224 0.2886940066142633
0.2748979897032557 0.2858941116187813
0.27353030098522685 0.28056812779733153
0.2716055177544879 0.2804940574106916
0.2732283311120487 0.28665322058450293
0.27489795927931276 0.2838314856663976
0.2841723503356916 0.28899975216995644
0.2743397768683264 0.28859232277290225
0.28298718586426064 0.2919902466445797
0.2833418330660212 0.29364447621506684
0.287975017516589 0.29651293825756364
0.27600241672012343 0.28503858890809947
0.28126208315248885 0.29108831248227796
0.28024817257010254 0.2965324484861512
0.2759639517813585 0.28357229805851564
0.27505137063126744 0.2884336838098788
0.2723026999871844 0.2836311839744256
0.2870409584261952 0.2970212897292471
0.2892453769272451 0.30395578428072045
0.27722975662655625 0.28865324966325073
0.2908586112682105 0.2960536597229966
0.2787125362150847 0.2896183260089111
0.2838072662588711 0.289510559869724
0.2879637516109715 0.2967989312933109
0.28036230254852046 0.28549083108859674
0.2810240579106703 0.2875243165433958
0.27828316367151895 0.28021360008290536
0.2846768635837759 0.29752312688462856
0.2750518950650641 0.2839008603446407
0.2736164157038728 0.284095775867199
0.2741169953489344 0.28073045619374587
0.2834226263414692 0.28624071506100657
0.2776398748088072 0.28763287805219834
0.27960158109029076 0.29176600766377886
0.28467222680181037 0.29057928861513593
0.2835065840533651 0.29660430397617876
0.2826503476069208 0.2953035016063839
0.2825484463486966 0.29457598462061974
0.27543672458462226 0.2827198913387626
0.2802960702915614 0.291514424115202
0.2823833876925755 0.287411678679247
0.27028631790616237 0.28855767780727126
0.2741977906838232 0.2861258570605811
0.27757066103584405 0.2916037134272499
0.27881645569844904 0.28733279631071096
0.2805083947248654 0.2896070513506627
0.27831616183249513 0.2897819923719401
0.2871357460849769 0.3003702933113403
0.2704426826647372 0.2777972809374263
0.28054503645084583 0.2862786649340959
0.28786867923216763 0.2998074988931426
0.27689888067118085 0.28502709408062804
0.27342376362757287 0.2824870275199057
0.2740086553470842 0.2825339130672196
0.27140776941999234 0.28061383059386
0.2751576867010742 0.28553235915815656
0.2886913277136529 0.2949014482143477
0.28906038091366093 0.2955676635447802
0.28361761551165754 0.28860046004719886
0.2868819872832596 0.29689612824314326
0.2746658447318068 0.28419674387765714
0.26872623539622725 0.27365652322556944
0.2860712094740728 0.2948940762923558
0.28345481385921345 0.2947688843065675
0.2862219485950551 0.2925109864772361
0.27575841902430154 0.280902124077248
0.27736145331971707 0.2883918839583136
0.2757534004393288 0.2809321311149973
0.2866506065632655 0.2953680660012034
0.28456432934142994 0.2934234425461932
0.26552218761190466 0.27488650431369677
0.28035639189673406 0.29124082533090345
0.2877242854603346 0.29833621759389867
0.2668903537686443 0.2803645057351224
0.2821279851321064 0.29210961867292673
0.2773435853714525 0.28465492402324444
0.28621196520075615 0.29141634250259085
0.273449659350909 0.2774983545840451
0.2798825902157575 0.28780480923591467
0.28453405626496486 0.2952279832611419
0.2527802010389135 0.26429458174712434
0.2837612429637541 0.2983200636757488
0.28036270696079124 0.2891912438571792
0.27301358438690404 0.2752212434085743
0.2907744661660462 0.29809429360748824
0.27619308439620177 0.28674064822355677
0.2980880482831133 0.3029280567854744
0.2763182385184475 0.2870791009614834
0.29092089823872014 0.29540500057649166
0.28578535206470196 0.29607999031474375
0.27718467124192137 0.28081879369629026
0.279887997773149 0.2890539739416678
0.2858546309536233 0.28972106630604094
0.2830062061646226 0.28860535392240727
0.2633785618517099 0.2776962592328885
0.2831391516571647 0.2920144348865536
0.2877881243097382 0.3001209564856194
0.27896428716283195 0.2911430543297381
0.27716263777024297 0.2854123531308281
0.28345360573075845 0.2953657492239609
0.28370254309230286 0.2993983883743732
0.2865157437293031 0.3010645152323669
0.28688191219397396 0.29589804694106797
0.26833126215311565 0.2850283519289596
0.2745192792734922 0.28004976536902926
0.2732949610853205 0.28228475916729806
0.2865380768279861 0.2917225632197591
0.28659497804052086 0.29404290164945823
0.26307301821506374 0.2808597348930717
0.2744249173742222 0.2813916441089043
0.2785980093255082 0.2871024835054479
0.2795584104677386 0.2943297059480543
0.28580714317051736 0.2879508113922066
0.28418050577862586 0.2956013088161265
0.2902485964680953 0.29595550883058674
0.28560163403106054 0.301591948790479
0.2754660970376288 0.28692951544194334
0.27714277391218634 0.2846681482808459
0.28031590514841986 0.28859618551775
0.2735902812040626 0.277882413334534
0.27848574908710877 0.28994808575165554
0.27413961107039514 0.2808409505819289
0.28515358253038664 0.29175839143187327
0.27899794540062384 0.29316398527805704
0.26500094455989814 0.2728335937938904
0.2557070812633401 0.2723605672210572
0.280248142991891 0.29246243093442315
0.2717378139507079 0.28127590089521814
0.28297975947295323 0.29284140872080816
0.2745058050722244 0.283173048844043
0.281217611986324 0.2871805196314563
0.29697737465076673 0.29595566322392386
0.2801686709164962 0.2851254048483016
0.2775965780243629 0.2911983479657148
0.27833519647213184 0.2882575632323871
0.28001098780901984 0.28812132745490343
0.2728811255138332 0.28312312645706644
0.276844469935554 0.2943170839869079
0.2738264087373512 0.2869525350280676
0.26275059769782694 0.27838161202828793
0.28824817775486355 0.29613779176811567
0.2835791568792927 0.2986785649336944
0.29352367705131127 0.3014020324140299
0.2811541288937758 0.29097788791380014
0.29223004245549417 0.2999143910854248
0.2732782685426028 0.28327761380782784
0.2746248108009033 0.28695732874893753
0.28166873215427646 0.2875892221292739
0.27095943596791633 0.28459898244591275
0.28581360759135793 0.29700736061938815
0.28004411686529884 0.2931964767275606
0.2840901914708345 0.29131563927058507
0.27043709973596736 0.2814979035448982
0.27298026159366445 0.28716234639269783
0.2844159124472119 0.29910687227669075
0.281922873742334 0.2872205051223068
0.2781752597537784 0.28463001300561824
0.26915863672475704 0.28416697495423565
0.2763228956686452 0.2861034642335332
0.27587658301954177 0.28343495859457296
0.27482852817617814 0.27922519133801116
0.2749064810176137 0.28824375861296025
0.2669506353456706 0.27542547031545034
0.2777484813468431 0.286177971451301
0.2671124971093001 0.2833479378517795
0.2911819768633117 0.29764767051859486
0.2781354616364232 0.2921679515631386
0.27784791743326676 0.2837610940543164
0.26704971377268494 0.2782615977294992
0.2767558143850971 0.2854616386137636
0.2918204631973577 0.3064544433240194
0.28004062514754036 0.29239008141949213
0.2705758868311723 0.28159428564209643
0.27585799141641426 0.2863744435976555
0.2742292646825953 0.2821658375287845
0.30293558125418624 0.3070063142277286
0.27521593905515074 0.2837522109934064
0.2869857180215942 0.29372590995282927
0.2758053858081679 0.28609424028025493
0.2926699234584438 0.30115150783940786
0.2885698701929661 0.29693904973535484
0.27675029495776143 0.2872078951183776
0.26685106404172804 0.2765121498466671
0.2892701478409905 0.29882430023940953
0.2713446067069299 0.2809982870156811
