0.18296119336421424 0.19322738889824043
0.19072007253074053 0.18781867361970425
0.15169617278524894 0.15319103912850918
0.1573232967144303 0.1647605198216895
0.13151672102669046 0.1377705046116233
0.18476017681685675 0.1818288152590694
0.14827692102551615 0.15702098556889582
0.16659525103917192 0.1705804182403394
0.17439682913658736 0.17488361004908856
0.15722450869014648 0.16678313356578783
0.15612803010498413 0.1569994190514057
0.16439091103465758 0.169482826378192
0.14521182070697897 0.15739178318294797
0.15093738476085664 0.15971888064741516
0.18159230791556108 0.19140793062652162
0.1529148771915398 0.15866783148438302
0.17116923889181418 0.1715366437129555
0.16236204201069648 0.1694521632614701
0.14038147192462422 0.14536696666842466
0.15370983124575807 0.15821517070474994
0.15509572810344607 0.16796785215864143
0.1535206622379036 0.16150167569851775
0.1715445171437252 0.1798672341644677
0.15425409548657046 0.1594705445010559
0.16177810309613994 0.15945643406056986
0.1415598410554033 0.1487374759255646
0.16205271755399228 0.16999415987256258
0.15770864240055996 0.16258630229711643
0.13532431747566592 0.14314161026665845
0.1649408336405708 0.17121849705604017
0.1441477385959459 0.15168155591090687
0.13041258416651585 0.14189450705246587
0.15515905243417683 0.16638756896000073
0.1668982670697466 0.17543488998143472
0.1519063496596981 0.16069002886198186
0.1445727575987216 0.1511750129922471
0.1575302259304611 0.16100000621798385
0.13430559845554396 0.13923429672095197
0.17363467398717478 0.1840777752129432
0.16084108682346432 0.17292049262937223
0.14828561684847558 0.15473131332400675
0.1565042940941329 0.16605769768740902
0.15751832200265356 0.1517026600988629
0.1414633418016505 0.15158234973607865
0.15496600346724 0.16108616071509232
0.15967225299228713 0.17540041638546075
0.17304407678496955 0.18121655587328994
0.14804132890342833 0.15436430687502795
0.16835146430040063 0.1779481624487574
0.15648109013962344 0.16002211151410548
0.180633771629393 0.178616217324981
0.1873504895423138 0.19496959686400936
0.1652239725999312 0.17198983631053086
0.17037147901840075 0.17119022844890186
0.15957950488674258 0.16715138556018358
0.20682385331606487 0.19502307166586882
0.1927991193617948 0.19775818480293975
0.15491363073388953 0.15878823111956455
0.1703734917156032 0.17757208931685906
0.16121620927495098 0.16474891499215233
0.15879443211502045 0.16225899359560383
0.15463681132586277 0.1655868742666226
0.14732896124739295 0.15458480746940334
0.14779324473998665 0.1595967246427624
0.1635887961406463 0.15429172688287446
0.15781917217974964 0.16645965998857415
0.1864000864808866 0.19323102285507182
0.16214438815475177 0.16825695128358206
0.17103954144867525 0.17210977941641187
0.16397324444454198 0.17156905928485333
0.16663022602624553 0.1772935240802303
0.13939752836833175 0.15040886072814902
0.1381711341811696 0.14099960648983065
0.17477061018166723 0.18032111080464458
0.17994915454246946 0.18739821822854705
0.15803891998057054 0.1627341343627727
0.17867843216044205 0.1835718463814814
0.16837858813215137 0.17725361865828795
0.16629739982135136 0.1710627012648092
0.18921884314073353 0.1944502226432814
0.15444445056486164 0.16485775550356319
0.16631676635587714 0.17663064643314494
0.15848801635424814 0.15650230868232962
0.17368610422566166 0.18389597977708186
0.18511924160986387 0.18662094996523843
0.15848251515803835 0.160642963279797
0.18120470069908942 0.18843679725766174
0.1430905418085371 0.149298995091785
0.16833456184649465 0.17817269226414972
0.18539377968649326 0.19121273547061696
0.1740790336888281 0.1853925347860287
0.16334055907284706 0.16939689703220256
0.16242578901264065 0.163363294637825
0.17482252934764475 0.17971477154800847
0.1862107466927858 0.19463303713731214
0.16894182283218792 0.18041595620822304
0.17775039041650392 0.1873712683412928
0.15992281566325764 0.1560603247640936
0.17513051169029772 0.17927853000743435
0.14118381326747262 0.1504605415372839
0.1835622504146622 0.18119620071911344
0.1698817212090872 0.16813343324691477
0.18773708594163413 0.19972065757798577
0.1543474817810589 0.1579471567781572
0.14691964225050738 0.15902640216135389
0.1570903817240349 0.16549321870365383
0.1684904945795088 0.17081860230514087
0.14557235874456367 0.15960311647390313
0.1834477970020808 0.19113385272328148
0.14668173680960722 0.15349669431576496
0.1668065825476121 0.1741695103086397
0.14979350506955336 0.15277260857473182
0.18696255934763534 0.18630052610961223
0.1700275404323245 0.17777478376052994
0.13866755591182814 0.1446744881276551
0.17258220778901626 0.16837028716360833
0.16406257846203406 0.16757049154499315
0.2024220236938291 0.18556144215160367
0.1319688792257828 0.147469104242463
0.18113000487017283 0.16375876413437507
0.16322116575357715 0.16772199319589343
0.15627754690008283 0.15631555924084334
0.2035666999867498 0.20972825971320652
0.16890995961525077 0.17012774054888818
0.17088919043090203 0.17451754600255925
0.16639840788088855 0.15304770638064702
0.14977932998317278 0.1556009531352358
0.1297834350220405 0.13808948880562
0.15153638800270516 0.16114748860700373
0.17622390742679553 0.1806440671106709
0.1668124461132195 0.16911657842027647
0.17106231328766022 0.17249638825588023
0.17701387162250182 0.16549480090061539
0.16551508919798097 0.16905099931526046
0.1809513240807483 0.19085176862286746
0.14569561472392958 0.1608005974690615
0.14563136260856072 0.15397221558227583
0.13169856435719263 0.14289455263143166
0.16735320998805228 0.1728747028771483
0.15387606578463123 0.1471299655217722
0.18464949497057917 0.18889426860111724
0.1921545923088686 0.1968244126242314
0.1407666327684658 0.15072647552191495
0.18471420805160804 0.19570272160180563
0.17954292082815107 0.1801403097009375
0.18715194430608692 0.19103961664332625
0.1371923067919241 0.14457541580227048
0.16498357029552776 0.1724670836942645
0.1468198361910647 0.15814135475910154
0.15640395153629905 0.16544178229126932
0.16708817313773924 0.176157649244266
0.14373611904088332 0.14672420303791037
0.15311834502002244 0.1621868466467107
0.1617241556583507 0.1651846438517485
0.14388551989353351 0.15397357177657423
0.15279665278987029 0.160457286323211
0.14786045676929369 0.15634444882280932
0.17296045765273693 0.1587770499048701
0.16342979793261495 0.17080781713942692
0.12714117922914295 0.1366546292763279
0.16156001220262703 0.1651692035625012
0.14764492453379738 0.15780197171260235
0.15071389780795771 0.14463500856188757
0.1429438037031437 0.15368277805032002
0.17753165342170513 0.18300618312196945
0.16434173999944468 0.1636052636039218
0.1789778628260552 0.1677422642508244
0.16889630923373103 0.17366121139005875
0.17228644099524715 0.17008026208590374
0.134219009201969 0.13943016065064961
0.16649285047910023 0.17480504073221168
0.1574308951732789 0.16616074832783256
0.1880455309414385 0.19775582987111973
0.1682810486247094 0.1746079241507537
0.18480500871170533 0.18318775416693683
0.14800620897801206 0.1508302404621285
0.17600910908389106 0.18007009857194176
0.1692141535044366 0.1692401306304547
0.14982080398211758 0.15029657896596546
0.1696157541141567 0.17515475862680185
0.1507947581428006 0.1587431654268524
0.14092413455793829 0.14800626063010908
0.14569744436096643 0.1495785198451888
0.17248814295105613 0.1805754680532709
0.1560746211836327 0.16553761766513928
0.15028782943259653 0.15386160134111265
0.1551662827750961 0.16612402774128165
0.14806181883273742 0.15299034703127407
0.1655678493523808 0.17353979017563848
0.17226088286376492 0.1775665682298828
0.1709029927023192 0.16927745679610304
0.15569887539055918 0.15548825628075136
0.16410501882212314 0.17410196992984775
0.16733963766006454 0.17666521322800535
0.1884635468523226 0.19703487658281826
0.1512953161753419 0.15730359641353556
0.14099002545226466 0.14768757239695243
0.14602560198156 0.15352457935670477
0.15178660934381208 0.16075748423426964
0.18456821289924813 0.18460840288899807
0.15867577407167913 0.16355136160670555
0.17553951401726473 0.17902608560328373
0.16598472467267483 0.16976049306087612
0.1676748646032155 0.1731813101987978
0.17709844986979437 0.1596834466345991
0.15929880275051067 0.17191797774740952
0.17060945191062152 0.18048311759562993
0.17462533997739657 0.181990541858972
0.1792862763474487 0.17827606296875467
0.20042352729429774 0.20592046679825338
0.18908893600464133 0.19584037498763027
0.1643952685354699 0.16403531026873433
0.1537738179730897 0.15796023417266247
0.16608456533244875 0.16600410978183225
0.16319022313446283 0.16199713557781287
0.15952176867160398 0.170082045115065
0.14974221999093698 0.1569643642141715
0.15056932940537388 0.1526521255727401
0.15424611099148397 0.1557645508895434
0.15753966838298858 0.16693526309219617
0.13966465551900686 0.14693691981312607
0.18000068774543815 0.17945176258451018
0.14620642133833875 0.15568474694715456
0.16991039005500982 0.17483025830262916
0.15607028523981256 0.16335372425943834
0.18384081787579326 0.17830494648741835
0.15137300039573023 0.15761433483261705
0.15479191826976849 0.1629138638437244
0.15806024216618017 0.16788797963515414
0.16505138716006673 0.16769920405976596
0.16391586977773887 0.1694506325135264
0.1511209902972433 0.15781096090291996
0.17130964341857619 0.18161327462995033
0.18698790461732775 0.19656803447090881
0.15158326678734574 0.15769346278286012
0.17246685999584 0.17225786742352645
0.16956426929982255 0.17416829996556712
0.16404977211096541 0.17001044534761628
0.19209121267719928 0.18668088962455412
0.15010158768686768 0.15497563305427153
0.18310129646281992 0.18244582520835279
0.1761926230516369 0.17013559280654336
0.16701752225540556 0.17351704330417805
0.1465662166801219 0.15134036938568005
0.15288623956695055 0.15984684086350126
0.14274083558675935 0.14823817363368463
0.1667083859793459 0.1680659417799729
0.1582348776754077 0.1653676097459877
0.14870437117074592 0.16034899562851218
0.1656799711151168 0.17006924634553713
0.15913943597676633 0.16710026340587858
0.16442276594872002 0.17412588331945855
0.15678795149003769 0.16791027080135976
0.1539797882880224 0.15828008688534986
0.17161791856364328 0.17615606553966645
0.15763826920299326 0.16078079530132472
0.1492316903942598 0.1626281153949699
0.16529316174233372 0.17310668647256583
0.15016653746592667 0.16011885029457665
0.1660869927082714 0.1715739052122544
0.1527293095280366 0.16111173824200145
0.16029025051937212 0.1667550297365314
0.1686174780042824 0.17533789008456455
0.14808887783270613 0.15128001777092218
0.15794681513498351 0.15516031810275344
0.1930779080305585 0.20010425334857335
0.15575630768469742 0.15729787983133603
0.14939273591225635 0.15072550089634348
0.15496787920224614 0.1573071277909452
0.15396863677145028 0.16216770636175828
0.16970088792711394 0.17393898461606327
0.18285193364689536 0.1794459285181841
0.1733302008072259 0.17170447198410377
0.17061363846018063 0.17166502677278309
0.18901709141157413 0.1947274097177208
0.15162883985389214 0.15817743511183385
0.13444544563646615 0.1372832425550927
0.17962399993209696 0.18426608612387788
0.17951430733525017 0.187845441355447
0.1677044976963246 0.1722645089191257
0.14672164442488134 0.1500250521531845
0.15583548950811452 0.16484747491945204
0.1443209765603965 0.15078335222961506
0.1724232160251307 0.17827483490959325
0.18087820966823775 0.1862716438507143
0.1357712896537444 0.13986344096986267
0.16184797321952496 0.17028810337885625
0.16809915148766225 0.17307301867737174
0.1429259664978791 0.15121804713581044
0.16326410358651913 0.16421400222802038
0.15540941278939135 0.15332964511956923
0.16353248839406262 0.16169127207544962
0.1442868587096689 0.1461690600169455
0.15371190693487766 0.15988256592511918
0.17850863741958975 0.18516199498657485
0.11957610077816255 0.12931730901065194
0.17329072519651328 0.18366234700924625
0.1568986487729467 0.15758323291116252
0.18005886239028682 0.1490484425724788
0.17532764907651477 0.17604777764604024
0.15833609304781315 0.16355817610485396
0.18528183073328985 0.1825254256283773
0.15045012715622003 0.15771263761106608
0.17631021933269173 0.18200046651853763
0.15410503446552756 0.15946218134014678
0.15740643409948454 0.1648775977569149
0.151217196047538 0.1545048587984574
0.1787740574179541 0.1692308756761348
0.16312005308940034 0.16518691882427566
0.1375298200427044 0.15072892638664193
0.14939501111078224 0.15704861314489096
0.1708495618662483 0.17318162081973948
0.17195702350322997 0.17518232948946472
0.15192377751193387 0.1600700076692463
0.16361051930091944 0.1745604083574925
0.1607311705578984 0.17078977698853587
0.1724557151916258 0.18004402358812
0.1814264915211153 0.18765113221235938
0.14237742578875878 0.15305450162596274
0.15539728925777815 0.15438812442367106
0.15557975619385142 0.1563968726533487
0.18054963523535678 0.18326828396104367
0.17144422301237452 0.17305774370954038
0.13738384272112555 0.15107345103741238
0.1462922622802122 0.14873820466253262
0.15870450386896848 0.16492322111160249
0.15429501384154712 0.1649955364178947
0.16695510612056857 0.1649337625384014
0.16732407756105724 0.17599883210391473
0.1781382737637754 0.1807831911820948
0.17942023660137232 0.18161145975496373
0.16770288381732154 0.17043189727184102
0.15970978815529369 0.16369175537744232
0.1547359554031946 0.15872222207721828
0.15404643932206938 0.15309037948466084
0.15258819329739876 0.16147696889886404
0.16554338127529625 0.16116570055481277
0.16412273615458667 0.16775001790159635
0.16342332909689647 0.17222863641166264
0.13419065251354426 0.1407740529233911
0.11985209164200239 0.1327566808445679
0.16462860860159326 0.17383525762128155
0.1420776986512377 0.1527952825609525
0.18367422492471136 0.19067212865981564
0.14950693581570712 0.15285013516472262
0.16865623790679446 0.16832083130780218
0.2019297933266644 0.1972030430873857
0.15132115774395363 0.1561521725755864
0.1602373720679866 0.16603465617662694
0.16124396643572583 0.16431778058598115
0.16427069397529645 0.16572508016815657
0.14209175365744472 0.14940394644887764
0.16520170821817795 0.17599976802331804
0.15284925595483945 0.16071791763135096
0.13443598594231937 0.1430379971989157
0.1974871859620531 0.19976831954858176
0.15552397486033215 0.17030752326191145
0.1824820655365479 0.18553830081964803
0.17577903946650122 0.18532513639463402
0.1752851349259819 0.1790490695963398
0.1519426816918926 0.15883869811681198
0.1527843477017626 0.16186808725436144
0.1814189389375406 0.18236459782472209
0.1651928787849785 0.17347918141765417
0.1674715785243201 0.17511396019866157
0.17606087718269736 0.17096165602014396
0.18354555785648669 0.18226926807675534
0.15754491484325597 0.16510488216462654
0.15043606831923995 0.16126121287613845
0.16079099839874095 0.17206498409150378
0.16754402522779777 0.1663851536042206
0.15606679862301256 0.15909964038208152
0.14042032521789 0.15533279221247917
0.16564999027812466 0.17330036997631926
0.1514647361489824 0.1537728681430083
0.15705087420751834 0.16119975941400966
0.1489532969551765 0.15618590631046256
0.15678217337506967 0.1571602968040093
0.1603393686063321 0.16458584571640464
0.1458222422382886 0.1566747556879472
0.17633115739084718 0.1815553400138077
0.16213265006192165 0.17076339930113496
0.16056073658195238 0.15762660632596429
0.14105317297098505 0.1485788059812504
0.15325609640039692 0.15828376309865272
0.1887099990620515 0.1978676153241905
0.15203394051022903 0.15939472052588588
0.1383180101442279 0.14842955231102123
0.16236200170901435 0.17085561602058089
0.1416742679086431 0.14660324774781766
0.19654705892666477 0.1983895039906381
0.15804724861203884 0.15968182301820455
0.16348772342483087 0.16964774726572573
0.16448838712777383 0.17014466333485878
0.1768413302586215 0.1831533196653999
0.17172968514695328 0.17749009241541533
0.14796407282913265 0.15782955379933059
0.14776677137622227 0.14712238647221051
0.17769795494763876 0.18297406688577464
0.13919007452936244 0.14632147117081265
