0.2786623287232052 0.2881745144707142
0.29041145779531335 0.2975799282480742
0.27211997256534204 0.2799008736670886
0.2740210345389688 0.28247009960359637
0.2869297844017255 0.29605239050207954
0.27616197306495843 0.28074944908140237
0.27993372206613 0.2865456297643125
0.28008635885965183 0.2885501499606674
0.2856360763137603 0.2929498939243896
0.28931002636386455 0.2993610279176645
0.29014983452322923 0.29726892097073343
0.2807761371025997 0.2870027023879906
0.29128832744040206 0.2967014788534758
0.28796157664876487 0.2966793696977844
0.290784466852529 0.2970200754025078
0.2817962448090637 0.2889590911025104
0.30363356955980425 0.312358455486888
0.2839866865314278 0.29190858862352953
0.2847554912799277 0.29260507383938955
0.28002470928242007 0.2883244644566738
0.28301361567284944 0.2892137471961468
0.28823316535039495 0.29551652214518426
0.27313427664072054 0.28010022403436763
0.2852758884202569 0.2920157040019677
0.27774363689711395 0.285281100811435
0.2907397844523201 0.29744637204390423
0.2845065554141163 0.29165420035350687
0.2806622875037681 0.2864679438673521
0.2734459346647335 0.28067166041282393
0.2856684887548111 0.29611977698420466
0.27590182357263227 0.28279891008035
0.29364439117787133 0.30184971553584006
0.28107162237377453 0.2884601157503348
0.29278585859684525 0.29863994027033086
0.2818268111110787 0.289023724049497
0.2759882770309116 0.2844889177793796
0.29233187064669053 0.30118379632299247
0.2853572218936585 0.2932922810484298
0.2790764498537718 0.28664711507848356
0.28201043757506994 0.2897782371103075
0.2842545773259049 0.2922212048214879
0.28390993059533015 0.2904863944612653
0.279628475805315 0.28743563413338474
0.2810411317900581 0.2896819275076902
0.2802514878269309 0.2853418787546356
0.28055282369764256 0.28691846979656105
0.28275492466289875 0.2903136315154503
0.2866373565300156 0.29526564987006393
0.28624334076946834 0.2935819827105412
0.2862163524238061 0.29387496604389135
0.2696092319723895 0.2764854866943278
0.2781442553112925 0.2833340267006118
0.2958521585467854 0.30171686342051696
0.27408476970561013 0.2799099353217284
0.2796535407148741 0.2882437786221796
0.27827310138844247 0.2865304092435148
0.2879704072975385 0.2927180593928655
0.2845541602165148 0.2903324919216635
0.287331160763865 0.2972659114609657
0.2759773766295422 0.28008906445621107
0.27746423950786364 0.28416020250834156
0.27813847352611915 0.2841911103183217
0.2844861482855893 0.29168565661903145
0.2758638039410457 0.286010805160759
0.28561765583556775 0.291962088062051
0.2837940472900275 0.2895812925356456
0.27777934500820023 0.28397242828662195
0.2695845853569085 0.27850676725776724
0.2959677884453996 0.3058643814814493
0.2730373432754326 0.28108388822407226
0.283179170022588 0.29105158774105794
0.28857784368593165 0.29384518557051675
0.28097843768744246 0.2911078545552926
0.2824396654351841 0.2902171432432047
0.29026350374469895 0.297790223315237
0.26571303520175105 0.27515133156951177
0.2790547656045347 0.28762896218413486
0.2909315240727375 0.29834900142271464
0.2736606261841001 0.28224034958237176
0.2918540935472997 0.29998024046556704
0.2821089111107933 0.2886759632434496
0.2734091441200979 0.2802185282603806
0.2751308136085162 0.2809487672637224
0.2843484840915853 0.2902318874744142
0.2979325650361847 0.30596865586291183
0.2891343767417004 0.2957744701731231
0.29194021013868204 0.3007238303376287
0.27866337235930855 0.28552958674263373
0.2917463701548249 0.29923944248820555
0.28658406809711606 0.2932882823964915
0.28812077775012623 0.29780384800800264
0.2826288222962179 0.293265746336249
0.2770728080588871 0.28544233122377516
0.28501149927479236 0.2927430681070753
0.27920070292560206 0.28707230696845054
0.2780306872688321 0.28535495623212126
0.2738545363879404 0.28167355643860126
0.2880979681311276 0.29637457988591087
0.2773695204287742 0.28349227020152507
0.28576987173022195 0.2960125494139856
0.2893669532197872 0.298632951765808
0.2841966959244683 0.29066311945842255
0.28379257164136656 0.29143572905112913
0.27574898448456936 0.2837818362568673
0.28787221243162053 0.291543127900153
0.2818115138539292 0.28721472483723404
0.28820473087166687 0.2984599738717266
0.2830939021505977 0.2908231875417471
0.2827081082204166 0.29019593665802323
0.2759018629850851 0.28478118006295183
0.2738444571884666 0.28071673717982565
0.28374167233339975 0.2912727608471568
0.2827506717560847 0.2931067707615249
0.2825857004944989 0.29024550137075955
0.287214261130663 0.2942415290141238
0.28053243024498387 0.2880558199311888
0.2864981317826616 0.29274836865932385
0.2753821500713028 0.28467913776609627
0.27906942428475273 0.28439898640157024
0.2781662744678899 0.28580252058669564
0.2812766366571222 0.29116725594346343
0.27433963358693536 0.27955760894303083
0.2784578089692978 0.2863543003408772
0.28334034728535096 0.2924854139255293
0.29035920563569184 0.29554746763097184
0.2958500606965876 0.3021697684463299
0.2839594485490116 0.29457187723278866
0.2789911402222648 0.2872966663775882
0.28739705694357603 0.2944602053879797
0.28185348637458213 0.28980953685356237
0.2674970786557549 0.2768125196939866
0.28599130838380543 0.29412933582215783
0.2814643922011789 0.2876022058361571
0.2784614413260993 0.28721514107297547
0.27495275338027514 0.28334317102022977
0.28885824018852824 0.29727924021254754
0.2794061151103766 0.28842696692359554
0.28754039331222997 0.2938320627153085
0.2857968565312568 0.29443919719213246
0.28666414407215457 0.2958383061911754
0.28546498060851716 0.2911704048359522
0.2828664214383942 0.29173851367274156
0.28694547481109095 0.29478424958601457
0.2759526584302539 0.2830203227221561
0.2773355082285697 0.28434187343211714
0.2847089879823493 0.2910386286532265
0.27246978425559093 0.2818592974995709
0.2752747118464901 0.28501070250575694
0.2784180642547082 0.287662553554547
0.2834852656782283 0.29133577549987777
0.27995327730168434 0.2881838281801307
0.2930755195831803 0.30129207625736637
0.27607215219521125 0.2814410750622076
0.291483644261892 0.3001914269711349
0.2778939946975674 0.28238516215746845
0.2798209510349923 0.2878065501954217
0.2927012939239021 0.296624606397175
0.2809130625208359 0.28583477290290865
0.28310680307768066 0.29094101163198205
0.28007190571823926 0.2864968904326365
0.2971425852073871 0.3062553625049122
0.2910986062256161 0.29713007933827584
0.2826356344568887 0.2892572861713461
0.2906944002803769 0.29992408862678005
0.2750927782301542 0.28430172751018873
0.2868440798590809 0.2951120453859797
0.277327592459784 0.2843551605919432
0.27762955507724124 0.2871482666609272
0.2889032664168773 0.2937336402500524
0.2855861261488871 0.29090361508338863
0.26856178804770725 0.27573506588494157
0.2800372582751728 0.28688274633670985
0.28910212262314433 0.29748748428567795
0.2857643848093178 0.29285789487075564
0.28434096239053547 0.2930029339055142
0.2804542025657604 0.28726594863739785
0.29852908273866585 0.3039588082792579
0.2799308223267355 0.2869866079350921
0.28733291582947196 0.29482271924191705
0.2819322798762031 0.28627811636915534
0.288980157295288 0.295446231057638
0.2926287227568723 0.3003793398628814
0.2803563613445321 0.28658954396601183
0.2773446161793008 0.2837796229599991
0.2833902671585647 0.2919411041755555
0.2749971447251679 0.2816060956309601
0.2882094928206442 0.29723228606410446
0.2762826181336339 0.2861176167680893
0.2840956857222354 0.2939682202746424
0.2784404630179435 0.287399452712378
0.2874067954865309 0.29700968258570803
0.2879635280294147 0.29645587735400075
0.2825575453345912 0.29096447829060684
0.28393760601068757 0.2924437489532044
0.28419184254667945 0.2866090498339546
0.28090203807677194 0.288902836320636
0.28442900053446085 0.2920293681575608
0.2805119614417438 0.2879265483839901
0.2958970220972117 0.30349039264675515
0.2856291960035939 0.2955727837280827
0.2803241556156617 0.28919873468599044
0.27201823393898134 0.2787075828610816
0.279974966264753 0.28741611911242193
0.29137181498922515 0.2975828493231238
0.280212019400821 0.2874228150256385
0.2860701648805656 0.2952662945130714
0.27921452476259795 0.28717233974754347
0.2867740761688483 0.2958898324396837
0.29550269293131315 0.3043124176049553
0.2865333346958252 0.29399472671074195
0.28006916130580717 0.2847711146834905
0.2870276863020612 0.2971274768254862
0.277044162030053 0.2874783625124389
0.28804735344621385 0.2912538344956075
0.28273474180130814 0.29007115946155426
0.2877241461546295 0.29111020399739795
0.27671520196672805 0.2840690026429018
0.2824293085482606 0.2928747923748319
0.28376176996041363 0.2910627549661605
0.2841067768998494 0.2931545615515938
0.2807967460094822 0.2912343861564084
0.2820447523982702 0.29128143551315994
0.2873831986524426 0.29780532619754657
0.2809648187001998 0.29027288271296353
0.2895939465956658 0.29963389695064346
0.2793419582706095 0.2874108333407432
0.2859721771013408 0.2953569065182955
0.2959505890464283 0.3035432860522946
0.2805363887631572 0.290943086499143
0.27740778164760627 0.28620287199243566
0.2858159661709598 0.2919676618500914
0.2861530830403692 0.2932042568379728
0.2757637965627854 0.2843840138351896
0.2814547774900736 0.28982734874282173
0.279053047530326 0.2897121226887793
0.28506450389699267 0.29132605243703374
0.2775045281341209 0.28505402154609155
0.2878705555614867 0.29580043263344463
0.2943987918622062 0.3017612086403139
0.2839093724238728 0.29235608587344186
0.28704233397526735 0.2942735320669635
0.27839038934392435 0.29059788229321526
0.274307492704042 0.2812625284663445
0.29097739519021704 0.3012673187807971
0.28426637541035027 0.29439324477916906
0.28369625203609944 0.2937283976544386
0.27500885723071916 0.2829907094174486
0.28244900076806734 0.2895009310893818
0.2839574071543818 0.2909766063793777
0.28211837810438267 0.28838410392946967
0.27794220606445963 0.28510578663958064
0.28434759374972934 0.29262918306828667
0.2798293813695279 0.28752728508497566
0.29950366955107877 0.30700904860909767
0.28593950325587103 0.2926070910101733
0.28026202062477573 0.28902482634260557
0.2821907298176861 0.29157515434480774
0.2770230197305235 0.28615299309574177
0.2808598391954588 0.28753076306528963
0.28353612098889946 0.29092958890521736
0.28150514069598964 0.29010379348477805
0.28030932693763416 0.2890080826648429
0.28556462552877926 0.29333175272868134
0.2824260774787412 0.2868130839571142
0.27858864052008975 0.28360679926039273
0.29232604943374174 0.2973810693111621
0.2751446137607844 0.28247063726651783
0.28590344505597726 0.29385892542606484
0.28882521489631546 0.2938808143149189
0.2823419398211666 0.2915803847712876
0.28102022613386335 0.28960136559349653
0.2869866376283439 0.2942841577965537
0.2944223348215153 0.30289713594748074
0.2866262932303953 0.29224574379770624
0.2813394745545874 0.29111869720162836
0.2815790477718093 0.2915364627928773
0.2840232612267256 0.29204550579482147
0.28403466756694307 0.292247257994389
0.28387183115136183 0.2899100492171185
0.2855928079143473 0.2919332590846498
0.28853271916744566 0.2926806188780813
0.2792516712345326 0.2873755951804738
0.28013196707372817 0.28698173334040866
0.2835307785212571 0.2920940000389417
0.2897790966936478 0.2991959995102581
0.27794874225648053 0.2851587124861215
0.2825676182519087 0.29238417302752046
0.2894416861847609 0.2979751192007991
0.2812706327716258 0.2890397870849125
0.2861315525042063 0.2913149619291798
0.27875720055044845 0.2831997673361121
0.2745400675380725 0.2838122951281767
0.2758791819387206 0.2841727250048427
0.27961808247346964 0.2867660547156629
0.28609066950825607 0.2923224100135635
0.2829745882056227 0.28833899986623657
0.28162501651748584 0.29029255289295325
0.28188287346118135 0.29209626177478965
0.28088162550020546 0.2880472334235602
0.27434791776456857 0.2838682865162125
0.2832418846579514 0.29146999651518696
0.2821547504669452 0.2863695241397959
0.28315999795298324 0.2898954719695327
0.28818063418413364 0.29773719903735557
0.2856146039433891 0.29581131700687074
0.281516683277792 0.2867413997906308
0.28559405131858484 0.2959815672259122
0.2826785710675301 0.29283415784576167
0.2737826934405088 0.2833573885827358
0.2804321353970644 0.28632306793382356
0.2808170759752682 0.29148463903571964
0.28784085719929364 0.29790950154666346
0.2815695362435487 0.291047448987894
0.2792060272606086 0.28683775135885
0.2748400238319173 0.2838935362276535
0.2865652908458951 0.29590000771515107
0.29059525201855146 0.30022826224701693
0.2678490624059462 0.27655997741641464
0.2829985013452324 0.29027752825647973
0.2785992615791359 0.28579989535284667
0.2732481099006801 0.2841999080150236
0.2818380144841973 0.28741841722079897
0.28029474114611286 0.2896106348236325
0.28418135890337365 0.2901802590817708
0.2853556926817921 0.29290743044536743
0.28489455169017663 0.2926404715490066
0.2787948347657506 0.28528502665113303
0.2927310070483387 0.29840124579075783
0.27825617331740404 0.2877282474696903
0.2875746258140719 0.29216966424199314
0.2795526944964521 0.28873009939421795
0.2969205017165515 0.30233959329188914
0.29431716432171 0.3009943502448731
0.2759023400896742 0.2824235561147771
0.28675316533983564 0.29158924447159223
0.27544178262759744 0.2816995236817516
0.2759198537045756 0.2819856643151194
0.27624055746992526 0.2836338391265676
0.2738619962376809 0.28037828333588066
0.2869613109256139 0.2976042314586084
0.29099075490338544 0.29710269238439985
0.2723774843399794 0.2817026909157783
0.2872302337304215 0.2935244469266601
0.28669892915330214 0.2918508945620102
0.28271413429416925 0.28849346380575114
0.2777996849745998 0.28598033398191425
0.2782476082769964 0.2856547476216086
0.27715837437430957 0.28550728573607076
0.2792074464530558 0.28564409776172034
0.28334782599905306 0.29012026068979857
0.28285567877505957 0.28968487792746217
0.28846243111020703 0.29398971809062574
0.27954287025484853 0.28863964767828604
0.28258542102539363 0.28978231649861386
0.2860249083834739 0.29353201301978993
0.2863483321186821 0.2955230432421255
0.28067369121336333 0.2901663658095515
0.27934862141568834 0.2874081066346793
0.2839737459580907 0.29190327128148835
0.28255233681562897 0.28933072453704245
0.2834518270066672 0.288394247364205
0.2806703213292462 0.28872551086362025
0.286150243848792 0.2970277741704183
0.28166712238327357 0.287592427045947
0.28042376544682507 0.2890751682801841
0.2804791165794407 0.2867997882998693
0.2934806538749565 0.3000492087612959
0.2861211699375284 0.29602303449511413
0.28861665095866856 0.29504351439382104
0.28019751130184395 0.2871963530580906
0.27735176742916234 0.2869861099540682
0.28945278973699046 0.29829583909759455
0.2893866928784321 0.2972492784240457
0.28051609197944094 0.28913700783758317
0.2843842976047818 0.29060843034765976
0.28413233392175724 0.2912126609393132
0.2837937216851486 0.2913738900556235
0.28214334028968646 0.28771500026495084
0.28250303596278764 0.29435748061834055
0.2815774785522968 0.2888424703640298
0.2756387283830654 0.2841595112132003
0.28828878122498186 0.29544806477829527
0.28650640507365427 0.2955962167168744
0.28075311848335066 0.2858337374755725
0.28094139669612395 0.2862813441279026
0.27687419097739635 0.2792899615202006
0.2850869498542617 0.2899663644754754
0.2791846273394908 0.288721497126419
0.28242783914788966 0.29007246001069625
0.2803266073097608 0.291106324191251
0.2761092115871018 0.2834156751673302
0.28490702609117746 0.2950659228414739
0.27298347509801557 0.28234397474283107
0.2736012642191139 0.2832452512752793
0.28414445002350674 0.2910734183913775
0.2812346307913857 0.29063629136385605
0.28780434102227004 0.29413355918311307
0.2809665289537265 0.290720511318783
0.2846315876265211 0.29166366223373846
0.2893985606395926 0.29589313721835586
