0.14685456802831573 0.15286709549100866
0.14740849088966543 0.15472492196122964
0.13560785439255588 0.14308598753848736
0.13883196494279246 0.1443188014848309
0.15905932784207175 0.16661040108004388
0.14407321385621144 0.14863946161983702
0.15062379263642792 0.15554981464387907
0.1473745041050936 0.15472756109230487
0.1505077690440039 0.15849412984885872
0.15389688458472975 0.16172082358793874
0.1596470551717977 0.16702627659413902
0.14806488766224596 0.15395148483928767
0.176044664755156 0.1814218933946907
0.1552955896893113 0.16139345936650348
0.16140228314474392 0.16601127736973872
0.16193451276161508 0.16742180461465347
0.19009101803475476 0.19944987488947766
0.1620925933656908 0.16826881698572604
0.14662909956314066 0.15181718211119993
0.14785742630349763 0.15407786372985363
0.1536637913304635 0.15811420418588662
0.16182518637029747 0.16755971125635674
0.13693974673677808 0.141279953639699
0.15446380962225942 0.16039749392421135
0.1459378192102574 0.15341239147672028
0.16378121307898627 0.17250223995873085
0.16094131693699104 0.16689276554183577
0.14290170555005324 0.14710315011451505
0.1486938165885489 0.15407051429137722
0.16864180266518417 0.17876996655134947
0.14737741067705656 0.15153406014410936
0.16862919659886932 0.1756737281466257
0.15396566293537903 0.16046703269224644
0.1783187921817257 0.1853678298139809
0.15327401743083816 0.15877735179589753
0.13743857693543252 0.1442236484312128
0.16944960803492054 0.17621080688207252
0.15728933409641044 0.16299333277052663
0.14456422985740888 0.151355818034402
0.15103972748563427 0.15642074845985285
0.1549298102273161 0.1602978121501563
0.14874391741706836 0.15473951977469713
0.1512863603771186 0.15689288982947247
0.15086855955639364 0.15777763894860558
0.15213445835403366 0.1579662645967241
0.15261434572900867 0.15645259353316807
0.15832267862534766 0.16279157318098372
0.16837540431252113 0.1738875200790698
0.15266082849746035 0.15741964225693528
0.15435514665780511 0.16440233415170805
0.1393316918806777 0.14453563466620248
0.1426858281394345 0.14891314333736344
0.17486160888293126 0.18195858998244105
0.14616961366192419 0.15064451931201525
0.14659206593072044 0.15239698873905916
0.14983602543542027 0.15468026162282286
0.1665079027541475 0.1704371050230749
0.15338373059314567 0.15930109320781535
0.1610030766566488 0.16921811494933892
0.15672711186816982 0.16131192306652972
0.14359596393483148 0.14910084560458622
0.14124132655830998 0.14539282978332588
0.1605936221469392 0.1664516906441253
0.14673018050136102 0.1529663041758468
0.15595585035335865 0.15998276578675602
0.16379969677231324 0.16870740083058863
0.1617047111186501 0.16667746369181483
0.13670758256422658 0.14422062625451462
0.18504835114195498 0.19235894341182413
0.13439832206251218 0.1407986400456204
0.1606539132497468 0.1682289334225839
0.15791764299068556 0.16365183360918942
0.15002346243154696 0.1584477929288628
0.15550939447795994 0.16185928652836923
0.16242019240905597 0.16933802906967446
0.12658673168059423 0.13296028577302554
0.1522124402052034 0.15916948709261092
0.15792883187295081 0.16643011450858047
0.13933476737421757 0.1453074389027178
0.16962077653842175 0.17595676527924203
0.15451704482075498 0.16122417448441517
0.1343890415059493 0.1401378098128139
0.14621232126090677 0.15166764444596317
0.14463250090260046 0.15010682281388643
0.17997153801153923 0.18639396896322183
0.16016192755287867 0.16676557186112043
0.1666800927771648 0.17409647078277704
0.15113288358857968 0.1574751321978843
0.17949429410121373 0.18586818301331104
0.16646769453059754 0.16994880357802192
0.1539469154330296 0.1616228195208564
0.16030370459003979 0.1677043870675207
0.15440592065520103 0.16124283637780243
0.1594167418698116 0.16669084881730614
0.1583563770401799 0.16475484796442316
0.1504778092877131 0.15695984001090127
0.1411271235938585 0.14829880457223335
0.17048030726880695 0.1770867183985046
0.14392101021916553 0.14952667114858073
0.1586087237768263 0.16706000487269346
0.16291541785197933 0.16953685263676965
0.1626843073512853 0.1672489850721139
0.16049818308979782 0.16630685737329987
0.14458522929645004 0.15170126810173393
0.15713292978465404 0.16035820708597548
0.15883941623852527 0.1623996756033558
0.17353036250879642 0.1821321577314524
0.16476802403289306 0.17133745727858493
0.15530825011536314 0.16422837166112272
0.15031643500729847 0.15662937797258003
0.13505723934633485 0.14081471511678073
0.15994605291587385 0.1670688122684122
0.15237790701899537 0.16116225394618308
0.14490538400592626 0.151523518164997
0.16806914333416514 0.17331021006015238
0.15096428779878768 0.15791004236896106
0.15982360667432746 0.16670659803209636
0.1434577873256648 0.15014121422773752
0.14961014303385484 0.15383641632208064
0.1547941494288504 0.16050368129674492
0.15723388728939683 0.16398189353363965
0.13790787400446536 0.14173241020578825
0.15520515994646314 0.16075401979945259
0.15646984139483303 0.1640597832078493
0.16123628200121196 0.1655431579366236
0.16356034283135323 0.17059259846528424
0.15898126141414837 0.16853816101695857
0.15208843109278367 0.15928411326645675
0.16966867261155855 0.17345781542205388
0.1468849190348975 0.1537245019025177
0.1371353432125927 0.14317305403306688
0.15748222579218824 0.16701107110893798
0.14438328894891456 0.14900815572381418
0.15117677807205362 0.16023483100409835
0.15518722205491867 0.16131439421070984
0.16143642023116525 0.1671802102254706
0.15953336384150546 0.1660543980057199
0.15684466990070742 0.16260576966016377
0.16597419608043681 0.1725610104831226
0.15887526068290084 0.165518682933501
0.15952638985486053 0.16555772824483958
0.1516850821050363 0.15842707830477157
0.16431606768437043 0.17103922872322677
0.15725033656476928 0.1620653592106464
0.14961170461048523 0.1545697837514137
0.15137944997137434 0.15841735555992414
0.13183042704223133 0.13848113542852433
0.14792182136747087 0.15603398615926373
0.14550864612940315 0.15365657558513907
0.15565704523615395 0.161673306575558
0.1539320887034059 0.16071366264507655
0.1781512734278813 0.18477031252711146
0.1456271317138489 0.15002092569627232
0.17511909280860818 0.18230846838708184
0.1460577930051327 0.14756914142241068
0.16133992521492993 0.16869864912188454
0.16062572830060634 0.16510131450987706
0.16270828407573948 0.1668529070932701
0.15887560420399632 0.16527245747129554
0.1524377691148653 0.1578503103432436
0.16750038716018578 0.17567072593261357
0.16242472609631345 0.1689228752330118
0.16340987481924438 0.16974950915590425
0.17693905364292578 0.18437616123955738
0.14759790140441825 0.15584194635710993
0.1661991263774698 0.17189692201005355
0.14708150748997226 0.15454677937610523
0.14345493162405115 0.1516695731437395
0.1654499924306824 0.17034166481859322
0.16173602492255576 0.16709485578684985
0.14051457092821376 0.14600035530336566
0.1473750887414298 0.15367919048303044
0.16435754749501555 0.17297431973554422
0.15050252682490395 0.15661528666731983
0.14862427389338914 0.15537661730447072
0.1492727383018058 0.1534051339008775
0.17756123600541798 0.1829404922136599
0.14555328522132352 0.15228090587191312
0.17272002266996533 0.17916884532220304
0.14728188268419076 0.15291308760446395
0.15394596855231046 0.16038462864529485
0.1537215899798903 0.16158506921503824
0.1482642326827713 0.15438485016203105
0.14747383926480337 0.1520208046875752
0.15699477556260166 0.16502193869088772
0.1310181984083767 0.13821058310514284
0.15865023627302388 0.16563567976854815
0.14662983188834744 0.15437034526298501
0.15341707356153014 0.16114181872653305
0.14206512877209168 0.14949945352643298
0.1594784121363843 0.16829730752601235
0.16093482321192001 0.16674646083468583
0.16279775877139788 0.16968109348437008
0.16140263331381927 0.16787199811547754
0.14904246494085233 0.15214036409213436
0.15131421618618815 0.15972405291759362
0.15894923398763558 0.16659952795256036
0.15831809498008675 0.16328743603267365
0.17464877071081594 0.18073730755894815
0.16050525658321763 0.16787759098956817
0.1600147077298747 0.1697507241698435
0.1438392285459506 0.15011060873129578
0.14491376387922253 0.14994453767562696
0.17177756800337032 0.17546874129645212
0.14604146368489274 0.15049151512578102
0.16030998942830083 0.1672066482653585
0.13443135699138292 0.14045921256657495
0.15117923568509048 0.15982784319492374
0.1804066727983995 0.18770518779333265
0.16590849875836225 0.17086080185706531
0.1400222093580809 0.1432741754815263
0.1596352816983291 0.16625183637954122
0.14122585165880716 0.14892191033109328
0.16621091454556797 0.17003055938795766
0.14687259692735286 0.15356201263427782
0.15624388490833643 0.1600450430081443
0.14806534359682896 0.15337055435938726
0.16177889390896802 0.1699166607982947
0.14563441239374952 0.15289922574893888
0.15054701541559107 0.1586160667119496
0.14523718456850668 0.1542017342484094
0.15821644378042077 0.16587610400502556
0.1473235735949443 0.15676893216081222
0.15276049351303178 0.16026059579029622
0.1687270307975006 0.17692332886015738
0.14703890684048299 0.15355103063918984
0.15539976954644996 0.16219287288351605
0.18205388739118228 0.1884608943711047
0.150701642044194 0.15872160516367137
0.1512278662254509 0.1584804937017963
0.15478064899709348 0.16017040338036548
0.15778142356502106 0.16351923393681317
0.14004495469875453 0.14591725715145482
0.14250256199899056 0.15100919515612238
0.14526922097019496 0.1536611087514643
0.15915694723693377 0.1641703953856797
0.14774033252453228 0.1537038815923204
0.161625656535584 0.16815652368855166
0.18072148951909253 0.185264524522028
0.15834357863962367 0.16524206877117825
0.15635540244511303 0.16254087178990587
0.1550922059136706 0.16499638206126094
0.140978583734213 0.14676990618876953
0.16119853208380228 0.16847295086052957
0.16155699892024863 0.16757131645780834
0.15734382355957416 0.1660197569704041
0.13500500893254333 0.14192549040862998
0.15145654257010585 0.15715601392395584
0.15280029053244934 0.15932925518357127
0.1439493140261997 0.15068693709774741
0.14581100193520283 0.1506712449214534
0.16211296746459547 0.16849404356869596
0.14719680360545648 0.1541490500825536
0.17768282819582776 0.184151536045007
0.14942579853459886 0.15537284071724727
0.15703845561868163 0.16369472106803137
0.16143812913106578 0.16791686548487517
0.14786549796150567 0.15563233068245305
0.15965548770547752 0.16446727386037707
0.145526725083757 0.15188250995289349
0.14474121239453497 0.15336100264770217
0.15296468296604906 0.1603019536511886
0.16248590119845038 0.16969819739716469
0.13886837377612368 0.14245063280834533
0.15520767279045886 0.16079818873367688
0.16412277017441915 0.17018687274695404
0.13255162621494926 0.13865673001609974
0.16012967637301936 0.1659686140112977
0.16585400098780317 0.1710096504087596
0.14855043689952885 0.1541449416752786
0.15295907137665593 0.1600469083520981
0.16294011263382266 0.16733614918226436
0.1722763115549594 0.1794372587519969
0.15973237337501603 0.16578444743527618
0.1518009098791548 0.15850324603226154
0.14549695270527221 0.15200220269760492
0.15237930734544147 0.15951905038294062
0.15355170815498634 0.15950487913852962
0.15351184043610366 0.16072184961243796
0.14818476393926577 0.15460235088431534
0.15625120196003767 0.15907876687777603
0.15539403106888272 0.15985633990682924
0.1536891797591801 0.1594399500068831
0.14915935618117881 0.1550992199151214
0.16110478785550028 0.17058137033566761
0.14882909547624223 0.15504802769543138
0.14614809160881967 0.15539311437712663
0.16014925979703132 0.16771115531633723
0.15730484551398966 0.16375345770839392
0.15070478820107874 0.15661423759878268
0.1576821073274614 0.1606357227068098
0.14767812398947153 0.15583928294491586
0.1378999881913769 0.14421934360644637
0.15013467736656944 0.15518078919998335
0.17105628159061279 0.17258625936406394
0.15069192535082288 0.1551569481322223
0.15450172725618092 0.16158741989798658
0.15429394160222606 0.16282293019204308
0.14145168059533994 0.14757944278959925
0.14561868357143581 0.15310647839810995
0.16209859097572452 0.17009373359548965
0.15246905289646728 0.1558430742948689
0.1605471297218347 0.1654078585222637
0.15606238390411292 0.16477493201991542
0.16149866650564218 0.16906179516723288
0.15432246551758028 0.1585045979346446
0.15668075364909156 0.1657461432789166
0.1536380843876095 0.16102650656062498
0.14115211631943886 0.1470970651870503
0.14254034543398625 0.14729581846487222
0.16295123756976862 0.1714874144532944
0.16218642094719637 0.1716700238325006
0.15382383117484985 0.16243626598149086
0.1505000833748756 0.15747907060176525
0.13633814856187276 0.14434638622268217
0.1758498969283532 0.18259123476524547
0.1684792432444207 0.17673741227203518
0.13158105613393434 0.13963416289928304
0.16075875887916458 0.16760434719518008
0.14476819615401526 0.15081283542736687
0.15337286070424072 0.16226262353684037
0.14924114146677356 0.15366003461399133
0.14963692690014596 0.15756182357784115
0.15018019075435385 0.15604455941213782
0.15843383024489527 0.16362828489508452
0.14945798439573266 0.1548831746889031
0.14925706240686365 0.15550496867378275
0.1614851863605522 0.16590249863971518
0.14602289026054383 0.15362626486115763
0.16685844995945837 0.17058804743408978
0.15703388675749932 0.16509774015276804
0.18915011628989822 0.1943343231414542
0.16198753864254561 0.16809046775745282
0.15113252876193078 0.1572426304017623
0.16140888790294178 0.1686119357320013
0.1466797817023829 0.15181502457498436
0.14559563781718188 0.15146975014231245
0.1480872019272226 0.15282768387036166
0.13808734213683482 0.14268684774504564
0.1657215363412475 0.17410235195502632
0.15689465831954932 0.16234824683897756
0.13343115335006286 0.13929600299137132
0.1580766490489895 0.16363107060446688
0.17959740434825874 0.1845652959777531
0.15494976230939242 0.1600023560267159
0.16176698233600104 0.16925610556427434
0.1578785979558365 0.1628629739035031
0.14738781792560005 0.15549685417875703
0.13990206891322857 0.1471458371769607
0.16803554835982284 0.17547840721020824
0.15072329013675198 0.15550554234535302
0.17250407493307524 0.17559919314783254
0.15404871699766845 0.16104070526174635
0.1577993663752015 0.16457430879270077
0.16000967629765322 0.1672940668644571
0.14905666752992106 0.15707097596508338
0.15417790652392857 0.16267569350939842
0.14106228805155632 0.14660492296565888
0.16879839978181446 0.1751968776892876
0.16153574156180883 0.16862543578343683
0.15122105862596355 0.15704211528375275
0.13983071856824322 0.14477888545248713
0.1661116850564556 0.17422484578408878
0.1539484654485394 0.15986393373125882
0.14474993949022558 0.15177309547743054
0.14995041865332626 0.15310272105841766
0.16992896672961 0.17579540012642295
0.16368276792284103 0.17179507614949716
0.16037233236139437 0.16650992258979944
0.15228047402583367 0.15653816727390055
0.14875045812659615 0.15591136578646086
0.16650025740462837 0.174420620869004
0.15959757277469822 0.16547985851085867
0.16617410076511221 0.17221289510655363
0.14818176822348048 0.1536442287444953
0.15237002342404776 0.1590423621758122
0.15992386127829056 0.16650299483937223
0.1590160623136271 0.16344218859932574
0.14714891046906653 0.15545587063002125
0.15200998531798762 0.15856199913141636
0.1518951675742179 0.15722056439310134
0.1557552170251448 0.16220789104867556
0.1557943335097433 0.16311609516561504
0.14870998815363098 0.1537691109052212
0.15713238456788717 0.15914504850093553
0.1492698104500073 0.15166444929535958
0.15260291552379984 0.1573231366758783
0.15464801894543445 0.1627623810093432
0.15265359359555625 0.1589346974869666
0.13979485270414413 0.147150837858462
0.14504870932127578 0.15016332581443453
0.16047387477272892 0.16877742147180677
0.13658895881987565 0.14468128360616367
0.1535586198539552 0.16131077564142296
0.1611119924274664 0.16702097604885105
0.1537063316936208 0.16205902568035338
0.16189372103288843 0.16689051316629983
0.1587549121852751 0.1673361020691383
0.15502238378779895 0.16089424975721997
0.16559365828212103 0.17065437013504978
