0.27271461103532463 0.3435828007069535
0.28461455579764866 0.36603890347771934
0.27514796393129204 0.3529781049007553
0.2621691720525596 0.3384085651157646
0.28125968178615673 0.35861831586318776
0.2815427690517873 0.365784080542565
0.2697233774329022 0.3447586791560254
0.27018644569594585 0.3506447050944407
0.28350618957435736 0.35565884869530673
0.27976310352677936 0.35956579079024925
0.2883174139558546 0.3611525034947072
0.29031115620616665 0.35428673007207473
0.29928973607766896 0.3630776491007635
0.2838046650364204 0.3467366026716927
0.2732506867278622 0.3301407976350045
0.25837031270787875 0.3382035906979941
0.26917743003826716 0.33898433332618366
0.28986740539933153 0.3682024021775421
0.2682055394005498 0.34217021505159523
0.26250110351615313 0.33218469972117853
0.27908492823083003 0.36165404130216816
0.27218240794065646 0.34663966148923114
0.2655030852107414 0.35244400584462426
0.27864602242182623 0.3556300141654762
0.28660855574704314 0.35669398125006463
0.2731183804471718 0.3485921639878398
0.28535660934593404 0.3622444371776387
0.2942212549585775 0.38127950824935897
0.27978919677804187 0.33873289218277
0.27749604716647525 0.3492351414496863
0.2796288929602443 0.36362110869919895
0.26767388153698984 0.33741246028543304
0.26648562726419395 0.35114534246232376
0.2998151480949932 0.36281261817722454
0.29125835060257504 0.35994700443226585
0.2800600004830695 0.36122647496376886
0.2805090255128905 0.35348861746259524
0.27301264662841157 0.34537940996099936
0.280963123306119 0.3598623749275634
0.2936319244405241 0.36771200643355756
0.2720058784686646 0.3511798504326634
0.2801576043168037 0.34043086901826
0.27886297608166666 0.3710855666531829
0.2665667534806642 0.3541994512142063
0.28455187513529184 0.3543254324179456
0.28249649184770265 0.3596559615249164
0.2667026758687973 0.34244372141021356
0.2882224151092747 0.3594962509881498
0.2916414889935659 0.3665948567566608
0.28182988814486576 0.36961514239232596
0.28504247684897116 0.36210470144410467
0.2688019953609886 0.348557162609002
0.27753801329139155 0.36588619855239
0.26470266458780156 0.33461111919734937
0.2774875269573657 0.34116808360405526
0.2381207882741005 0.3042874171439121
0.28922866081186116 0.3648952185551499
0.267160100368437 0.3494284656163302
0.27511065805550006 0.3464464775994726
0.2616902558415227 0.35122070182901166
0.26800673143977016 0.3327150671419086
0.2685039478170486 0.35595039550740754
0.2817877703595632 0.3552230717930577
0.29970485873808733 0.393245853789022
0.2708358342619995 0.3448072562072969
0.27345576064451793 0.3550576918805959
0.29251370623874373 0.3721951680807368
0.27296915749277123 0.35165600716910406
0.2808629078884857 0.3574095064751559
0.2820529932503965 0.3632797018985005
0.2689388081959575 0.3433223522550408
0.25848256939151376 0.33774246562910776
0.2836443063484638 0.36279930588434484
0.27111579983250816 0.3483983533719546
0.268094578911705 0.33379714767081936
0.25253755642494363 0.32975935485162905
0.2948336452755297 0.35817509733995345
0.2631763685883252 0.3557949037738689
0.2737364371398045 0.36193600890108
0.28680194336758846 0.37240341329654536
0.2919920394341297 0.3571895105400029
0.2695596555212727 0.35098235126734356
0.2502802273955172 0.34037183429323803
0.2872959228998894 0.3588629665832605
0.2989503621541243 0.36279873384965766
0.2826276578049573 0.35554307586047373
0.28400413227946775 0.3512545202499501
0.27436314265554995 0.3562266447607857
0.2842616238303998 0.36544027814295943
0.28371302057713643 0.3590104503613588
0.267840054622866 0.34552021398833144
0.2594262581729788 0.33945315009121263
0.27457798281193113 0.3407582479883515
0.2587156632231525 0.3268135377169088
0.277508720366997 0.3581815308724329
0.2667099356483521 0.3385281483846126
0.27970119188046305 0.3492925327665883
0.2714812966413653 0.34997001618909634
0.2830138006330713 0.34543804240332443
0.2820292949869942 0.3481471693790228
0.29856312854367323 0.3908978923159614
0.2834951171582196 0.3607983435014449
0.271732161200189 0.3582677941747365
0.2731084990984596 0.35224801411468254
0.262826258222252 0.34551363054367673
0.2714290485222567 0.35213001332846433
0.2866505090614771 0.35913955594986036
0.26904630700532556 0.3408326078966624
0.27345613692594123 0.34494285932797764
0.2812249807782711 0.35379856274240706
0.2665179134004286 0.3372796580662221
0.28331465728566996 0.364970079691559
0.26099740220158946 0.3389421772473613
0.28305313564299195 0.358563311472244
0.2829979801339686 0.3447932872328187
0.2890851065526776 0.358776273975967
0.2776736734282002 0.3649832857026032
0.2793534332192184 0.3475068420452224
0.286730491824631 0.35618393267228604
0.3099934220870053 0.3724737090038871
0.29274585033663214 0.37049167891172097
0.26553548306753644 0.3429655370319748
0.28722420193902737 0.3621032755183405
0.28360793981140503 0.3686985155705448
0.2642944244898688 0.3355974575737015
0.274086193254787 0.3530859595643641
0.25214169001047165 0.33128420953952376
0.3026744398146935 0.38300568624970616
0.2670206504311987 0.3485723359622693
0.26548078290671 0.34078192661724255
0.26626839228353877 0.34936816777124524
0.2799912759119037 0.3480882577917487
0.2850488365640605 0.36664197517854485
0.2817009948392552 0.35248694629578986
0.26586104645089204 0.3510459979113447
0.2773331438628374 0.35046424407493304
0.28290791701366375 0.3626433319450389
0.3122610682813923 0.385649819255424
0.26518257862822536 0.34792379435732484
0.2782866194073782 0.36952783309580284
0.26959103169319854 0.34047879835261907
0.2839085045102754 0.3611604876257369
0.29703044825314895 0.3663557363792033
0.2500622826290126 0.3255644301964176
0.26660474712899257 0.3488643295077965
0.28746540020685557 0.3559772754992927
0.2715201548143817 0.3403014569814386
0.28544667498189213 0.36192060855530833
0.27992631751729735 0.339551018380285
0.25019261895995265 0.33648365140025915
0.28814272204857594 0.3597098193882065
0.26673677430607623 0.3491034494910043
0.2776846287754567 0.34840896757084167
0.27401853204069204 0.35384494174902503
0.2668307499860188 0.34116907785690914
0.27602730171842205 0.35466455828927035
0.27935488539109676 0.36473556638961036
0.30675300391837235 0.3719567879148458
0.27424449375393267 0.3520362244243465
0.2780169935637004 0.34914788524372853
0.26901539293426663 0.3507007440241796
0.26793447828895206 0.34540607069051116
0.271563801174778 0.35934704055689815
0.26446141219149205 0.3459608159797731
0.2733991234296261 0.35659821177985207
0.2619955960194624 0.343622280839638
0.2724335623881432 0.36912063601539086
0.29097676988586896 0.3631613714495772
0.2853588702256308 0.36359846265512086
0.2827765590320459 0.35241127148576673
0.2832843439583424 0.35582606199710287
0.26840181441344546 0.35129940738248666
0.275247596166787 0.35664267032811486
0.26635392358940607 0.3368803531100904
0.2847000442714917 0.35266663925600383
0.28845891159334935 0.35609606420262147
0.2916449330001679 0.36746920818900697
0.2709979749021395 0.3387723425615651
0.2681497751539058 0.3421083139527971
0.29297207558914806 0.3670475086633639
0.25744347246275645 0.32898668178042606
0.2764565357206679 0.3467800298733092
0.2680945400875428 0.34247993667817156
0.2634244780492073 0.33143956330033464
0.2880192071444902 0.3668259457502071
0.2656311715235254 0.34905982416106063
0.26782113818625763 0.3428200181090931
0.28493336007138786 0.3515300935441409
0.26767282518996455 0.35426596649875325
0.29360079539504225 0.3670157421677402
0.28312976663977835 0.3568837966771718
0.29258759328290496 0.36736243847998096
0.2565751268592484 0.31792977196407446
0.28496908897463247 0.3705520377175318
0.2985990752778295 0.3712342451816124
0.29842697912003746 0.389427351004575
0.26889593310244314 0.3478572425850843
0.27013999748091005 0.3292813368313087
0.2723450589007244 0.3514530591087915
0.29150418356816665 0.3701299950820284
0.2676641733083879 0.3330733545676184
0.28610016117875564 0.3586322241807207
0.27420480769981953 0.3613926730249017
0.28145509614182246 0.3338824423111494
0.26980595827705184 0.34859553712943003
0.27413625752077736 0.35767774093470883
0.27680483017562507 0.3529647827668144
0.28025807287598076 0.36524346719576045
0.2884422907893273 0.36642670555215817
0.27100120697275876 0.35098111768494117
0.29648365078690464 0.37340102887260473
0.2716943788015567 0.3389440333453115
0.27484789211553834 0.3566191092464113
0.2678097585749354 0.3346858749621904
0.2878733315099988 0.36158489075638145
0.27281566353768444 0.3659067206076835
0.2513210001490477 0.3289414365536359
0.2769179001415404 0.3717393334411509
0.297436874306949 0.3807863989251647
0.288417734480639 0.3694154596085949
0.2603823818623133 0.34802324251008293
0.27737716642867616 0.3536782059798443
0.27370482322808143 0.35846178542394763
0.27600493249334007 0.34665006060796
0.2586231641168726 0.3421885705110824
0.2815948289050519 0.3650755753974727
0.2681121700648599 0.34544958845282214
0.261996530129609 0.34424502846735267
0.27332992220645635 0.341866466598083
0.27850404536219575 0.35224946935400225
0.2729750307334236 0.3581557623862886
0.28132723488578804 0.3523063814727758
0.2674544334039588 0.35793618234166075
0.27438969263058655 0.3372328002949323
0.2926217738992894 0.3594569150240153
0.28451483256801935 0.3412187318425929
0.2856564653807672 0.36312100290383054
0.2669582616554085 0.3446729815684245
0.27984311111362564 0.3429108936887613
0.2794759021076474 0.3608461893820205
0.273486964224255 0.33342730530914344
0.29214515140045516 0.3556356422113094
0.282896441324597 0.3656296137846365
0.2743054815989367 0.33936767112493227
0.28081185691974675 0.34932883323658376
0.30469344025979284 0.38297108305485805
0.2685517349296158 0.34093840190689445
0.29071434067879415 0.36560530629458243
0.26283093274712954 0.34191958380176973
0.27361480390584636 0.34916542563769176
0.29307850189341905 0.3719148397863677
0.2757703597753616 0.3559320274122495
0.28865418278287186 0.35745313855524913
0.2843747357787933 0.3614130019125971
0.27752524345222573 0.35308201671615147
0.29574288310246466 0.37690250542465104
0.2854438027339679 0.36605348394837056
0.2878446036335853 0.35947428235490625
0.28518590480125156 0.36115587852060216
0.2756309250653682 0.3603976904393029
0.26376721116058566 0.35101319122902136
0.30262928741788 0.3740836783194554
0.26718214643728694 0.3435692976335994
0.2677451554484071 0.3590392991187942
0.274371994667705 0.33444506761803927
0.27426210263828626 0.357045698374385
0.277908709883395 0.36643060685897944
0.2785545152343058 0.35357274977174774
0.2888636514610833 0.36160069217718815
0.2686742942318919 0.3311045043334085
0.2663037286785168 0.33965860427006334
0.2754692316770406 0.3658190842260485
0.2722507816041948 0.33674289662811224
0.2785373569227515 0.35214653864228157
0.3016744892889126 0.36817268179500023
0.3059733130335421 0.3735011999141236
0.2809134809094127 0.36129663782783367
0.26733568203050834 0.34889611363897505
0.2929261035364195 0.3655021854664375
0.2682439628975698 0.33893587033755274
0.29025323967487354 0.36524340746214917
0.2950625780681606 0.3763396323722618
0.26701300249546317 0.3468825346332966
0.28135114004736433 0.3665634284378952
0.27908221736406696 0.36141051161058846
0.2753067541229381 0.35854465990940443
0.2669875721099204 0.33927453769752086
0.26864229193065936 0.35954816143428187
0.2565300265419475 0.33562310773739135
0.26258564281029395 0.3275802280946938
0.278603703764725 0.35620019606698106
0.2860846976496541 0.36042283761807076
0.2877157399045623 0.3680393893023611
0.3040987419443541 0.3946326591463926
0.2821968473811964 0.35014886076630675
0.26741860482200236 0.3458944614926446
0.2777696103407519 0.3607920066189825
0.26489823567372894 0.34558557310848104
0.26880246705957844 0.3682139940996374
0.2752211494300523 0.3587414233231738
0.302563381008751 0.3765359677484806
0.274917034142577 0.34671098323178084
0.2537896725027442 0.3426864440140252
0.28578860246535764 0.3539131386747513
0.2806051183946217 0.3520956931238748
0.26052329896286014 0.34565786230931994
0.2705464286568489 0.352452851878315
0.274176927222572 0.355332893329495
0.27314188868576006 0.3720418909222879
0.2955041292833928 0.3695864818517785
0.28774343858306417 0.3663925445774159
0.2607854479384735 0.32818418645940967
0.28077322923713166 0.34717521209214
0.27620939768975006 0.34841850353055126
0.25020313067022604 0.32513330572370025
0.27851555382085513 0.3449055882411289
0.27461139900366505 0.345607600520602
0.258154826412959 0.3481914105905052
0.26047793556379034 0.34031737252021793
0.251872405986752 0.32804146252135696
0.27739304910926155 0.3581486344338693
0.28916398608418703 0.350803636109024
0.2684662237509901 0.3484375108289254
0.28438476422983827 0.35499582873910684
0.27107619565717495 0.34378640655806275
0.30025792804128826 0.3634179348253547
0.2942844196640433 0.3643850709520731
0.2731673581598782 0.34827910598313644
0.27513037370652643 0.3542614574722829
0.29387933308529546 0.3642838590222606
0.2715524496686514 0.34347968137366397
0.26616710586659514 0.33825807078488396
0.24312343071067213 0.33380666122669295
0.2769301532953344 0.3406054853322655
0.2676884197353956 0.33237401527439603
0.29304074195635443 0.36152050833283506
0.2781272756202442 0.34385334018510083
0.2579261210625892 0.3353421599198483
0.2675992217638454 0.353103319402253
0.25508475917487966 0.33073882850574143
0.2744540931489812 0.3453717583397687
0.2856943298799221 0.3550362873157383
0.26713258591966144 0.34727627007417505
0.2845728757065983 0.36227728864091086
0.26791653368072543 0.3425299750323643
0.2856917412311514 0.36803099809041845
0.261065613421124 0.33135170981492096
0.2709886046128176 0.3457281329105721
0.254817020903229 0.3328575514945591
0.28534754499390635 0.34942983121517535
0.29033540371079597 0.3618998053775922
0.29148728868299884 0.3553298497082303
0.28716096492545534 0.3626555402992333
0.27218907104854806 0.33792918920235254
0.27447623348431405 0.34979008603217054
0.3058813302161421 0.3784266924507581
0.27978066709444177 0.36041582918427295
0.2841086052417518 0.35652588695597026
0.2777466825426113 0.3514709734626242
0.2953260641807741 0.36207901476601306
0.2736048608831326 0.3580984562875879
0.2705738185018888 0.3439895251625609
0.29068259266598817 0.3702915033812715
0.26951284924486607 0.34671171139789597
0.2853350824616294 0.3658512412873286
0.27102802987415114 0.3354345378112742
0.2750785959474945 0.34600086404101354
0.27106400603297476 0.35097796830352834
0.27073150832480564 0.3543602265457154
0.2849894447948266 0.3492017185710067
0.28574639852896666 0.3583080210631408
0.28563856279095096 0.36186186375108786
0.27241029726312066 0.35211497203783704
0.29008339552681756 0.3629721715360087
0.2802118626998859 0.3558029201044121
0.2865215550559655 0.36574198750377135
0.2625964136520611 0.34980603137003347
0.2875688425656513 0.3691141149954005
0.2629576360415653 0.3414380824823
0.2997318590926298 0.37492745583940673
0.28577000122124757 0.35134380748308613
0.2809389404118156 0.36147034341147966
0.26555324309298955 0.34554829521992786
0.2944534825046248 0.35766586098424297
0.2844531127469435 0.35452801651042287
0.27379657274256775 0.35222669913725146
0.29038622307687695 0.3711464365244392
0.24721273557056575 0.31700244610809686
0.2600226956623044 0.33662710736219015
0.2795167604664357 0.3641840182433785
0.2926304197034944 0.36150276351104943
0.2884962937064664 0.3542740515439981
0.2510512681678964 0.3405202733946913
0.28210520412543477 0.36483611364736557
0.28562205248484857 0.35371064893493476
0.28558507240063324 0.35800324965543096
0.25007332981986713 0.3377678025365132
0.2682733489614022 0.3545785940275988
0.27636760347204536 0.351999776937193
0.27064481854677275 0.3407977000329262
