0.18431493196531215 0.2321721371318472
0.196441939581762 0.25532504616359497
0.1623285504194544 0.21785776420260156
0.14398996074856132 0.2010685246676782
0.17826125445604835 0.23232820562725195
0.1949078776792156 0.24182135002110908
0.19049121147179132 0.24282176630274052
0.16709441111119577 0.22582949668072685
0.1794989015913041 0.2357811037180908
0.18546236716085462 0.23556428406994745
0.1808093052415494 0.22587519862816122
0.21971470639624757 0.27027921225889506
0.18768277152574825 0.23049379811353551
0.18029456269106137 0.22321303390516792
0.1720790508735799 0.2105921844762873
0.1548836893378836 0.20812839731507615
0.18781578396716245 0.23185437363922184
0.2269020698167389 0.2710360268613083
0.17367808630074927 0.22430857548399816
0.15775822636976475 0.20814909635087936
0.2166638659897907 0.2746773997101218
0.14727837669708238 0.20684505466547817
0.21204001544495985 0.26580034640165046
0.17222480873646911 0.22375929729193234
0.2182318677384368 0.25767777376887
0.1534254327258169 0.21517387185588785
0.18927962672380386 0.2498799351703389
0.2035425158005103 0.2688416027150019
0.1718100917242198 0.21809720456001272
0.17064985432535507 0.2150744603637875
0.18856750979484668 0.24186759427800092
0.1748126655472288 0.2180254111387718
0.15998944476953342 0.2147075734544325
0.2271585741567749 0.25876532026592025
0.2589395225903984 0.29234535363978925
0.22664065045458148 0.28186760856515536
0.21375351766852607 0.2617978319829325
0.15937030265964988 0.2095863305927841
0.17776861665044402 0.23178357394106036
0.2534214548670936 0.2996205492158887
0.20009311579142516 0.2530336893889169
0.2075716839328643 0.25108446287616387
0.19120361562997337 0.24940980056749706
0.13971740227368265 0.2116245473504466
0.2327948041131058 0.26626770428647206
0.19973074408096791 0.24925981559840693
0.16118703895323055 0.21557442492548684
0.24915063946482605 0.291118092961043
0.24301462116455855 0.2889479044550473
0.24243040305045221 0.2970110122780863
0.19247328560037305 0.25060634978382856
0.17113268890811908 0.22194952451368458
0.2083393170488179 0.2607428553417379
0.1595484808686532 0.20648167963012332
0.17745317537302463 0.22008196023341148
0.11850149270649546 0.16143320488068807
0.19663069672343386 0.2516043176002508
0.16862183161876185 0.22317618442358034
0.18041417135272894 0.22776386542486418
0.14915701222955907 0.21524897994492453
0.15977182842572513 0.20377636234050353
0.15070420460055842 0.21979538653934763
0.1791934204924555 0.2256667253463428
0.24665928330341436 0.31225656569377624
0.16168447362543417 0.21132152098820706
0.19108402603627292 0.24923260626781152
0.2092868898974031 0.26466482650675305
0.20072924888386914 0.2531163811286998
0.16696159104788652 0.21901277121093585
0.1818174782408119 0.23822526389278256
0.13790792953806538 0.20145021218978534
0.14286656590070995 0.19793654135142572
0.19190064939964163 0.24335497384845883
0.1784467329598027 0.22894299257676778
0.1645608361562274 0.20771438638862458
0.13285259127623747 0.19229207059857806
0.20602009744962804 0.24498771269910244
0.15744557726300412 0.21621191032359807
0.1721904672575024 0.22419351093334414
0.1987300042995809 0.2569868611747692
0.1949264868398906 0.24154130252007144
0.168109097358953 0.22251233626619488
0.13636120862459586 0.19620523153974423
0.23701753049042038 0.28093085659095496
0.1966762475763487 0.2447375731339681
0.18047041396358166 0.237911631266281
0.1931513643260143 0.23798819272053065
0.18267135441893878 0.23577225247879813
0.18171919467589193 0.24247201169799934
0.18836520993910247 0.24295765043080708
0.17624904806579264 0.2231902433502433
0.14949486415931645 0.20365551235132517
0.14745406368765593 0.20490033960105486
0.1384728639717225 0.1936990610320254
0.18406609809501642 0.24555176162749587
0.16331748996690157 0.21192084892033183
0.18476876868767764 0.22613230412838237
0.18137431041195762 0.23198819905027254
0.22345568066408722 0.2568755446885833
0.18557896666835752 0.23003617926189562
0.24436142495092245 0.31202929058434664
0.19629874098124206 0.25392838605946977
0.1678331792446591 0.22876159230325704
0.15968847486957594 0.21520497138812653
0.1532369782830713 0.21383497054978376
0.16090065794434297 0.2182403209963786
0.20793600334923928 0.25595179260756323
0.16020494330410892 0.20720746189766096
0.1747545354896471 0.22273016904839157
0.19927197813625627 0.2536482881283218
0.17615997839364658 0.22504390840801455
0.22595175491049252 0.28231729442126985
0.15316651455987493 0.2051381574660191
0.2203134135900279 0.26654689285527805
0.17129485014275977 0.21590425741730404
0.2078508039328751 0.2448722766812444
0.19927367281821665 0.25344054584810044
0.16724929334827343 0.2169822608830369
0.18167360438928562 0.23045065351397861
0.24500156524053635 0.2794418425514838
0.1938007338367395 0.24676467541021407
0.15135114441166433 0.20548601337706351
0.2029797230684408 0.2544977501071978
0.18959501839563786 0.2502125866353681
0.14438299904470034 0.19840135941128328
0.187856169177038 0.23559834020419096
0.12698603417275342 0.18638480634823437
0.24124410134193727 0.2836839436728747
0.20151715720830882 0.25025356029867496
0.1581563006104856 0.2163682853491142
0.200631902715553 0.2587777038274744
0.17309031807568998 0.22669614496076518
0.24223457024693876 0.2879764784117945
0.1684913612452637 0.22302962880844213
0.1468532491420988 0.2164338701579158
0.19624536845206608 0.24153564173796857
0.2031513644172309 0.251684621484435
0.22513573567471787 0.27417986855903453
0.15930745024496923 0.2140703070907952
0.1954989263931645 0.25565620670651246
0.17149553185543107 0.21255626794203963
0.19923217877938176 0.2477915257033296
0.20654678113879946 0.25312957671914227
0.17609217146644826 0.2211222841793223
0.16630837304618257 0.2240529329433479
0.22847405293961726 0.2744158548253627
0.1602649606500106 0.20435100875995676
0.1854551822835668 0.23631108635370063
0.1673777543351365 0.2089640435481916
0.16817132581697564 0.21671034194802083
0.20569432458246467 0.2489888731499307
0.16221893726728964 0.22487114817009504
0.18072739071340932 0.2301089617851302
0.1714594999677747 0.2298098089198583
0.1794173088248388 0.21866337788167442
0.16851681295169907 0.22335350491048073
0.18242105537589712 0.24696664599335194
0.205566301257088 0.2518488639629285
0.21983649187258034 0.27058830605822554
0.1962742960850533 0.2370525043256834
0.18670038985133375 0.24192129640337764
0.16779027323025456 0.22162530477385217
0.18515259538020576 0.24135419179367898
0.19339952242116273 0.2501318247257356
0.17962515209923968 0.23064950405288145
0.15847819228970458 0.21873142177932167
0.1786768599544437 0.24599324640615441
0.2095965715556425 0.2615192744875314
0.19937392739004484 0.24975533385961157
0.18584163674049523 0.23384354601411445
0.18093865552783503 0.2305570647785455
0.20786544204905769 0.2653414090480277
0.16053807731488326 0.21925209157321188
0.17088381334727792 0.21609881712932896
0.18186620566276862 0.2300259169000636
0.2112476896896196 0.2597551905695303
0.21120264510431902 0.2602911637202597
0.17244904254157387 0.21684899120637977
0.1707666140183792 0.2185166065102703
0.2466606234923541 0.2910808137755664
0.1379292803331165 0.19103381131583647
0.16914961885782923 0.22165036841687616
0.1518958332019991 0.2015761377448985
0.15769951031589086 0.20383577380621848
0.19778640448867182 0.25105116825108836
0.17656774549958418 0.22211850962212254
0.1685057963200285 0.21395902980009235
0.23507652192991096 0.272409930311397
0.18116050838113565 0.22879768861603733
0.2405920219364645 0.2868766707600361
0.19841654977688347 0.250438475632901
0.24629809473220235 0.29041433830441615
0.1374288712518647 0.17460011566194966
0.20075913620729446 0.2556354442277096
0.1947250328306245 0.24669170666638848
0.24673392166876804 0.3063295249214991
0.14721542170776689 0.20274259555260488
0.2028796513128881 0.24291431263252086
0.16915380178562542 0.22266347585536042
0.21333577689758132 0.26235216685372065
0.1511287158603999 0.19652151393295794
0.18752228720600495 0.239726716347335
0.17372037030699145 0.23706922563476
0.1891081208966523 0.2212798195687282
0.1626690551397508 0.21752153187849124
0.17954858629715797 0.23610321909747506
0.1677593028519406 0.2148306183930129
0.18541710476705078 0.24480905340978285
0.190248793413384 0.2445341164291201
0.17543852435572468 0.22846099015485896
0.18384386174553943 0.24428714656010841
0.18093779754644337 0.22681165176566428
0.18593820616712617 0.2509903115588384
0.16713009891813654 0.2128829495731498
0.24577899778131387 0.2902398645226576
0.18991347048344745 0.25038680874589037
0.144261289475586 0.1979552642356182
0.1797315093402751 0.24438621006055847
0.2563641438051948 0.31476753559888715
0.20544388063429675 0.25930795719747557
0.15027193873418462 0.2157858092931189
0.21477726386631046 0.2683358047815784
0.1851884429981673 0.2327049721982045
0.15877462434675033 0.20906585845794226
0.1651574459494899 0.21696373772223196
0.2308450853558637 0.2781131029820573
0.1632712113939242 0.2167527944415408
0.1773592001813301 0.23027895973760745
0.17179383238146956 0.21877947315500468
0.18048531133316012 0.23401251033485398
0.16303268464487214 0.2239697526377436
0.1964103452566068 0.23932049162046626
0.16108305118262853 0.23401214207186705
0.17452720786792433 0.21215961283672677
0.23709154876841332 0.27785504904698005
0.21751724617747076 0.25601471054325814
0.18809128503717001 0.23951409863484874
0.17217405225816754 0.220543209922858
0.19517927587776937 0.23554758862162686
0.18982146814616477 0.23867105506567554
0.17650128441225987 0.20758535256975427
0.19817412439197055 0.24074157530187595
0.193291286845264 0.25423036652503156
0.15801112065594924 0.20874020138162178
0.22393458025681998 0.26595083739381375
0.22914600984154274 0.2759848215641081
0.1678485415969643 0.2185006064297952
0.21931145943854452 0.2740957106382062
0.1582313286711937 0.20911163897992036
0.17201147305579706 0.21790703586470986
0.2083495655851962 0.26063700916027843
0.16142954911381893 0.2230191332805914
0.20461895086770152 0.2549332619471318
0.2260883434673553 0.2777240559389875
0.17906599702247136 0.2317244220072018
0.2586557768839925 0.30499004396364954
0.18736828026743213 0.2420245987003393
0.19685084062565703 0.24639347331067687
0.19135774783048978 0.24531975021159028
0.1952386149282717 0.25024138468370183
0.1545413959970411 0.21530893516559574
0.24258033470122126 0.2918044507122086
0.15152295220175824 0.20060896070750783
0.16519142537270157 0.22178225744978977
0.17709170256420304 0.21114184906077157
0.18228299955397928 0.23548049543612506
0.1502924895524995 0.22230004223000893
0.1909365243327387 0.24083685022935183
0.19317302963461447 0.24199191922676555
0.15723522094639034 0.1946708498627634
0.13613079151781476 0.1972447586680014
0.21167350743662733 0.268548919699825
0.1548619601449868 0.207440389829532
0.17648186269125637 0.227087874981454
0.244947384901696 0.2929542822358347
0.22270102267077102 0.2718206118900508
0.23168796917585702 0.27966761458261874
0.14402098893152457 0.2105044073247212
0.23435516932207917 0.28552339018391476
0.1597987819483408 0.2134220509761065
0.24451031905751663 0.2918290793924295
0.18178826745959556 0.2469304402783646
0.1797432977433776 0.23159418008936014
0.22261937539412366 0.28513316426181007
0.18773103527153467 0.2454148314057166
0.17427151090102488 0.23306408679488327
0.19976198753211816 0.24571444702222184
0.15806022430666403 0.2196585231806866
0.1388709209549834 0.20138115956668873
0.14902146890167403 0.19958172638212968
0.2365896085630597 0.2775127329718704
0.19307466735056286 0.24940199397471008
0.19059332425360698 0.23949987426507102
0.2566510020417468 0.31605968233411796
0.21455866994291714 0.267468545119094
0.15079667631878602 0.21001566284508788
0.17772428189415695 0.237901460155962
0.1663806817712682 0.2194726678632314
0.16339630918071762 0.2401812260402661
0.2068000683314437 0.2630767857574983
0.21818651305885756 0.2733005704539246
0.21674933354322423 0.2628354139820709
0.13104888989596677 0.19373091334772996
0.16849348313528714 0.21927081335133397
0.18537957285423573 0.23712856648379219
0.1804972869383502 0.23751854900585467
0.14782405279795321 0.20473558771686556
0.15747074890710255 0.21649257326129423
0.16427770776406186 0.2339391560345525
0.24749311965794663 0.2946112506898973
0.19887022680133482 0.2541182455656931
0.16395480746670849 0.2077722521130812
0.20761844382753553 0.24577749556238782
0.16772127336749057 0.21985110199432267
0.12914833257392597 0.1871993680494862
0.16847272345731715 0.20797498969852485
0.16757325013076055 0.22130775016706292
0.13955325669793275 0.2050742470014023
0.14665031632889208 0.20724186870475517
0.1197693370146335 0.17538222610689336
0.19029242959520523 0.2419537160436008
0.2027048387585362 0.24461272509962034
0.13307168824995214 0.19775885893151104
0.22629662340923262 0.2757101986475207
0.152219264353824 0.2023027750839275
0.22938921017288433 0.25956082337172875
0.21870806720890462 0.26243788288743364
0.16471779279550117 0.21556104950229238
0.1604971543433122 0.2158159392592834
0.2020308319824262 0.24610700489109058
0.17154663541882953 0.21854049520881005
0.14059620300240683 0.19504805129540914
0.13211569596695424 0.18834829807610906
0.18511417712432773 0.2246238054160113
0.14921456088246068 0.19347379942149845
0.198179943653778 0.24366868066381528
0.1932998838791724 0.23580968238089903
0.14566199305188743 0.19626863143002665
0.20440791178037593 0.2581258979463347
0.14273614388203745 0.19319544042292844
0.18426086599857125 0.229504412194093
0.19609364176698818 0.236270702617285
0.14955559751431471 0.2094227370908305
0.1866699296495681 0.24199115197598917
0.16922161177310974 0.22129409451924192
0.22237287556621907 0.27552599728117594
0.13786844643802015 0.19469104843988383
0.18148885591050604 0.23058561659213167
0.15005338228558332 0.20420190799962135
0.22662085264559864 0.2691223908703215
0.2438755349682343 0.28667563470167096
0.23489391048468006 0.27643691457151087
0.19400917015922417 0.24570314707984084
0.15783785148487622 0.19724367671219892
0.1795527073380635 0.21814986922100452
0.2387305191209777 0.2901010204821026
0.1984138850182042 0.25126673979655806
0.17821895092667678 0.23174242211109156
0.17685875338282483 0.23104871422832485
0.23772886970733748 0.2837553408965201
0.22482662242914284 0.2765717168795742
0.16602979681081637 0.21756377803980997
0.23564123296493764 0.28532951207094287
0.19910514228057677 0.2503578033575413
0.216613400035761 0.2722971478612253
0.16887792243885535 0.21141245913163828
0.18067437890425067 0.22774488617386435
0.1966492807412383 0.2543458303925804
0.18870770385165267 0.24905815450647295
0.19021964773153832 0.234673783692769
0.19482360379806798 0.23880292374849646
0.18336549995200033 0.23468784351727992
0.1854509409598503 0.23690487888159822
0.23730171383638685 0.28196357322692606
0.1566137026865408 0.21912825186000556
0.19899975415519655 0.24780318278283464
0.16382905814303703 0.21942710077942962
0.2115702703963119 0.2603645437333615
0.13350338697036002 0.18950021389699734
0.22319470137835212 0.2718731705098498
0.19102128142350266 0.23990515597850987
0.2362022226187687 0.2820529179093646
0.19086476675887207 0.23983998836442527
0.22486501424054162 0.2609299947120007
0.17931018228202303 0.22771816009497528
0.16659033788192512 0.22271482246553873
0.18700293492409273 0.24374636333856403
0.12774381183204409 0.17300990300439403
0.16164441927110454 0.21507054823395202
0.15847739185090845 0.22354717445909228
0.19733030045959993 0.24871966766129616
0.2273925843832165 0.26528154304912993
0.1405221803103418 0.19938021453059676
0.18028371844309116 0.24195092460017323
0.16922180935207545 0.216509214722105
0.2288124418750651 0.2741009951151761
0.14227261587515874 0.1990046473465262
0.16039094934054957 0.22442083669946805
0.16699234375148153 0.22836298900074087
0.15924198894114655 0.2037154850934593
