0.27386155920821303 0.30901010770195075
0.2724060459415644 0.3079017538232602
0.26457500321604127 0.30225471411975663
0.2645823606245283 0.3028141950959374
0.27537226323694136 0.31223876147746144
0.2688202223702293 0.302006559059077
0.26826259137147507 0.305087618547039
0.27288470910147133 0.3089822933180017
0.2676015915518684 0.29953586304572793
0.2723825610130129 0.3124509018756019
0.2850165230112902 0.3262069768753597
0.27241976889274605 0.3106709173373172
0.2689230835832708 0.30894667260101183
0.2626238843609872 0.2966698920820799
0.27660653186831274 0.3100374097258136
0.26701645746429414 0.3066881719238318
0.2668820117675047 0.3001511505304473
0.2726406873950775 0.3099290591455629
0.2745544289815459 0.30793083160948564
0.2620942725712837 0.2987891965748842
0.2726951077578448 0.3095441059146011
0.2746214811819085 0.3110057926241763
0.2731889440860092 0.31028451059444356
0.2736888146015166 0.3073707299291823
0.26185347042936674 0.3013957462296842
0.26128282399551117 0.299745142285725
0.2829641879162859 0.3191274656747598
0.2761948485390508 0.3133561711563709
0.2642486479147506 0.3041397875775858
0.2723293573337263 0.3107564855629445
0.2704730189278268 0.3067729785120171
0.26107294480629156 0.29654890328212163
0.2742292407375214 0.31169729125762247
0.28352236301123274 0.319271473722744
0.27748714449978484 0.3172888627518183
0.2697514837229917 0.30497756507713064
0.26955371450267274 0.30825376693119816
0.27114720688787275 0.3115485583575906
0.26100574397608395 0.2986350573483429
0.26240927172217554 0.2984771451759955
0.2757666229998021 0.31187618231754805
0.27684679355930675 0.3105482994996261
0.269055432745233 0.3071816912244546
0.25820397607666074 0.29800996888389975
0.27485937038769315 0.3041373910784363
0.27772781003907027 0.3121616729525005
0.271214485570827 0.30767152963263444
0.2658802207726603 0.3004541986972225
0.2591938166672333 0.29514824450095667
0.2706006021289338 0.30747122680524885
0.2741935645743996 0.31501780799200474
0.270648794456257 0.30668401665637207
0.27144277607544565 0.3109206879163092
0.2667500525905598 0.30307138840439013
0.26929545748295824 0.30808988494211526
0.265423769215968 0.29942425332865885
0.2708140195464656 0.30413690904061824
0.2700512822744418 0.30163836966506063
0.280046709070152 0.3155966053793783
0.2762413555113971 0.3134814706940606
0.27149396052555314 0.31187296595123154
0.2747534271392328 0.30856542762053574
0.2688594422031092 0.30807684149457004
0.28398941023896873 0.32031142111335525
0.2679421913815656 0.3029157170742483
0.2725743495675052 0.3054053817754425
0.26539427179869296 0.29845812434101193
0.27112442217630967 0.3020685887564484
0.2703450148343407 0.31121153575356764
0.2723694117297838 0.3082764355696179
0.2637818550176593 0.30269057608416045
0.25766047697864847 0.29430184211332594
0.2827376034649083 0.3173662910723128
0.27540483291131845 0.31515820274207124
0.2696542419569864 0.3018090616221267
0.27232410858499523 0.3097537476234753
0.2678479770790143 0.30245906324175104
0.26983527406352215 0.3070589738883444
0.2688895326176064 0.30515112641693226
0.26350839919733615 0.30187368441133533
0.27002594852047773 0.3067471364224847
0.2757011255905973 0.3090228021457419
0.26617087130587097 0.30543864832395523
0.2637787395601087 0.30055457132655505
0.2760553611089767 0.312168989085065
0.26854331587965036 0.31084615542740374
0.2746439800033177 0.31407534843050994
0.26164159817166455 0.30058116833183623
0.27061944949674654 0.3084457584372405
0.2675426561146092 0.305883388057934
0.2824658413924218 0.32071863053142596
0.26462221699528965 0.3033886174753335
0.2787986977207726 0.3173467689594255
0.2861878893804709 0.32204597558085957
0.2741244479539046 0.31123955635675754
0.26407794976866933 0.30331846815580404
0.2650311425339061 0.3025708351460618
0.26631824643081314 0.30523346290582587
0.2749548127063084 0.3067150312140249
0.26307117540056413 0.30316717611791894
0.276883550185308 0.31158050013248306
0.2692395932085356 0.3067678484931794
0.27470877046040665 0.30708849052516857
0.2661037727555802 0.30232574224407843
0.2730472114828263 0.31594419817600444
0.27327012352258323 0.30861752708762324
0.2631856858999395 0.30485180934752326
0.2693569431083484 0.30328100402089897
0.2621427176975358 0.3073502583836928
0.2726608222266289 0.30393352896800746
0.26735377518760867 0.3090266801184601
0.2687161556155695 0.30376942825262243
0.2732604249279458 0.3116758016320843
0.2644402964604113 0.2996960782798938
0.26318781927959545 0.29660651770592156
0.2810675287000294 0.3155527239390331
0.28059400590679245 0.3186931960992328
0.27860119960053653 0.3150525215280144
0.2679940978854494 0.30680980617895287
0.2649586656187379 0.3037789743508215
0.27580628316514577 0.3173399048355803
0.2697912687726608 0.3046785868701345
0.27916473194596303 0.3154280200022873
0.27793038973070355 0.3164818594245107
0.2710488017149314 0.3080645465698994
0.2750551175571116 0.30524950772232873
0.2684519035805605 0.3056709959709774
0.2715100189124205 0.3082861499414099
0.27704201825412655 0.31054610315658604
0.2765337463566546 0.3146209936544197
0.2711123279213893 0.30593951651739154
0.27665687380421944 0.3117352794358759
0.2688574092342824 0.3092466944097726
0.26417212602694806 0.3015109986309597
0.28935066884584376 0.32110208509212684
0.2728933701423618 0.3117718093514302
0.2741416071952024 0.30900917631830577
0.2738085097071512 0.31043641044053916
0.276178282028672 0.3137182493099274
0.27228969047116897 0.30634581278166884
0.27141560208649096 0.3065018524286034
0.26296538120978846 0.3020241680610259
0.26790733693057966 0.3087832319272551
0.2733727135199213 0.3068227565359047
0.2807305193334184 0.31674195120561693
0.2586956147860138 0.2995513698716525
0.2699211501281253 0.3067191623034157
0.26613135301442137 0.2963497494902824
0.2694090740006387 0.3048784723914925
0.2671115841757926 0.3060457559293963
0.28420678510233593 0.32183518668546623
0.27212384550664237 0.30875407151606293
0.2673444398886388 0.304572359225545
0.2698515742877765 0.3027453664824927
0.26794885609106084 0.3024806366992282
0.2654179688025678 0.30245667930685843
0.2703504640588825 0.3004706391492955
0.2624558991631544 0.2998456077841033
0.2715009657504436 0.3076680068459437
0.28061892501600627 0.31538322254034035
0.26722469956413564 0.3052800380972083
0.2692035679242895 0.2991669596900688
0.26067084861136947 0.30206788341409074
0.26868498948911984 0.3098281955053603
0.27092285243133823 0.3094930475479143
0.26247064795955816 0.29616325266145777
0.27243768703214705 0.31073735627977944
0.2635959028141018 0.30114418671257065
0.27019939945991217 0.30946389855195816
0.2590938221387808 0.29865414781462024
0.26400983467162953 0.3004308403691985
0.2633764567485958 0.3023642491186235
0.2633229302476091 0.29890747056609784
0.278865551317578 0.3102810815586021
0.27143722376879365 0.30730777157975625
0.27565450078502657 0.3100484709399441
0.28239413808347447 0.3159676625218593
0.2679622679440248 0.3020743667444622
0.26858308127375924 0.31373994462101723
0.268979658308038 0.3044761245275438
0.2630091034929294 0.3052551699376154
0.258558799954831 0.3022909209074117
0.2807229447710688 0.3154064646314556
0.27255153544399957 0.3129818552948264
0.2808203523296086 0.31794582088064577
0.2804522251224445 0.3143650359570361
0.26508630375153114 0.3044379022315141
0.2655727795607894 0.3018900368288096
0.2748431468035476 0.3152386993249817
0.27651486021324556 0.3131665845575154
0.2741019655476914 0.3123166387146823
0.27958218165667703 0.3188797564954845
0.27677491305951646 0.3102234408688554
0.26886085438447993 0.3096601912239046
0.26942195811725383 0.3064370829424403
0.2666380074953203 0.3016149751988834
0.2695442988373984 0.3065517654152499
0.26468774704672793 0.2953715633355892
0.2678281307118499 0.3011521677165125
0.26816546663135066 0.30478625654543223
0.259338700003998 0.2984089150241817
0.2681871045991547 0.3073557537899353
0.2737075862608869 0.30623021139323553
0.26772626086344314 0.30345377597013273
0.26686271789082294 0.2955788320792452
0.2641007010969585 0.30230029161892574
0.2642966432805579 0.30345833743770667
0.27357942890580855 0.3063678556847086
0.2802423875042839 0.3165274488268933
0.2636009072076943 0.2992451019899352
0.26725526049332965 0.3040138928798807
0.28034615436487015 0.31386703077992256
0.2712224169216248 0.3117646274403791
0.27044146852617124 0.3075933474924452
0.26291464996445385 0.2969098552525371
0.28184568245443775 0.31701969396478574
0.2750541778591607 0.31255600102052444
0.26946751593563906 0.30176648743707724
0.27899199543827535 0.31927457362958683
0.2735593983218944 0.30249817294736164
0.2595184729682148 0.2989876838215004
0.26860744317668456 0.3114129094898077
0.2645910606579933 0.2988821819265028
0.28185381509618107 0.3176935089659383
0.2627182208989852 0.30259889202980905
0.27439560294300674 0.3112965263611388
0.2816392298542884 0.3166705431996345
0.26716012133779093 0.3071986785124835
0.2725033177741865 0.3093619251535986
0.2722438133185079 0.30994130524523195
0.26569112100751996 0.30580219346436693
0.2662779941776831 0.3068148474138955
0.27532497018031354 0.30865463917526686
0.27774212885272315 0.31329607337861065
0.27151061886078365 0.3118271469811355
0.2654244228105977 0.29913272420649045
0.2706379999833199 0.3066971482899915
0.2630002774326579 0.30088553701257525
0.2711477684436258 0.30732434106008627
0.2763173582368108 0.3112364821157139
0.2780089721307614 0.3163204043848685
0.26046742233624576 0.2965477359114083
0.2719815701371125 0.3091038303642876
0.2686302039780056 0.30760560807316417
0.27060024964224544 0.31357165149364274
0.2788057796910924 0.31615148381922253
0.2767840025580889 0.31810611559982893
0.2601620453211665 0.2989216524361916
0.27810913046827107 0.3162524163953502
0.27062122366833635 0.3079567063191269
0.2696919461027875 0.29861147989970666
0.26859012256400494 0.3068814583072332
0.2646340600252296 0.2972510862569515
0.2690512802914514 0.30477337555051554
0.2934908955124973 0.3234510720678074
0.26913041850484515 0.30845724751026343
0.25356470469620856 0.2916430103126152
0.2703151361117813 0.3082053548246611
0.2796511357967166 0.31651774139070965
0.27012061585585084 0.30129179515221016
0.2747576593624876 0.309597333222535
0.2707929937354638 0.31113928176630695
0.2700927225686971 0.30469987567446744
0.2688177856577392 0.30536737255738294
0.265824915368299 0.306371533115374
0.28099090912236346 0.31871368883302204
0.27205035999790006 0.3076545428628601
0.2706049930369052 0.3110149950072925
0.27306408907101115 0.3092312468979887
0.27411937353381727 0.31236162305227616
0.268789980537145 0.30191267616291045
0.27368549256947045 0.30931552748060337
0.28043442571929134 0.3130137163511825
0.2688025802424971 0.3024522841757129
0.2700756635472463 0.306053321939549
0.2761962927586197 0.31218082293606525
0.26925200060021415 0.2999982557496057
0.2667299804395229 0.3010428282168511
0.26414307828314704 0.2984357644689351
0.2641504555792191 0.30198261046456154
0.2690257994823708 0.304949789201333
0.2664788905805455 0.3063177227765705
0.2657375728340859 0.30691025968460234
0.2636167617105409 0.3039157179808033
0.2696258220402253 0.309120611192453
0.2710074467343949 0.3022744691638034
0.2685444033413934 0.3066507959040625
0.26988902871560727 0.30821687327775477
0.26722761295519704 0.3019730129556027
0.27452119926329066 0.3134084072540294
0.2701019948300121 0.30571912780992105
0.2656823888190045 0.30366753973267047
0.2718371733145957 0.3041588539712779
0.2741075368131867 0.3097491652360025
0.274667541121657 0.3108826519460489
0.2650103788030544 0.302700282354079
0.2745998112958664 0.3094508005784464
0.2695412752180228 0.30763129994988114
0.2738787010600668 0.3083765832501344
0.25942263215526434 0.2984535299337576
0.2582425099324914 0.297216401618895
0.273769151037178 0.313251298946744
0.2760385750423121 0.3152813481620917
0.26645481714634667 0.305770778120112
0.27180885480179806 0.30472838476398983
0.2790231581581531 0.3139640661111064
0.26606056650494186 0.30428137256347204
0.2706794877061408 0.3071768614725737
0.26570821428229713 0.30323977321669404
0.2754393320010898 0.310996302670761
0.27272074691126724 0.30796746087285637
0.2696360661071246 0.3076829114598384
0.26430367281775863 0.2995897229841067
0.26589913133393495 0.30598447555422587
0.2710147103995553 0.31141926312202745
0.271972607022757 0.31153063709296086
0.2721860313150477 0.3112756855379651
0.2716355440684613 0.31014940224222004
0.2793203607136738 0.3154006084437157
0.26561257125494747 0.3026494588194983
0.2616268424172768 0.30196989895714
0.27638963099153463 0.30905589001102707
0.26483165145302046 0.29885853810310953
0.279103197927746 0.31817230335368857
0.26944510815832323 0.30257372737745136
0.2798222157273604 0.31442397775898445
0.26217574052614834 0.29541981635976783
0.26677090876068044 0.3070220971363909
0.2767933339640832 0.31208129484573277
0.2745029039621616 0.3110909198193198
0.2700524482836423 0.3104258596861607
0.2728591740693467 0.3094250427824841
0.2748134846667375 0.3106748139881341
0.27088177954431647 0.3098891920560562
0.2790053532563229 0.31692392795372637
0.27379133087550833 0.3107859372904285
0.27326209180420474 0.3110072723619481
0.2684881919002727 0.3095779623271727
0.2702444228178351 0.3065134949540704
0.26850489851811066 0.30746570588895106
0.27165706783736715 0.31056695923714717
0.2727686667776197 0.3068884117836052
0.28022831717656405 0.3136132862195748
0.26840878276868835 0.3048433326752712
0.2687551338667986 0.3072426849605391
0.2723990208314915 0.31014939810175324
0.27067394836114045 0.3075770305244832
0.26450882473432014 0.2997377004675118
0.2584820184779239 0.29369617576885443
0.2757114446306602 0.3065959359022376
0.26290565196552307 0.3020508999234286
0.2749546872064319 0.3115979907808065
0.26649254288925917 0.3020211881311943
0.27401169422208294 0.30719927186534207
0.27427379718224726 0.3123927416016024
0.2761095856213097 0.3110766483391945
0.26217090665131215 0.29939349248006075
0.28069010703727765 0.31410812323439385
0.25864686016410954 0.29610562497256465
0.2807905272529729 0.31913827602297473
0.27498610987594635 0.3054834428234072
0.27028157987685153 0.30829438571092804
0.2653849092884774 0.3011819156231003
0.25839476264908984 0.2937397866357209
0.27256108360342335 0.30767121785374585
0.2668485199612309 0.3015402001716058
0.2725999548884638 0.3090518984772867
0.26975034454956476 0.30800497820640343
0.26665956821480746 0.30731690470871464
0.26719505504728985 0.29685188209615043
0.2563907585649362 0.299332049369658
0.2640424206048149 0.29958708163416875
0.2732600693150402 0.30929613334829315
0.271894328861716 0.3060716623355987
0.26969432012854366 0.3044241795366804
0.2690301549935579 0.3060265862023872
0.2820242238631882 0.3160914672600995
0.2771628915616251 0.31556774464528947
0.2686886590432224 0.3038686214435988
0.2587519583841722 0.2993308418783694
0.26552681684530954 0.31027172863213065
0.2747662158302068 0.3153478554168798
0.26969359176225893 0.30489603532875414
0.2677048743146472 0.30319664915402805
0.27318975030824455 0.30869647801596967
0.2749372377489693 0.3157214768698521
0.27440335958650763 0.31885770881800024
0.27178688568327586 0.3080676873889344
0.2723642461444735 0.30580837662312654
0.2707173508656166 0.307581584609762
0.2648247887199412 0.303931400859199
0.26886617949722447 0.30392020631130745
0.2664554255111482 0.30076505964947586
0.26753793927302577 0.30557664223204134
0.27775293241257015 0.31214396203237094
0.2673897323819761 0.30231390231765765
0.2661008886905545 0.3038859993604769
0.2683562011055449 0.3057845815707096
0.2704751454731651 0.3043787827312643
0.2794432351128441 0.30858817257579063
