0.14625619502072593 0.16948143824102743
0.1554757222955938 0.1800812130842595
0.13890017745288374 0.15977158922932352
0.13385121851871443 0.15985102797873313
0.16482734550678896 0.19339946009299952
0.15100518532195362 0.17470237020900262
0.14905014690895735 0.17450544483900193
0.15420347850894228 0.17938603825180827
0.1399660582301709 0.16021590172594913
0.15594610230118577 0.18543793101384592
0.18145530710398408 0.20900634927578118
0.15628344360616703 0.180690276972135
0.1509371249031145 0.17710680141797724
0.1396724365429759 0.1616131047282763
0.16169121444240792 0.18445398940044466
0.14130184560853207 0.16515682776752855
0.14965476234244962 0.17308620763946633
0.15204887894155014 0.17754046036856422
0.1517801452470281 0.17151834812703662
0.1452357579438729 0.17076992189906456
0.15632639018133646 0.18273809707073504
0.1702560666306057 0.1972987034169109
0.146083540366029 0.1734909823792529
0.1451046994707988 0.16497132748751347
0.13910909092357193 0.16575665115046284
0.13881769488893098 0.1637702090191173
0.1748804167389572 0.20242907923147718
0.152999089008279 0.1788155904937867
0.14738545863282207 0.17407189542710488
0.15814134434341282 0.1840513126664523
0.14543418803515618 0.16761914791633883
0.13492554758164624 0.15429450229245498
0.15553055159630336 0.17969164784991262
0.18813706516367337 0.21450686443212422
0.15600047516710489 0.18277640238828688
0.15459997010691207 0.17894674959784876
0.16146686491441242 0.18738547945735023
0.15984488290636825 0.18553693339339025
0.13168132926365506 0.153785487045006
0.13270672313948814 0.15695353156418768
0.16103712177300167 0.1889191014363186
0.1514441919564114 0.17380975450444036
0.13840994590076483 0.16358732124683348
0.12191670604639329 0.14334622417632872
0.17092671863148368 0.19182729819120534
0.1643047166032708 0.18787020058137974
0.15192306084247686 0.17779298251139655
0.14584084156097848 0.173310622820509
0.13325408062541727 0.1543281067100632
0.15961863453918257 0.18563030101283026
0.1591404630120792 0.18539605664473632
0.15505463235642628 0.18157882566800776
0.1601340342533247 0.1888038085904785
0.14339034402392264 0.1690725549065207
0.17100580210466965 0.1991924062346515
0.14709141618862256 0.1681649107335978
0.1509813384288342 0.17226977658145792
0.14657161106321281 0.16455652614641691
0.15992626199583598 0.18610042896066503
0.16490700321976245 0.18859391174507095
0.15417797706485806 0.1814623533869669
0.1554647112894977 0.17637281094860535
0.14487305362787178 0.17099989076218552
0.17002050207806907 0.19368928982288716
0.1508739101892282 0.17437928668738484
0.14253622739227823 0.16293875385773987
0.12906644872083842 0.1515981202523668
0.14568840014380885 0.1638680944614519
0.15779389456893197 0.18552195549704195
0.16082680891618215 0.1838246258663393
0.13023704301086242 0.15508545985998587
0.13455144657753423 0.1548292105173001
0.16381038063285794 0.19182238669256865
0.16216426580693882 0.1871833271573854
0.1524440236621177 0.17227059591988936
0.15353851195576054 0.17978727091065969
0.15315156574660746 0.17543963058037992
0.16087912505132856 0.18469289347186932
0.1506405058169427 0.1769691894597736
0.14903863180222737 0.17583528624992012
0.1502434798191785 0.17091019731556822
0.1429862901760165 0.16223904521128574
0.14662634115792755 0.17311699052302362
0.12399930141087452 0.14547159111439548
0.15566161823798444 0.1756377650479905
0.15999081754530264 0.18820669071623655
0.15106532958182112 0.18068065527124588
0.14006176004769919 0.16764272876110717
0.1524296230926629 0.17632521492140482
0.1510101644301635 0.17532170164625063
0.1761134896885971 0.20656497466141618
0.14175334847469687 0.16573295866479526
0.17199411409764173 0.2011254180111288
0.18839671007150008 0.21383776548213848
0.15407212155659697 0.17940944093287117
0.15109099334438453 0.17595092196408077
0.13764244536717965 0.16010182754601043
0.144022413003232 0.17008257130354762
0.15832014006608194 0.17846471046783036
0.14452503228507294 0.1727865843589236
0.16786368108974378 0.19421866666871676
0.15791757837549525 0.18358396405306734
0.15124375507384769 0.17642122308148425
0.1430060837574994 0.16658431221407458
0.15787181164663713 0.1886768013861667
0.14750023322897343 0.17227214157599563
0.14483384133237587 0.1730223812582192
0.1424006430729621 0.16343670508634084
0.1306484370269624 0.16103817845989787
0.14632077773451602 0.16641487856423506
0.1493546117185656 0.1745899635411932
0.14368932656934122 0.1648705353498304
0.16154746923630506 0.1893761993623938
0.14944436366293853 0.1743995464819471
0.14443991943831827 0.16386026568530931
0.17596193304324811 0.20249293088879397
0.1748821896265265 0.2009168083040417
0.16321729579469296 0.18923372801922325
0.14851864980104282 0.17440200526862976
0.12931239131698907 0.1553118115951711
0.1654055153908756 0.19626813301954266
0.14905185193850307 0.17260113531712423
0.1734547510067425 0.20304558517261664
0.15714704406142488 0.18366605986814336
0.14612048108688735 0.1729081816619024
0.15446371259785707 0.17469632691992923
0.16261896280967095 0.18643591192493938
0.15542241683406186 0.18111227096784838
0.15928520146084973 0.18020273336121062
0.15848797955687519 0.1835057230438371
0.15169976794101947 0.1732075567151497
0.16525513003805392 0.19044681021715812
0.15565523255807015 0.1804076447691746
0.13805882518683185 0.16636861608875597
0.17677903353459276 0.19738196018359772
0.15203841295625767 0.17875166685085814
0.16303604748497966 0.1856019574780708
0.16826966707672925 0.19380934885471773
0.16224468179332732 0.19126087025646518
0.14789733283362855 0.17056228512823776
0.16411461832910462 0.18744051403223447
0.14649161292543006 0.1731955241170359
0.1516349293362244 0.18111991563948898
0.15750419018482295 0.18006707400895403
0.17578565104913754 0.20218606735353678
0.13726219743468976 0.16561826726254628
0.15985239874681878 0.18516557950913798
0.13099667295136175 0.14787074934755629
0.16333423826223809 0.1876954001897163
0.1541686622092547 0.18182060784881438
0.1735541695754243 0.1986980030711977
0.14951029054394932 0.171564722272492
0.1502338260948621 0.1727654874862916
0.1522961129692487 0.17444982991081745
0.1522540241979017 0.1744806948811708
0.13981533428398343 0.16578742510502303
0.14313493590995674 0.1624055313239625
0.13283362762904735 0.15481581006404635
0.1599341075084344 0.18446129717444307
0.160763912627305 0.18444116456941373
0.14756152002221698 0.17491531490256176
0.15247972225083217 0.1718334100066467
0.13762603563679077 0.16591541227504164
0.14540104509865442 0.17404376078740919
0.1472341742107299 0.1717725159476018
0.12781244137225942 0.14693112670287253
0.14504977728249419 0.17317166743188028
0.1337218874944627 0.15622728599416558
0.14988548612189675 0.17777424176311862
0.14165933161199679 0.16602651021077416
0.12902753106303563 0.1528955420286897
0.14282047536976838 0.16518604457063527
0.12768989980246545 0.1498581461442275
0.1669542933641987 0.18570422616385499
0.14786127209479635 0.17130865191161837
0.1639184629495085 0.1886203105337689
0.18455380999815182 0.20910941703610772
0.1404330685305088 0.1639420324091525
0.15035208707091086 0.18032038071398845
0.14376310195095118 0.1679782338154911
0.14093931617074595 0.16847949372972576
0.13108965982009435 0.16228906335162976
0.15821966649385857 0.18251434862302165
0.1561308144068546 0.18125701724245352
0.17795655932829024 0.2067697742215839
0.15867658583958646 0.1840390602467991
0.14252368055332645 0.17019344094628813
0.14528346935734404 0.17079322318232815
0.17740729495212407 0.2046924656536629
0.17144570249250812 0.1952924038775987
0.1544469161542354 0.18182003589241147
0.16756478958198834 0.19746251957173294
0.16032839786513475 0.18228759671598074
0.15261788449521932 0.1814103215425574
0.13854296819545925 0.16305337048184182
0.14381952916392896 0.16483859970002776
0.15298909129752078 0.17438598248105452
0.1405521101230077 0.16221531407755294
0.14140473270139547 0.1619239363301517
0.14880467162722738 0.1730500717644912
0.13640995420620616 0.1612265632714573
0.1590496382307747 0.1874769325940044
0.16061517364525463 0.18279340563476937
0.13253498408860412 0.1593284783297299
0.1329776988365037 0.15081094114207758
0.15159843311297602 0.17786689317887472
0.1330098217252164 0.15846543747633685
0.1490738235374249 0.17080472525432683
0.15887082013193315 0.1833634823996628
0.12685543702962637 0.14763702833004222
0.15283886940109548 0.17746580156875308
0.1634338141292945 0.1858249881933197
0.15253249050916634 0.18166272539685874
0.15096273620216813 0.17611233245704802
0.13826087154237746 0.16041146338823983
0.1697452589133739 0.19446555215248854
0.1652785248263826 0.19249252211350676
0.1494115710842228 0.16904960788638615
0.17665365804093636 0.2040246456460378
0.1613357013827297 0.18131835826040069
0.13709048122411488 0.15982685175511144
0.15290392126350597 0.1827343869188382
0.13673476702221313 0.15855611064121045
0.16756177740448963 0.1967217650215723
0.14564064686062123 0.17078695177411538
0.1561128608294053 0.1797239014018592
0.17911143072858943 0.2065197333557823
0.13922333953274996 0.1666167919540477
0.15618196323401048 0.182837264430438
0.16148583998764449 0.18672530496666398
0.15421135323148688 0.18334109394445722
0.14247996667756915 0.1643588774861674
0.15783818372485925 0.17966383015015716
0.1722027268740606 0.19892839043876587
0.15345817379861415 0.17821703157677424
0.14051739735761723 0.16257247517179785
0.15255343228610804 0.17683892541009733
0.14123522603032715 0.16506815959773988
0.16109255232134767 0.18664763933396644
0.1649569402410287 0.18725633795150934
0.16372679861788847 0.18973313115773527
0.13234492296427458 0.15185410843427805
0.15322179784202172 0.17733483940929362
0.1530369647039218 0.17734850933939741
0.14657481236161918 0.17438606954124544
0.16281522704830698 0.18864847962216907
0.1606034931488878 0.1874371882081932
0.12251998405597503 0.14805668556612914
0.1763735080635718 0.20307968712214391
0.1604733808032211 0.18562919636438335
0.14583364085734368 0.16516002441143288
0.14748478492047284 0.17245489154561977
0.13498046558714202 0.1552780815080942
0.1492109603779786 0.17296221825639155
0.18675899620938893 0.2097153775925962
0.1423227233454037 0.16620411103600066
0.12476497942127243 0.14999061529812607
0.15341670044191977 0.18104098228740792
0.16060487158359024 0.18579978465482047
0.14538685038151836 0.165372947665393
0.17516718238681045 0.1985228020879269
0.16565366957992325 0.19554812677058378
0.14597776900317094 0.16761783148117335
0.15339508001472468 0.1795927893894123
0.14148484280911577 0.16775781353179714
0.16676498097519143 0.19265199055758309
0.15520921145925842 0.179339172970084
0.14354503418707384 0.1706808344114351
0.1492379488162372 0.17554063899559957
0.15725953232227932 0.18230056416434817
0.1489382907983188 0.16999177529423976
0.15923274433738294 0.18054959995386807
0.16808684159832116 0.18932122890286937
0.14701114927798198 0.1680852561788941
0.14455527592859074 0.16699904983085087
0.1545599782221261 0.17755506739556295
0.15165124732032778 0.17468801405139733
0.1539715155056314 0.17915298996014564
0.13644622380486865 0.1575710371912114
0.14600792664211054 0.17129210292927696
0.15812706955209277 0.1824172421765203
0.14350258192576604 0.16913909125847432
0.14768170004323114 0.1758670292022093
0.14260156662736498 0.1690050303884376
0.14312452453530486 0.16782325212248184
0.14666907283814526 0.16942122414168173
0.15375235751859886 0.18036532993461174
0.16119605370761242 0.18684246354048512
0.1458529767034236 0.1670592199579218
0.17880522830282258 0.20511942886235646
0.15014114728057998 0.17361321858724718
0.12772758277672155 0.14909129542660307
0.14247243149001326 0.1649356186636908
0.15815175977323753 0.17917729378167901
0.16290104488119897 0.19095297829979188
0.15294229074049184 0.18013135046899484
0.1585691521189774 0.1862094269489061
0.14134207034326546 0.1681690520486511
0.16020988132629846 0.1872084844515422
0.13318531510654688 0.15875551393451356
0.12449438157745236 0.1514068091476343
0.1509698403816369 0.1771121292994497
0.1559554842379689 0.18268634254818114
0.14213355798360056 0.16653137778133692
0.14429186917448728 0.16586908271381595
0.16809267294267569 0.1920942125567051
0.14091989979384517 0.16295606243192493
0.15332952785796938 0.17607378197475165
0.14759233825844686 0.17031400940941913
0.16084378806044056 0.18561745235853108
0.15569910167511475 0.1790774876900504
0.14517773979222495 0.16974719099267652
0.13821777918542427 0.16181840273558631
0.15104675848633345 0.17640587055042642
0.1661281511590844 0.1933871624769236
0.1630601269772782 0.19297283033846924
0.15201328570341177 0.1778015232011882
0.15701517816189317 0.18305936786630359
0.1520350081430535 0.17514622195540122
0.14311912150127554 0.16866635331230656
0.1344041063708279 0.15902094480997042
0.15935984609610174 0.18272840085120037
0.14398801530510066 0.1651829151155393
0.1686970982437095 0.19709430686057133
0.14085592600052582 0.1613744783429365
0.17466496093691466 0.19820926654031742
0.13035077016848226 0.15048098372082455
0.14120959649225293 0.16766557055427214
0.16684871289270842 0.1911259134031101
0.15283791878872444 0.1748751800742789
0.15313106259854464 0.1805159560345675
0.1688163712050929 0.19423353907824786
0.16367913729263184 0.19050568411377364
0.14885841809948633 0.17653750966542825
0.16840305421710922 0.194362188562717
0.14535311707541304 0.16808986330984116
0.16475511737755194 0.19139275192616725
0.1565003138742271 0.18710717214480635
0.1474068124731548 0.1711355692686386
0.1432076032398431 0.16757538313816467
0.16138459295085167 0.19067859819078453
0.14301989960387032 0.16517911159361573
0.16718654531938845 0.18689659419683383
0.1544833898841901 0.1795785656053051
0.14787582323510184 0.1730997987346206
0.15211566397362442 0.17477155880011477
0.15496921291222338 0.1804980512505239
0.1332023619847075 0.15153373197794617
0.13975105935223353 0.1640408338091874
0.15305680157816956 0.17217705189738786
0.13593341845386991 0.16299280963843207
0.1648792043871823 0.19098011837008172
0.14449778934343832 0.1686321663358503
0.14910886799254494 0.17021793430598903
0.1540992257250762 0.17846013614540682
0.17161125274920194 0.1948625995109088
0.13637513852001992 0.15814069711006545
0.17002324364247948 0.19435484199442665
0.13800595699220883 0.15834205927061615
0.18311539423288314 0.21329242122393766
0.1610571856911285 0.1825540779326361
0.1455300209703412 0.1718543631949442
0.1397859656201088 0.16477799826180828
0.13230414965748039 0.15508915358169595
0.1566758081497855 0.1814958208502748
0.1573809086468036 0.1833528768360518
0.1441754041535513 0.169018109252276
0.1531835307186864 0.1805488896068348
0.15108799416172683 0.17906581913369723
0.1378443205138739 0.15595387179281817
0.12240565370219962 0.14986931118695268
0.12499339332807655 0.1469691665439245
0.16238415006344636 0.18570309398637447
0.145469513704655 0.16733003452971407
0.14692945953882794 0.16937039754168565
0.14804987556011676 0.17314256781904777
0.16361116295463873 0.19098086695593136
0.15657824270602913 0.1824091636750949
0.14715035255783998 0.17208688880685014
0.13893496510447154 0.16568034481712776
0.14023037752378262 0.1682356895821615
0.15339575535337144 0.1832280930395724
0.14914997945495095 0.17165232467860386
0.1438351632317748 0.16772285409806495
0.15094747306846582 0.176779843543389
0.15617376235211666 0.18255908342760085
0.1635554335572809 0.19210464717748507
0.15426728684933064 0.17864072898884212
0.1414938695825919 0.1632200612532589
0.1486002517642141 0.17492678488920974
0.1348282458366952 0.16084523712088464
0.1565620608590715 0.18319857824412142
0.14230143294630546 0.16674649771594982
0.1484785650647971 0.17026390073434788
0.17558489803193825 0.2015758200953616
0.1490448556764759 0.16968711712478965
0.1430190042198486 0.1694425775779593
0.14049976479178625 0.1651373737199539
0.15522507976976438 0.18055868883938617
0.16709899767506817 0.18868657168630698
