0.2490673373410512 0.2331444199375011
0.25724205803720784 0.25263859809430356
0.2634376539677975 0.2585065387210287
0.2584810863580061 0.2535587359079392
0.24108959930717086 0.22919030123698006
0.2562826798516697 0.2543139785082369
0.25722311904191086 0.2578110097057537
0.27744920620158897 0.26678480647414976
0.2570430426808916 0.25162104165914956
0.272935606564827 0.25733050048906836
0.2581912292461331 0.24354215775586277
0.2596928119913721 0.2480092475340286
0.25838803442800795 0.2571744200953294
0.258647955392218 0.2428855367788278
0.24430496154731163 0.23649583308034708
0.25016149344697375 0.2525478490987281
0.24396713714940904 0.24689943982765827
0.27585243416653 0.25527474963090424
0.25340279226747553 0.24615352213754435
0.2775691926104172 0.25934441684346754
0.26914080875667507 0.2538193480646928
0.2601706024415526 0.25944976094409183
0.2576484856208716 0.24053156174032508
0.2758540769042021 0.26593584940830856
0.2661464196023703 0.255212623485894
0.2696274421814783 0.25963995149525615
0.24529117631337727 0.23871055565583588
0.25281822500910794 0.25377703180531513
0.2567282689241245 0.24633337557339463
0.26922142867013676 0.2731361447550405
0.2581966183308773 0.2537585377830447
0.27238438005520654 0.25332961111938307
0.2518812195015034 0.249266262876974
0.2731365626915787 0.2674316641722436
0.24579178758550288 0.24222148327093793
0.26181187324523775 0.2609032441900882
0.25489358433106174 0.2541965350970944
0.2576537974392538 0.25015947039173947
0.28385558571260866 0.256232288664507
0.26670776751011405 0.2619360718733672
0.26465938826372115 0.24881885602638823
0.27024867676102404 0.27184052130216296
0.27383118638974174 0.26643772108506864
0.27757317678328725 0.2720994631111578
0.259373683027772 0.25073191161115577
0.27585704461447896 0.26561858613992023
0.25282783321451113 0.2559182820031786
0.2697897121075084 0.24563529370388462
0.2704838182388232 0.24851468831692194
0.24801517379385749 0.24135236717646363
0.24615020922435554 0.2482159701369182
0.28368778977215015 0.2815520829172289
0.2529530897613437 0.2519661064714702
0.2535480292059956 0.2449894334726636
0.24744118229181378 0.25410377801674017
0.29059258823042 0.2839333831224075
0.25454457062968394 0.2420189372519741
0.2745671091115211 0.2685751095148716
0.2621760565773879 0.25939386506593837
0.2611743961313566 0.26269159731441455
0.2691002643721513 0.26209425780911894
0.2670280876119373 0.2572095655043706
0.25236490756817526 0.24910170299950327
0.26943325436462323 0.2617120458571476
0.2660822345471435 0.2614565670003062
0.2660500574456955 0.2559958233841826
0.26986435105535217 0.2590569283128465
0.27868097166844147 0.2537397318809354
0.253939741486367 0.24743582487018576
0.27863728936525695 0.26121775421150295
0.26253120029005733 0.2447802395359494
0.26741169574417756 0.2566560945818593
0.2355718972497584 0.23401986992830132
0.26188749743711065 0.2552380467445393
0.2798674334249708 0.2686379900701493
0.25125067717507166 0.24635729304634563
0.29252052134250855 0.2724745265757509
0.25823626876310085 0.24933098169527868
0.25327462575959164 0.24820073840540224
0.27586058191594726 0.2658619387462906
0.2719620868087948 0.26985813632108485
0.2596816275208322 0.2510961556766901
0.2574269808872316 0.24443366521571783
0.25822546251422535 0.2467402919856456
0.26697298061945846 0.25837765697363996
0.2596621380155444 0.2536845401435813
0.25940848954747076 0.2538442885951337
0.2585367703031166 0.26380248805482276
0.282821227520465 0.2807498611290397
0.2717361314054214 0.2549331014611874
0.26051557594598607 0.252237324455657
0.2502641716755255 0.24708569437279318
0.28198866637711595 0.26361717459721407
0.25485052126553914 0.2472792651312141
0.28145112714382364 0.26347804249287554
0.25770118711329093 0.2559073681761303
0.24987354741814652 0.24904180745300036
0.2641328230787309 0.26502928930718966
0.26243946714897376 0.2552356477754518
0.282575790906186 0.2794805879449989
0.24395002236474028 0.23678505611179204
0.2793359773272337 0.2732002219949883
0.24581549262895208 0.24223722657086583
0.29093866450783185 0.2815895584303157
0.26290499658742067 0.25827122233388183
0.25523727378087424 0.24202474854162426
0.25370017537735545 0.2482443138668347
0.2707627454837985 0.2596225335176214
0.26611624092216135 0.2503373675499571
0.25665082778796194 0.24702443439700675
0.29197072660301804 0.278088996982673
0.256116071241238 0.23273946903632498
0.2817131934304737 0.26607146777290314
0.2658866095740335 0.2630666453432325
0.25666597302332567 0.2560355959554721
0.27562300699233344 0.25453261675261696
0.2607057062627392 0.24081199644580395
0.25214438210092444 0.2436567515389794
0.25355346206950247 0.2491943301533001
0.268057930174655 0.25993512333965507
0.27786456394085485 0.2675249937257533
0.27638568073145 0.27256725647426333
0.27348617479021337 0.26781819522748374
0.2590541604829333 0.25703412708215917
0.26375526665600907 0.2548941275281207
0.2606343611269635 0.250961365676978
0.2680712873395427 0.2605303319734024
0.24513722979860955 0.2476607245492621
0.2505225747305969 0.23904915218340989
0.2363427045899958 0.24121289310324348
0.2739843228519989 0.2646812307049649
0.27475259039098393 0.27192826323895736
0.2721380792461037 0.2616443973252045
0.251539809169926 0.24263055361241315
0.25834879923608556 0.2525761068117977
0.26167964781443204 0.27063562709425276
0.2534312211746289 0.2422580402802134
0.24401574144296992 0.24927032464428703
0.2717900182380078 0.2667178798079287
0.26443281046286754 0.25142116570152206
0.28209552075193833 0.2684266022658667
0.29465516914054046 0.2649406051940373
0.2732311607868843 0.26645036238742514
0.2607543445759261 0.259405836322817
0.2410900311448262 0.23828265996428274
0.2547617064967355 0.2428525330861195
0.2753304261716807 0.26292883392840566
0.2547719734791953 0.2525598348158266
0.25401423381551563 0.25402860665403243
0.26507021959749394 0.24911775409907516
0.26177665327351485 0.25592753818059105
0.2424921036975034 0.24318906201366275
0.28828023106561407 0.28087940111603155
0.24770798769243027 0.25076177921334525
0.2512134873539271 0.24216306213801658
0.2482230785391927 0.2401556422945567
0.25569234987618 0.2453948203291548
0.27892609434280385 0.2613376589362698
0.2680062729834736 0.25414243135485687
0.2560098419906218 0.25081387719890913
0.2574898654263903 0.24730778929950328
0.2585674333302847 0.2491403075642055
0.25628451796949525 0.245482220455993
0.2698916624339088 0.2564503837984849
0.2615648531437312 0.2556040599452859
0.24749975407364605 0.2530346815145114
0.26403178467632904 0.2565651638043836
0.26250761215418295 0.2429954161285882
0.2354773649389062 0.23090562153052782
0.2635948808539382 0.2516168821942053
0.2397999140031567 0.2399166996896788
0.2673394546496064 0.2629781106046542
0.2632968255166404 0.2339353181559087
0.24494968881322735 0.25053713932708055
0.259597473650473 0.2600527463877974
0.27989391307814804 0.26722665101408766
0.25354626812691866 0.24684980522732802
0.27993846567500863 0.2705294451977872
0.27707023968400224 0.26822695227435545
0.2826894804100732 0.27135274896132067
0.2735672880586964 0.27526610030446425
0.28348738852458805 0.2699226943906447
0.27324570796201963 0.26758057439711147
0.26653147091940294 0.25073159501702297
0.2440174224451761 0.24890700737564786
0.2564878258262537 0.2496433144798114
0.2812478791963573 0.2746293143392403
0.2603521654578433 0.2598592445415923
0.25785959114423085 0.249068296830072
0.24274113517291485 0.2412223351917918
0.24815543118171698 0.2546668627023814
0.2529703518648762 0.2555844611099082
0.26648002299453394 0.2632063362247248
0.26545439106665564 0.2472765909817849
0.2782516456871308 0.273206280634338
0.25030602077946135 0.24484361671933022
0.26231070808996665 0.24877548114536566
0.2497513824536844 0.24572424168065674
0.24906831186511252 0.2449462376458018
0.2699624879312705 0.25997744783580085
0.2645244404867354 0.2664565454976767
0.2637970730684416 0.24780832916133205
0.2726197002365228 0.25306705199133467
0.26323569311601386 0.26498794957830046
0.2604352465734498 0.2553661277626333
0.26192074591187686 0.2503528928539437
0.25516434445315667 0.2588935301101272
0.2764182147670172 0.2716938382238696
0.24733925802917434 0.2554178969057383
0.25749121202795877 0.24519609357841343
0.2681799087222235 0.24958974581403073
0.2595684288665596 0.2595164020134611
0.27169207314353216 0.2646654581523517
0.2612736838794288 0.24633043321048825
0.23510128458108406 0.23419720720061135
0.2723688150044778 0.24854388748376266
0.2566174437662648 0.2497178804319428
0.2663377025653894 0.24948676825333896
0.2567691052479171 0.2563167784930469
0.25657939483120545 0.24974996198670335
0.26406236707787745 0.2580353219218074
0.2815096012364072 0.2532197551338318
0.2486818047202787 0.24454583724160045
0.2843683803915403 0.27900039733817295
0.24754911166460455 0.24559851872911123
0.24658742227224478 0.24579770586208982
0.25257994632603153 0.24275307888955944
0.2638020345947203 0.2478540374252238
0.25550528065375583 0.25493185626919423
0.27009653042499043 0.2513398946976362
0.2877148775431523 0.2833732266658766
0.26778918623150083 0.24378618256323406
0.25130055914110955 0.25766229335324814
0.2502891537197496 0.24054952313474307
0.2545294293313389 0.24509265396791668
0.26683833120909 0.25611853297158943
0.253950782037103 0.24743873037397066
0.260431527774709 0.2436266545837963
0.2591637080367102 0.24671560903498418
0.25758434079221604 0.2490011220152194
0.2664906368416699 0.24703982000742128
0.27995244452202134 0.26687222680681333
0.2558093664374773 0.25791908522143064
0.2547361068279003 0.24447700683771673
0.2780978374460217 0.271477534298053
0.2512707437666901 0.24798380485037796
0.2612930988276936 0.23984434121810444
0.27182671072846953 0.26005768697163933
0.26666817149684374 0.2633052075896175
0.2553343446464059 0.2538741452247241
0.25506085547829865 0.24668809220645782
0.2771986214080659 0.2638839314585162
0.27297046169449657 0.26552937310719726
0.24707758602347693 0.24652956431395645
0.2576610280013674 0.2576802056352636
0.26590423702539245 0.2608531246313245
0.26621254549570644 0.2554567870979764
0.26454632061404454 0.2650368125588279
0.25753799263331767 0.2485546648570777
0.2574158358384991 0.25943896572172204
0.24620222665493113 0.2444452676166109
0.2510790293862784 0.2464004032795484
0.24596709804973763 0.24025650168532467
0.2619080499870891 0.2514042998342351
0.2630384090600731 0.2551618697808341
0.2611217435849699 0.2604354875009635
0.2682516307290903 0.2575229748965025
0.25210013080605287 0.24167399218828745
0.2619371340417941 0.2449923805774129
0.24762567508677197 0.2512144645305245
0.2562584263763788 0.25034299939829624
0.24618485755118874 0.2356053233055967
0.25865131993455487 0.2622258066589986
0.2676335863731086 0.25196851091613937
0.2709713515024819 0.2503164854255599
0.2533903081606629 0.2531493914389368
0.27139049783207164 0.2645801920236867
0.2775829263749932 0.2534414483660216
0.24857385244332417 0.24417148774411432
0.25221976168803506 0.2468635589719308
0.26495360460997774 0.2578817849659867
0.2662685078485951 0.2632968480058796
0.2465477053916022 0.23530576996853986
0.24881810104983118 0.2441972936401393
0.2759067792324072 0.2741975580102181
0.2673833482955785 0.25749568181302246
0.2467747574576755 0.24138735468384692
0.2726548905978264 0.2653045428855935
0.26121847763220113 0.25722501934671654
0.25742257465131835 0.24604394768240692
0.25200721447246516 0.2436767344658375
0.27312937983278346 0.26247099450421507
0.2596808289210468 0.25559074113799524
0.27240824379766443 0.26691982238929146
0.26688984349728 0.25876913882140357
0.26938044084409146 0.250551016470448
0.2646423470506461 0.2513044614463351
0.24564251436878254 0.24891351999416345
0.2529512328700285 0.2559933181856311
0.2451115188248345 0.24122099422463164
0.26605535957312765 0.26879554899237434
0.2651656149601475 0.2553957005776725
0.2508664751263417 0.25192300670782064
0.2705892783973575 0.246953809146129
0.2576820455326501 0.2574392035277351
0.260511989384336 0.2589499507866189
0.2676247250433983 0.26011791167746384
0.2813816788084266 0.26967865565678845
0.2608940321827941 0.2494683722802023
0.26350811442223737 0.2601893650197216
0.285644416250814 0.25513659055054727
0.27118108927798096 0.26032644148888223
0.25651703382887425 0.2540663902591932
0.2670942138126785 0.26729267823848946
0.2594286147915997 0.2527818931401045
0.26060699466821186 0.26572317832656017
0.2660427698010344 0.2688647323797995
0.26783362075690076 0.25730865918698087
0.27065552908855506 0.26686138355249955
0.28131407655285284 0.270448722795514
0.263654210190001 0.26650468655500953
0.24580208317488283 0.24446455944078593
0.2821554224133233 0.2781096559418125
0.25265646703951333 0.24967157868224993
0.25679545244972424 0.25163712825644585
0.28074534844498417 0.24455940831920922
0.2598315088536167 0.2537310130488137
0.2475884502265395 0.24132221614712257
0.25953814091205196 0.25128295602953526
0.26878102305415574 0.27295473136585485
0.2730899864518011 0.24865750010878715
0.26264928775112933 0.2519677719494484
0.2623180562015288 0.25962899354728713
0.24907294193864246 0.24807359679518853
0.24412825656759132 0.24924555875626586
0.262324630740154 0.25659519667599245
0.24611211802457333 0.25185128410581736
0.2870929431254704 0.2875420410274272
0.24667885765172737 0.2388183986659323
0.28600856639543504 0.27495021807228104
0.2591646339860053 0.25882065363265155
0.25819987266681227 0.2545285693890901
0.2695965844589251 0.2634888085910439
0.27892276245987796 0.2676074912279094
0.28686016746551996 0.26338815760658424
0.2690453414386977 0.2577298776208852
0.24596228732621467 0.25458098702551973
0.269657923015579 0.268626407921481
0.25562052428245485 0.2472652632346673
0.2813730407697478 0.2874416531971652
0.27313106196932274 0.2640945025072834
0.25607368445786677 0.24843345731090585
0.26171892663254576 0.25577155650383415
0.267021345218634 0.27448068437992434
0.24687488318067166 0.2570225369802275
0.25356741025557566 0.2469690109547332
0.253213143289934 0.2551317122305417
0.26655345089940996 0.2642472937530689
0.2427599251861325 0.2458492545104867
0.24930911659737515 0.23630856196529731
0.27394292406660314 0.25454146506975733
0.2791597718333167 0.2592691058850717
0.2560952823249867 0.2527394791487851
0.23265352032228911 0.22610750577311056
0.2641311320206526 0.26151549578148625
0.2672277651673981 0.2596868248276876
0.25895277524425725 0.24324438094551548
0.27168272078128874 0.25638285935960603
0.2581145242369202 0.2577219783689017
0.2628789701218541 0.24112549461825045
0.2774709795810768 0.2563126469869855
0.2630493441199539 0.25899926814100677
0.24633148159079168 0.23529699496338297
0.2346357034086191 0.2398908062319056
0.2650276479271621 0.25621347163460084
0.2382645675094117 0.23465560928103676
0.2537553843426374 0.2549374978259825
0.25469945382922377 0.24644470401701885
0.27552519889846666 0.2765905847936848
0.268089662255517 0.26027713537179026
0.24099435029328042 0.24428775015383644
0.25679206799676335 0.2598928765916994
0.26749354761625277 0.2668900395300746
0.26335324881284594 0.26500101415062305
0.2595834266471628 0.2554270164723056
0.24629428027094638 0.2482783693891534
0.2636356395000132 0.2668701512482519
0.2595272329185212 0.253080706154031
0.2638936990588702 0.25612535397227426
0.2632589069847101 0.2681485255073051
0.2555881337410275 0.25285679000649597
0.2662145266289975 0.2570544436506038
0.2489950026248196 0.2388472282062229
0.2705374204746473 0.2502181726527809
0.25560669264386526 0.2572455224285613
0.24754638198981943 0.24651217396301886
0.25813926768094725 0.2659598187763422
0.2573257486159276 0.2541414964732656
0.2678997599360293 0.2589743278334567
0.2763592689939421 0.26569659001567436
