0.11785314353638894 0.09907465177629168
0.14025954567132184 0.12786789803096835
0.12967686739649026 0.12491637015750459
0.14457711043239602 0.1388894062467948
0.10857138853853451 0.09625035614932022
0.12547208422498454 0.12673030309359037
0.1357762854926681 0.13257000883729872
0.14593698446868444 0.132136127116174
0.11879031779168321 0.11700351725090395
0.15787032656640737 0.13827855643570783
0.14032731152796882 0.12620125085807604
0.1260762069215997 0.11195524307393442
0.1313719099093729 0.122286824187157
0.13586038900510825 0.11124055476920158
0.10790787249079037 0.10206379031901831
0.12593880913481353 0.13302338611688105
0.11834994016390502 0.11614753853968263
0.13625408586920554 0.12072484436302082
0.12086731726789056 0.10758084333006641
0.16829407330820162 0.139565313100916
0.13329594796076644 0.11279568780184036
0.14155137203817092 0.13291161497692958
0.13821401739092018 0.10680330202838832
0.17782971823092195 0.1518078831046392
0.12447314859815942 0.11428399395118755
0.1447838634163177 0.13659290675441987
0.10603089445828053 0.10438167517601833
0.12675512965820132 0.12755051712513532
0.1375469894609235 0.11869038645656761
0.14992067445531462 0.1586611051808386
0.13367387589078375 0.12405702140250209
0.15912627030742688 0.1340622737645934
0.12472188900761748 0.11736766051944263
0.1354598307922047 0.13236508726556015
0.12230414600051792 0.12366758833915725
0.1313610380338847 0.12976277854244675
0.1374769625794374 0.13587566216429542
0.13412800025087726 0.126927373519904
0.1747658840155082 0.1244083141384338
0.15619962490613049 0.15001289735450363
0.1525250112122133 0.12790170244587243
0.14535736974946725 0.14101974260208636
0.15905274317737517 0.14491325633138108
0.14875125108397064 0.14354894672495017
0.12206602570064985 0.11112756145194726
0.16533697195625963 0.14427263025581133
0.14166219016836926 0.1440539051713039
0.17380277199238064 0.13944466571338948
0.1473990385648659 0.12240458269734067
0.11379064777346906 0.10566252839372496
0.12747634576609743 0.1294716968760483
0.1587608023325634 0.1567833388952728
0.11532098220254264 0.1134117878918315
0.11652750109745862 0.10909128108852148
0.1364008206329907 0.14291348984155847
0.16666292705645278 0.16157564427188437
0.12920646105058792 0.11539137911738824
0.1638624586808939 0.15391574807453018
0.13166802502812133 0.1286584854788009
0.12358052246128688 0.12602820420624525
0.14074884063639143 0.13107409395167227
0.13864186211055166 0.1319682388818636
0.12106908137434924 0.11467682409148276
0.1463163369383859 0.1334917965654328
0.14677517833409207 0.13433398796830506
0.13938873973142937 0.132213669298857
0.1374620870391913 0.12432226786522733
0.17689668607526604 0.134376221916897
0.1293477265485087 0.12389864064782635
0.1594405840293137 0.1356107159480299
0.12666799819538568 0.10997549569679602
0.1399959865749829 0.12236563149282804
0.0997033908869657 0.10371583168249399
0.13262990619512272 0.11810903361999399
0.15301154135159561 0.14568881256175623
0.11574426601070982 0.10747044512592317
0.17137793483453945 0.15561959055484503
0.1535561715798523 0.13319494831495773
0.11338584513005841 0.10955319741486523
0.1468790105813655 0.13766817901629871
0.14453487695844314 0.14646459048616595
0.12651915940759037 0.10999092457131329
0.11459314047448275 0.10578556211617744
0.1303958242654349 0.12216515670564922
0.13786593236227979 0.13359145306741405
0.13542254934724618 0.13238872798950393
0.1364342374391975 0.12521506303149396
0.14437159366948948 0.1460061191342644
0.1794281711030053 0.16976364205023053
0.15934886670056586 0.12546654914822886
0.1389851267045662 0.1337987422675494
0.12258917201214352 0.12065725911202767
0.1740012515376563 0.14140825927883421
0.12610889291822405 0.11763594892040852
0.17809062305084922 0.1381351463277651
0.13793929708351432 0.1360458939001541
0.11662838082217897 0.1171486495162364
0.13401061922901766 0.13137933679300937
0.15505378504675826 0.1399698844203147
0.1483907129290825 0.14451015881124557
0.1119666510732329 0.1053732028412116
0.1670634507794054 0.1546754797711363
0.12701523128322406 0.11690464083770041
0.17045886987428524 0.15863816019047616
0.1364948025231432 0.1320064301900078
0.13263178128148667 0.11495687653421546
0.11977986511722788 0.1136282007983755
0.1642827588302902 0.13577323747575984
0.14642896446882456 0.13399340743114108
0.13470412930619913 0.11932782527118045
0.18169134656492855 0.15464614045479907
0.1323670441835046 0.10818175923929217
0.15929830983430923 0.1417540902636707
0.14668843611153284 0.15159136548706562
0.1350094965958972 0.13489278323003615
0.15022323115722314 0.12336980285697464
0.13481383208591738 0.11946983480739873
0.12846314179169463 0.11987568650283267
0.12309895839749056 0.12543772637271824
0.15733636610228974 0.14279529849982636
0.17290392903978444 0.14923514944219657
0.16242115203288296 0.1416597661779435
0.13957355128277832 0.13137109413421805
0.13060309384142768 0.12737282855161974
0.1417826504436372 0.13004815992992913
0.1453086350663194 0.12606873274928537
0.1527255229616233 0.15090730432274546
0.11314568586950942 0.11585026657387706
0.11891727499417884 0.10776097827814049
0.1104556309026835 0.11516166665662901
0.1429065419356338 0.1369130551591677
0.1692275116133079 0.16416594523104547
0.16288875470106554 0.14625983494870454
0.12283814643932457 0.11117611910553378
0.14111134128467784 0.13520072830820778
0.13999803101364516 0.1456238469808593
0.13556088050579318 0.11179752486308189
0.1197439853358267 0.12724155954988767
0.14404177505536536 0.14165160715024183
0.1433188202390373 0.1227826070878683
0.1583928623838743 0.14308474453813091
0.18479125063803845 0.14089751522170546
0.17063402181829676 0.17130317682973073
0.13767269455778272 0.1371048371764661
0.10899989762034527 0.10552800319964284
0.116783803853539 0.10453023972960303
0.14485568645921895 0.13817176956447197
0.11967754341784595 0.111820728164339
0.11907728173450438 0.1243754057055934
0.1305114459548222 0.11476422734479214
0.13900481880584337 0.12762611154263737
0.11920794465757709 0.12113527976031267
0.15747390524371033 0.15686710652434266
0.12341220850595254 0.1232577823414
0.12035747781395514 0.10977587637863483
0.1166611998655148 0.10782362335230722
0.137069355622176 0.12636953073255935
0.14933305884934808 0.13032096866733964
0.1497909220566124 0.13970024878083767
0.12088960672473183 0.11133131044077657
0.1232522210020677 0.10614679715925736
0.1468115203380105 0.13413387950942693
0.1343785344394 0.1181707572778809
0.14663137509017915 0.1360422326517812
0.14815512618685517 0.14213263969437614
0.1393805174768509 0.1213882900904944
0.1390534446661824 0.1324941680476757
0.1333454279874937 0.12054965418210144
0.11217017197287057 0.10358035975603727
0.15244436367137743 0.13089187600160376
0.11433104111479134 0.11404252137977659
0.15294169199753554 0.1370946861566269
0.14013893879321576 0.11018159290544205
0.12242178071886735 0.12279758141309842
0.14266001156694202 0.13490599957674423
0.1601745208902242 0.13159511730925838
0.13053927249074568 0.12200777845930319
0.15815904905310096 0.14325174936532079
0.15106463237658363 0.13994856122352803
0.1657127228438628 0.15013446010048673
0.16143782106765928 0.1646238454826657
0.17300779373441955 0.14927236181637815
0.16492538103126425 0.15294929576825714
0.1442955564128302 0.12048306620097761
0.11963510892240932 0.12151367909330094
0.13302141552076452 0.12626193181868994
0.15458710027667782 0.1412665574712744
0.14375964752784567 0.14325774352635304
0.13296502604350124 0.12204186193315136
0.11550243089325411 0.113064693237349
0.12049585102547826 0.12023419333063409
0.12494527587183488 0.12524244086065622
0.14599578705186922 0.14642082080046626
0.15792720953187567 0.12448679226212157
0.15769845014100572 0.14494473049484696
0.11921113638461371 0.11538698441578915
0.13715529340191818 0.1303406027549251
0.11986704949695368 0.12658242809797612
0.12193214754391256 0.11379775925274858
0.14325818420209066 0.1380364828153734
0.1407533216567194 0.14155405937343332
0.12970070392213148 0.12168257993630725
0.1564401197538039 0.12870897007055035
0.14485517150076935 0.14324808730197314
0.1356167116672467 0.13237128538446494
0.14623431909480358 0.12606439974739142
0.13716400080986163 0.14160976138233256
0.15784383755115264 0.15145037436083364
0.12260930035444795 0.13394920602888163
0.14496498536431626 0.12570905676643407
0.1488904346695175 0.1287881367478891
0.132012705744221 0.1270884073784879
0.1575065129901533 0.13756419921865826
0.13187132802361973 0.1197180764498436
0.1040608507791006 0.10231716499396364
0.1446880368060007 0.11152832186234003
0.1293338655754239 0.11943890847181601
0.13988371133857735 0.12067091926321998
0.12871479530031088 0.12251043599523853
0.12549691929304066 0.11724217192614726
0.14193692186796314 0.12919718136357028
0.1619354047913087 0.12566074885980738
0.11347594736434576 0.11252212531340458
0.14848451042722274 0.1451299420787615
0.1224056671369277 0.12134639541380295
0.13030890461018405 0.11944611310360345
0.13203354958511676 0.11750962478407882
0.13102026588292212 0.10939591617391244
0.13084147199484242 0.11266878629501743
0.13291200935999567 0.11681594092741844
0.17620282142859986 0.16880603255884835
0.14659078564816158 0.12318753746757595
0.11746874830457488 0.12186223236579444
0.13484459520596226 0.12004894959364476
0.15081125664036527 0.11995334333621535
0.15633125234534348 0.14028114898512797
0.12574617347654854 0.11855087284080203
0.12957697330440876 0.11696942396888886
0.14300601691490658 0.10493788559751087
0.13161159796101804 0.12137068127083726
0.14711775510724603 0.11818276445906958
0.18154679361261433 0.16289812923179817
0.11925198647583372 0.11858185010416007
0.12139639221453756 0.10726641908038062
0.17712343845100137 0.14701413794950305
0.12716452221021718 0.12533042710924067
0.14005197996249397 0.10510933894739188
0.15232401285731956 0.13778006536682225
0.15784772032689243 0.14611686778657165
0.12555067623624497 0.12397708124664297
0.13227346181452784 0.12152131227920676
0.15329861306567893 0.13747907725965955
0.16770219949444 0.15762988023512017
0.11570925563281975 0.11001862974623672
0.13130674104751236 0.12872737937309386
0.1482806720084717 0.13508170752613774
0.12376051903167272 0.11403888020889309
0.13683392128648883 0.13442680839865254
0.13010427428479254 0.11801988630077945
0.12452587393404574 0.12359781034409648
0.14148995914583523 0.13525254483549104
0.12318860176115802 0.11822310757374903
0.11827453197635229 0.11594083719492024
0.13281771775265078 0.12494095010544307
0.13655825538345345 0.12625858708052193
0.14841445858517427 0.13043748228755653
0.1314798369113146 0.11806501185078369
0.1129759109772552 0.10941979995822367
0.14193746128107207 0.12045238039076718
0.1074396024915341 0.11544258168103147
0.12231783709279365 0.11902354607623221
0.1295146122029268 0.11837209344977957
0.1388730220672013 0.1437691188469883
0.155208558441308 0.13769429449197473
0.1307628274828552 0.11360478950446225
0.1251107649691527 0.12829440687758611
0.1403546823140296 0.1384092732110837
0.15475001206192537 0.13186480335100934
0.11952662991331117 0.11425157944938766
0.11990082256247697 0.1157986954965003
0.15031787779957373 0.13760925897640672
0.13303596851379867 0.12826259815980673
0.10893746641018266 0.09810076550570726
0.1332514086634176 0.12046487814660839
0.15403149181888767 0.14635638536532525
0.14363997629570402 0.12717700048601074
0.11652207494978352 0.10814357366364497
0.12924918811309016 0.12212724156615692
0.13599103420994926 0.1202424687706443
0.12809273731937007 0.11345898340274876
0.13987940257892179 0.12889896247231933
0.16435074781296746 0.1526014219208295
0.13843824465312649 0.13658337693158704
0.1471165865249685 0.13245784838991015
0.15076718679191178 0.13969364472465884
0.13912824866996673 0.11758060325398287
0.1390636762656781 0.1265803050350039
0.11351917001501037 0.11597658895597326
0.12436391936953659 0.12419681976773779
0.10548048678897487 0.10288632536289602
0.1501447793415728 0.15115913081277324
0.14705336820939166 0.13812923455943696
0.11664400920860005 0.1144975911940598
0.13506853038587208 0.11199098601142679
0.13273459010274163 0.12871040429323605
0.13728833829077985 0.12654531343419811
0.14522817451478695 0.13948646435139367
0.17466622776006882 0.15496096824336542
0.15482777241724824 0.13934358207078804
0.14490804449341055 0.13768465874464375
0.18386518528516466 0.13213905934067877
0.1647341324229808 0.1566228352783156
0.13794809704154148 0.13516356727587886
0.1399353674516249 0.1389638820923184
0.14826269691240263 0.13019437147624
0.12765381739291 0.12297762631070108
0.14151841875609392 0.14709136613361135
0.13625781624024874 0.12818011355049982
0.15577018347609276 0.15304949418490893
0.17224883325088147 0.1573263991281829
0.15479134341314435 0.15373171116509207
0.12349781631063547 0.11840077791076205
0.1773110087903587 0.17767830286680839
0.12359014960160325 0.1099764520527117
0.13591503059200513 0.14005431677269284
0.17486744974710816 0.11484299222887233
0.13615768512910648 0.13224823152163093
0.11837974835118165 0.102255560601971
0.15039952287673072 0.14577831637485117
0.14955899155023417 0.14651149757083634
0.1692247049160666 0.11942428769396285
0.13664881721646793 0.1149311899390234
0.13402876366765112 0.1326025342098263
0.11688135485594159 0.10691454793539114
0.1168318415093488 0.11645546996718115
0.12833897814587697 0.11988477451134998
0.11797773394038154 0.12163300172993116
0.16848671532354403 0.16317351191038862
0.13356031087760037 0.10649155457144682
0.16415166255972485 0.1518202365588528
0.12482840646409507 0.12282189646815922
0.13221627310858639 0.13125558988448238
0.14361842360230484 0.13390891136593322
0.14737185459693425 0.13358153156126581
0.17494837813408098 0.13366472583799793
0.1598691206892253 0.1471491475348216
0.11386475835673378 0.12777462536727432
0.15521803517496427 0.14690039949943481
0.1262831834992978 0.1142321596757464
0.15306371238990898 0.15772145708088636
0.16187075505580667 0.15086225324565228
0.11697559425276366 0.10761110564780234
0.1393746067583393 0.13083407249920737
0.13739669636115823 0.14503350432993273
0.13111463099127998 0.13555274401339124
0.13208305124147562 0.13056054795967756
0.12053682711679335 0.12538002646382415
0.1375483695957538 0.14010874683001662
0.10838008485074982 0.11168064095267342
0.13382716460039137 0.10857221009402826
0.1604767575948434 0.12534932169059745
0.14336157398505459 0.1294625189527646
0.1293491876062504 0.12780800745552212
0.1063091654792627 0.09536366113603427
0.1346488116130609 0.13077513614324413
0.15389763560354733 0.13399797597239743
0.14228226387442497 0.11922767855140566
0.1605661008588295 0.13841650775068745
0.14003745411488774 0.14024418553120066
0.13102883857188832 0.10210418371007547
0.17538880036434715 0.13851668767137926
0.12813354019343395 0.12939840058400517
0.10503021282154062 0.09560205338110056
0.10215766040422893 0.1023642629271618
0.14640127842017606 0.11280594246943418
0.11483192459618907 0.10814206369180811
0.12547250532525195 0.12707840608708162
0.12552456127776374 0.11941195320943614
0.1501710471194396 0.1486068978580699
0.1480435680800885 0.14006326072244207
0.11154087282511489 0.11223828727436742
0.12540584418523176 0.12575071598844526
0.1404546727374222 0.14280664310579544
0.15423929532438974 0.15207267513490375
0.14034077142963475 0.13887289839062053
0.11099091287149096 0.10770222039237984
0.1322901557334998 0.13469411207880327
0.13087238247023744 0.11900661401133107
0.15261033311116343 0.1397695238669101
0.1344858189645293 0.14379368061363312
0.1260333123549426 0.1201550124495541
0.16196084661337512 0.14799056732186608
0.12777527098282923 0.12390604881565277
0.14497720697130836 0.11855914369858185
0.13659275116861197 0.14019473826254478
0.1127084389281261 0.11229608135634626
0.12648990638475188 0.13227485078877163
0.12845406666997833 0.12109164599492081
0.14747280601022714 0.13224554079614054
0.14780091931191566 0.1304293765309347
