0.28283229328332915 0.30711866965672957
0.28682540560766695 0.308447920428905
0.28173359821803884 0.30828774788090324
0.29537994070500806 0.3124230194075314
0.28949261740604465 0.30954947880860856
0.27685195397459217 0.2985632851353231
0.28515057253366616 0.3061971395125181
0.2852356446439003 0.29983239818025015
0.284388692786833 0.31027860237402827
0.30016026616465685 0.31839018138188047
0.2999567802979032 0.32173219889424665
0.29051677998925884 0.30353061366229606
0.28380783286659 0.302546159047763
0.2708302502732101 0.29378278208778585
0.28889337967541756 0.31042150305206595
0.28741959339499923 0.30090263174193577
0.28343955593620906 0.3008180407808268
0.2849035029569768 0.30724960701367626
0.2912158538527028 0.3091491879272206
0.28551647996397783 0.311972360137409
0.28228874294088135 0.2986270738820853
0.2960587967837941 0.31758942368081006
0.2993430605166947 0.3246026831245752
0.28228656972357413 0.3042632995882854
0.2804687386102262 0.30207242681623603
0.2795370163813727 0.30423747583030225
0.27834517668161823 0.3010882253658288
0.28343996242311825 0.31415482045301557
0.28994008673468197 0.3083899494824095
0.29408107973119124 0.31528312868845465
0.28613130356750477 0.3063129941721261
0.2840675958985721 0.30589797288863774
0.2793669493286232 0.3006392953587068
0.2899194089194069 0.30614080806565525
0.2797226821026487 0.29692487938402173
0.2767765489739423 0.3047431019629035
0.2916928751422969 0.3142441385568353
0.28799708182392236 0.3050813710651385
0.28854807823115247 0.3065542301042992
0.29337938447764866 0.31379102926583674
0.2868901704103799 0.30511131507423545
0.28261671054236626 0.3051523028964148
0.29184691183984984 0.31353474661921543
0.2935138100432885 0.3152839933337814
0.28867063058639364 0.30992507888916676
0.29098536490451954 0.31422550882827277
0.28342652506425303 0.2964610869391638
0.28890130466550196 0.31325534085138057
0.2906416699745475 0.30804840768559627
0.28357490149434533 0.30056828440885813
0.28574897766468715 0.304926676566318
0.2870887788549897 0.30787396233007247
0.26676976927651336 0.29304563235942155
0.3015760132465075 0.3246603133047503
0.2754370060075805 0.30211428401949175
0.28560970883667824 0.30711381976266344
0.28137608594251795 0.3113727766435641
0.2886278954370801 0.3129699765926304
0.27991131783669526 0.3026239519673128
0.28542033084567275 0.3028044627794509
0.29196564089654026 0.3130281316407119
0.28891008783083066 0.3117739256729627
0.2979841999729616 0.31021985854457756
0.271772451075985 0.2984923040081182
0.28534211878109017 0.3056651185757857
0.285253429995791 0.314183083803488
0.28415254147062974 0.30553952274812474
0.2770169846265326 0.3010364102531602
0.2939813522565689 0.3154811835600781
0.29445988642479826 0.3178731345535837
0.29333657251243356 0.31453784422326114
0.2820942406344979 0.29618522690316085
0.28781957720890294 0.308965737757421
0.27989033566606264 0.29974292650787393
0.287261601064144 0.3064623497913436
0.26374103499124063 0.2860883327213481
0.2705888684234856 0.29149081851198727
0.2907574452511153 0.31409087990216034
0.3016561808241932 0.3227974120482883
0.27882849468673204 0.30373290584468243
0.29078007877027734 0.3101084398729974
0.295717751321281 0.3212947822926113
0.28118352401986446 0.2983055919991705
0.2893018490637664 0.30335936236347716
0.2850091717811938 0.3028090625115923
0.2824609493332082 0.3040200573042677
0.28277169270585617 0.308613717292562
0.2830560008214604 0.3032188727335798
0.28278379443363905 0.29978729756251904
0.28726638334495186 0.309471176661806
0.29436447020472506 0.3237784985145598
0.29116299517590355 0.31337729506265916
0.2847916301550067 0.30959286219778864
0.2871244859811009 0.30500228123094936
0.2865204302932516 0.314857711720241
0.28307278243349676 0.3005991631041053
0.27838752886349566 0.3043114217691782
0.2862594430995603 0.3038779937292385
0.2921944151938708 0.3113621416538495
0.28549420358758465 0.3124754342039752
0.2768275847416457 0.30173239470591023
0.2861554681513999 0.307732388319158
0.2963392012242302 0.3253033735946909
0.2716786230157318 0.28782613041408067
0.28602179258308463 0.31530925333980914
0.2907261276459022 0.30997876709551325
0.2906914367184244 0.3043501925863025
0.2962495200680726 0.31469240930100395
0.2795832599666296 0.29567543051221157
0.2805086137634442 0.2971681948241201
0.2855997626001925 0.3080986671691275
0.2901807174095062 0.3126409902947008
0.2819587431305693 0.30432237055919176
0.28788923747451917 0.31722488043404945
0.286470051544571 0.3056041812600034
0.27317202082222924 0.30031278654908367
0.2856205954790527 0.3063492085347252
0.29031978784169443 0.30817728332654015
0.2815781724757767 0.3008239445446587
0.2860017813941319 0.30736657636826864
0.28145018609674544 0.3124390856099394
0.28496034480799437 0.3047701204383991
0.2854811724346648 0.30853135134679205
0.28715556606472903 0.30722762563237277
0.2791964034408498 0.2943964894132559
0.2981058451243218 0.3155617380537246
0.2995873229300541 0.31365031225653345
0.2875254866825354 0.30306608019363807
0.30277562334306013 0.32003822087391687
0.29213149758638873 0.31250161232773316
0.29117254751452165 0.3151442032796593
0.27403824617117595 0.3033697715117637
0.28758054558776763 0.3025266126946826
0.2762450208101526 0.2998339021277044
0.29316481548853723 0.3130292002052535
0.28993748785151346 0.3130527074127557
0.29555652208555694 0.3162170463045278
0.2847396479850657 0.29521538273978726
0.2858498078469966 0.31389270504940375
0.285203642650264 0.3050348588668463
0.2796472464484574 0.2959753336145096
0.2806053801530474 0.3033261890681068
0.2867916500862125 0.30580618285316147
0.29441536858967704 0.3095975613664135
0.2792845428682868 0.3054022341351899
0.28445481251957566 0.3046538973209289
0.2965326506787289 0.31422453612817436
0.28885539659986675 0.3083910831088793
0.29223470541210983 0.3130159376274638
0.2848627277874558 0.3105298933364147
0.2764480982029601 0.2933371765997027
0.2877141989002336 0.3140214860387222
0.27675949514244336 0.2973849720613243
0.2857036286964619 0.30647465657150247
0.2861952807275997 0.3051472417308819
0.2844090738131981 0.31443938113953307
0.2872004549517636 0.3105875336765623
0.2924678478930946 0.30889073972959175
0.28489041988800445 0.3023495254212868
0.29754024905542675 0.312399091276
0.28676610587854207 0.31253394458526046
0.2811699392601244 0.2991377865504715
0.2909192738624957 0.3118710697460254
0.2799004193348562 0.3058094463832812
0.2858070690926609 0.3056564696018172
0.29831992472912855 0.3140441939176735
0.29460664397856756 0.31369067501932535
0.2747417055470438 0.29534573203036707
0.2868074758550481 0.3001835466362435
0.29525178620147874 0.31381396197851297
0.2782053434356374 0.3015197797227326
0.29181041024048915 0.31322257825969013
0.2893644755688269 0.30897415354332025
0.28249715278677184 0.3027570140172621
0.2799211995697265 0.3066284507687648
0.2965190305958988 0.3184886292195534
0.2787920679948814 0.30485688717053866
0.29164769094263115 0.31674516056832464
0.27989595832712855 0.2957106903925946
0.28205789768775147 0.3050086379681862
0.28179406825613645 0.30810587795584776
0.29066861958550105 0.31055320010869153
0.2892489442251412 0.304870799603993
0.2840951606314557 0.29660961082447657
0.2815287450268415 0.30345255671669796
0.28338649022644014 0.30456827215995946
0.2881183959053399 0.3077793371398063
0.2957692025129648 0.3224004522998751
0.28006518816064574 0.29843449804634326
0.2740087927972922 0.29823057913762974
0.2830740412786914 0.3046356877158734
0.270942882759966 0.29260515356652445
0.2720587209874407 0.2944345592280917
0.28185640317875615 0.30432825016576304
0.2785047733920214 0.29743040814863775
0.29290228718086286 0.31730463289990923
0.2783356580690892 0.30441596520457065
0.2910259548001767 0.3091115096255158
0.2902737624490891 0.3082820600988168
0.2801506866682704 0.2990800453293814
0.28834815328140334 0.31167929936557953
0.27690863102548585 0.2990031432847579
0.2744699192382974 0.29537174463699434
0.2874190691158816 0.30586022396413864
0.27954809266443087 0.298787128683417
0.28201473627673374 0.3115416197675735
0.2892010316887023 0.3111170791173619
0.2855310424492156 0.3114742006277276
0.2850298633283172 0.3045930391732868
0.29177530899512943 0.30890656031436803
0.2847520971016958 0.3076501408253723
0.2816254904757467 0.3009788534769459
0.3018889373181459 0.32209819541228835
0.2997674222863337 0.314584876099902
0.2733474146415705 0.29994172727252694
0.2746036604804378 0.29935972557433504
0.29502466058788235 0.31987057200532665
0.2905546332223761 0.3121150926327321
0.2923550733047545 0.31017626793685127
0.2867947049142232 0.3060213787788155
0.28292970211205437 0.30638120039039274
0.29542952537992107 0.31632722801954904
0.2892303831661484 0.309057744500301
0.2890981315313909 0.30769411647826006
0.2773735418951537 0.30164209375445167
0.2890878339047332 0.31000597173525407
0.2977223507443764 0.32171685243388626
0.28351691763719583 0.30660989069468814
0.2889236736236967 0.30683062691355567
0.2889535111341401 0.310826614582984
0.2836528009830871 0.3062274800317457
0.2816663625218878 0.30516579781337483
0.2781946975594238 0.3025777113327917
0.2760720446202059 0.2965517079517466
0.2872055387030056 0.308321857893423
0.28412683162802177 0.30762767417685144
0.2787448033568577 0.30341077166277947
0.2855674036100515 0.31157557581723494
0.27168874286386224 0.29324241258827616
0.28950065556477933 0.3150189308922632
0.28856422499588985 0.3120724210602949
0.2963011607475319 0.31048385211359797
0.2833623097491109 0.30466875196665283
0.292365110791814 0.30941513020003664
0.2815320125336855 0.3016703584912099
0.28862709950511295 0.30629207485562504
0.2876115990028118 0.31097147319581164
0.2821296016257308 0.30554836719929995
0.2819824869847612 0.3017540472668674
0.2835787038956953 0.30722946215461444
0.30717324497551474 0.3202820701612383
0.2792951516433566 0.3029641336552667
0.2918469876369864 0.31113045763881664
0.2836350202800811 0.3093452954003859
0.28904384327484006 0.31425285178671214
0.28955624444821887 0.31480314372681123
0.29118958867615397 0.30690912807601173
0.28722046583741573 0.30722077680642484
0.2877599983492136 0.3157527786098943
0.2939232879903587 0.3033041721682582
0.2860981178876635 0.30237230603270526
0.2822121199308018 0.2941754630855652
0.28717399628454643 0.3071124972843556
0.2877698424341482 0.3119150396955029
0.28694132019146906 0.3042164086659532
0.27749273565166244 0.3001069947361123
0.2885238183639018 0.3055270104455991
0.2826567594453611 0.31402166053019864
0.28309360343249174 0.30431800762963274
0.28866591336514114 0.3029153154251145
0.2928036910797113 0.31745138836654097
0.2849277357666345 0.30198093949438365
0.27385003971419175 0.2957307711656947
0.2836439533569363 0.29433160131981556
0.29088391153187904 0.3088467341275131
0.28096266220914345 0.2969491206961007
0.2957196258562033 0.32044791355050145
0.2878919310200329 0.3106833213276693
0.275617408547606 0.30554840357678975
0.2804689701085386 0.3033236841888173
0.28376402379204746 0.307082390169428
0.2758126957279207 0.3019691462810403
0.2883684999053977 0.3127225402622846
0.27719245769539835 0.3026510537406374
0.2790515488677204 0.3086714435853233
0.2780474458360181 0.30112201688544205
0.29881300195278143 0.3165971492866145
0.287503893331533 0.3102532194350158
0.284385195575645 0.30453916689036936
0.29306827830985316 0.3119580452453418
0.2798916909293066 0.30307786727576524
0.2851903681378774 0.30733112776242605
0.2722108183133165 0.29152278815151156
0.28441490078881243 0.30609745391991905
0.278473321689065 0.30444195585330364
0.28058546262361683 0.303404996734865
0.2879292909025796 0.298436546251602
0.29494892326023003 0.30869063689995413
0.27884933372505005 0.3011388692279203
0.28568847242939593 0.31061389214725177
0.28478992783008533 0.2966227098344698
0.2785937819871495 0.3049933819644318
0.2975374680402846 0.3173681569868899
0.3014011145068441 0.31645607215417026
0.2884800352515047 0.3070394695477156
0.276257167443922 0.3055390131008266
0.28026000576594634 0.29911960183182273
0.2888494806294317 0.299229836101762
0.2910949385964965 0.31188421730044597
0.2726654005110455 0.2913996752659168
0.2907280881524072 0.3107067174020893
0.2900292987135622 0.3058413600922918
0.27656923142190554 0.3060340044019951
0.2780051078370114 0.3010116673939502
0.28121424319337257 0.2967485662174242
0.28046775440346927 0.3018298248498682
0.29433515431161666 0.3202854451729028
0.2805263226044442 0.30174003367882424
0.2838804443630081 0.30262055361026396
0.2899488766480269 0.31388355037619037
0.28034118642971934 0.3071926191999558
0.2892489413497412 0.3113818629804661
0.28894687974044647 0.31031573182242045
0.2898783875659223 0.30681302691155654
0.27988281989128283 0.30262999648303907
0.28003762251779357 0.3026151880638731
0.28790473077853396 0.3008745898076942
0.2903596992880635 0.31495395024242967
0.28903305482983815 0.30457368962170234
0.2748427379873147 0.2926402416551194
0.2838486761761162 0.30455810963153573
0.2798333222837003 0.2990670853302589
0.27792929811808054 0.3034440665678431
0.27292507770867064 0.2943596896879662
0.29889795400512714 0.3154074774493076
0.28928628049857513 0.30978635647272335
0.2884293920645975 0.3097869335778512
0.2846557326849834 0.30227846370016354
0.2937010635684227 0.3101134121962951
0.28220321444938834 0.300719558185378
0.2904471701642217 0.30577573294303706
0.3015482526972029 0.3305345105918078
0.28272486175286815 0.3018473460516698
0.28889722779789684 0.3022268370808874
0.2863954592423947 0.30845324940817953
0.2807742623998763 0.3019059626601405
0.27827815152786955 0.3005749048365924
0.28031076463805105 0.31072878141650717
0.2807838198689617 0.30130106745242197
0.276841274786555 0.2983617141224932
0.29012594088189086 0.30380493692112087
0.2809038922322506 0.303952338114507
0.2806436867497186 0.30246681571256434
0.2798932566648022 0.29882053271134623
0.27974443253554027 0.2949137184091155
0.2846712098815898 0.3057933202437414
0.29250248519427813 0.31516513463863244
0.29714239626449307 0.318269264869375
0.2953098897680978 0.31156691608519843
0.2778428291291236 0.2956177445573342
0.29734132664556107 0.3182518350337989
0.2937008375694087 0.3086375089975104
0.2851044842186799 0.3021112054873887
0.2837926841972555 0.3006543911041525
0.2885728023317923 0.30887601311678153
0.28091772620218136 0.30102500208620697
0.2852539505859968 0.30651807349569765
0.2909656255877305 0.3058955655728133
0.29263869023101774 0.30707696277766944
0.2791597968994391 0.30543179992954633
0.2878538226386237 0.3077002393182022
0.27131224377854174 0.30032086886987863
0.276215169064878 0.2971690340563413
0.2840762350662923 0.3073194577047058
0.29577818460717026 0.3104398423380983
0.29658597818144194 0.31488422603493127
0.2928323044297681 0.31385901871370914
0.29113928955258384 0.3149080519435475
0.29229060630743514 0.31343676166372947
0.2865489134466078 0.30505417524232736
0.27951034589459894 0.3016712265976487
0.2895593841939404 0.31513645378837435
0.28809509605232314 0.3063176868029018
0.28630110235790274 0.3111099617648428
0.2870923369530768 0.3077848871465444
0.2887386881894561 0.30684495144055485
0.2823962719227282 0.3056510590668339
0.27465114702463483 0.29751975880765563
0.2856282004083936 0.3082376495294564
0.2838837125332665 0.30650966044498223
0.31052501600572674 0.31796098561013775
0.2737350233836835 0.293884115921828
0.28375618922054796 0.3050977514105676
0.2882208687550977 0.30416181301017003
0.29488238416086654 0.3159224715045717
0.2877393248946679 0.3124686415312624
0.2827375484485876 0.3011430283631238
0.2936966794889109 0.3122318863758293
0.30344822716623154 0.32634476398915757
0.2835205470825627 0.3050540231578202
