0.15808097973515184 0.17697611274292885
0.1789665862384569 0.18847308884404834
0.17172815501349395 0.18759307219216598
0.18097279013180878 0.19039793646324796
0.18352187981366536 0.19254625076923992
0.16034068019329514 0.17138650344917147
0.164395935403251 0.1801300518298304
0.16551711194911883 0.1719406488245493
0.1896806625372432 0.20312155084736777
0.18110980383148753 0.19021572388315408
0.2010656641205141 0.20932960290268482
0.1780333957806227 0.1770027891261665
0.1782031640909281 0.18706011097553915
0.1604482809096961 0.16861978917162657
0.17288638863115185 0.18225746103952267
0.16607730886969382 0.17307860039944406
0.16127983561332082 0.1721761417358871
0.17976003005702332 0.18934209023717166
0.16886687979438203 0.17996251087273976
0.18297322675859415 0.19326921420046703
0.15823608063005262 0.16324999286932945
0.18201903403140357 0.19909897521996317
0.19335920915444685 0.2130859966675454
0.16348427609763097 0.17571035029962986
0.16527207221983617 0.17292101409921104
0.1671069060265187 0.18134709159788506
0.17705030643597428 0.18665302750791815
0.17060900942306823 0.19319578971906787
0.17632951657197338 0.18636689328122705
0.18904083956548562 0.2048602257891816
0.1717503574592128 0.18465749552484587
0.16299188489938354 0.174738301178157
0.1536699748212514 0.17119863518722742
0.17455374538338847 0.1810037394092889
0.15957527202591504 0.17560808534777306
0.15435130132724773 0.17387175129802215
0.17824287509486553 0.18808985000729933
0.17727251370674765 0.18555341501499747
0.18535181489765848 0.1898348541419784
0.18747728572971017 0.19628532316841216
0.1673101203247626 0.1780514797627143
0.16302607764057347 0.17663948674074673
0.1639698133167104 0.18078630525474432
0.19505575452576052 0.20694911263306195
0.17743557290286202 0.1895206726513413
0.18316441830204375 0.19482213293117467
0.18719171118903388 0.16741130971403276
0.1866983519486694 0.20191855424219948
0.17411289482447498 0.18120381556975168
0.1699109812968545 0.17166976608118936
0.1654762518852085 0.177050060479862
0.17105250045338444 0.18121732694492043
0.1409984670331297 0.15846261750936677
0.19071251820842616 0.2033447773755238
0.15670057443317245 0.1760626488394881
0.17078099109210676 0.1809282866484513
0.1680805162093892 0.18536542419229016
0.16907762385930805 0.18892408293088828
0.15540119057346743 0.1719109745568205
0.1555380902557939 0.16696707444944808
0.19376853956649204 0.19766394425127212
0.17341173024901113 0.18502879660418803
0.19155998314508338 0.19263218263118123
0.14593371042793327 0.1638634898259934
0.17557536480149002 0.1952713739570377
0.17249724913409095 0.19241921455604125
0.16694855570270573 0.18017824157037116
0.1572460431249069 0.17232909217916936
0.18262676105514017 0.19704576641137803
0.19411544713449685 0.2091782258547707
0.18772363955449164 0.2013135904748665
0.1609346703356595 0.1677776193113895
0.18408298632616166 0.19597927190887265
0.1527723012044668 0.16420713837815373
0.17096251019068506 0.17991753897749618
0.14084646808405082 0.15313308052861677
0.15327387505180806 0.16333799387697315
0.19279254000784335 0.1988371261066902
0.20833088833333172 0.2155749613226523
0.16906496282164632 0.18566031180161374
0.1865211579630107 0.19749725575329252
0.18779685617342085 0.2090097418152875
0.15182372283523196 0.16519373729287137
0.19168877311386684 0.1792524632339905
0.17348282124313494 0.1799696722664314
0.1587376643119267 0.16919767440126546
0.17129277617972546 0.18646978029564903
0.17676944768362846 0.18157635675363076
0.16969654444559346 0.17749792534984898
0.18345072593368122 0.19507133371021143
0.20079073337882183 0.21494387075368615
0.1767822530184156 0.18628644799966923
0.18807279664164617 0.20019396350274657
0.1628398159792364 0.1743917376656019
0.1710079584980262 0.19127032254309062
0.16099892920676115 0.17305101107810122
0.16865474772656447 0.19004013477474418
0.17140044313312586 0.17861798845146862
0.1745466367276792 0.18503384143073742
0.17661785357505674 0.1965861943262214
0.15569550014252362 0.17301678398632556
0.1608260797281311 0.1745121284931445
0.18772115271497358 0.20676112777503217
0.15026433359060723 0.15720163295389683
0.17903444794033158 0.19642653942474728
0.17313982815715676 0.17697437099816274
0.1800700951419007 0.1834603145393422
0.1795269366413814 0.1935841809344008
0.15962708511607268 0.16501703856645397
0.16210277428454592 0.16531265726973976
0.17073438013122386 0.18100097731989792
0.1737427759659748 0.18347677987305896
0.16994681961525676 0.18406764373479098
0.17201325087691777 0.19168860659221076
0.16995733670710578 0.17677477450354567
0.14843497917967677 0.16409114359435054
0.16795453664128018 0.17607624373789277
0.17630086386469526 0.1818478435767402
0.16626042062328605 0.17373889520311325
0.18010669735841706 0.1892512631289623
0.16384914447018273 0.1852839313227721
0.16626987345456218 0.17549829280840126
0.16778284848221936 0.17976442601900544
0.1718023379854516 0.17530357460171564
0.16129673316901377 0.17142832198548277
0.20676188935166773 0.21362018226175264
0.20216383991489023 0.19783393656352424
0.1669045493570753 0.17375551426253066
0.20308290898577736 0.2109252276345551
0.17548627761212776 0.19228894837187202
0.184230873168501 0.19318831145315096
0.1492777924528185 0.17203280779405883
0.1682122653213903 0.17705780923207756
0.16187933627363116 0.1776788928486421
0.1766603732509477 0.1802090292385233
0.19761490036001955 0.20304387271051672
0.19984829605064636 0.20795831065126355
0.163115795772722 0.1680365667866396
0.15737473521836162 0.18222614083913843
0.16173222823619615 0.17558855365261675
0.15271706413592112 0.16341070252706347
0.1633417316308166 0.17797902938786125
0.17013433497459296 0.1799481507059995
0.18828291837821895 0.18865599557925797
0.17034125460713986 0.187295738635046
0.17554358128327008 0.18178988127135934
0.18345664483043977 0.18979411192720544
0.17576064389291235 0.17626265372473196
0.17364318611669866 0.18825757595572332
0.17941984680253611 0.19564031705637916
0.15754055941465572 0.16863066770293414
0.18810392301687162 0.20020544059279677
0.1545637001340555 0.1726452518958782
0.19301010137927938 0.18196173462166024
0.19068716817193618 0.19740456028716524
0.1817483562658883 0.20072757806979635
0.17666149824742453 0.19016211517142909
0.1850785345504875 0.19532417435208216
0.18379291542495219 0.19289439872829517
0.1972492144232688 0.19585298437373078
0.16982049092401985 0.18599446980076595
0.16457456268721754 0.1724543711469541
0.17100975508041516 0.18709584279068087
0.15534050571878602 0.17677114281043546
0.16794331021275077 0.182544001281846
0.19859836355068208 0.20598855115409523
0.19672139342918185 0.2056159398745356
0.14377925895166374 0.1595580352358725
0.1728381660732413 0.1775172911824076
0.18743611254134623 0.19252754580071108
0.16288860056236992 0.18395547809637486
0.1765643740484418 0.18176140009943195
0.20060065867495494 0.21276236287561212
0.16647875926380762 0.1789633357624799
0.15711408904088997 0.17409311119157417
0.19028929986422685 0.20285723004541076
0.16281500139387045 0.17693042029050499
0.17421244134014713 0.19116307268587676
0.1625356126051693 0.16983793245059903
0.16421670071362374 0.17870404185888283
0.15952051985718468 0.17868997979911244
0.17639397370892512 0.1895204610139247
0.1886903339989345 0.19477307663429
0.16403111048191787 0.17500715442418668
0.17305752673112465 0.18342642511600826
0.16125092982920614 0.1714223228630674
0.18732774053161896 0.19420527600433687
0.18982637955896953 0.203903979766491
0.1693326357151135 0.1641548725537238
0.1579758090718606 0.1740003782758301
0.16732290573873107 0.18131168331048572
0.15504883628104457 0.16888133540248682
0.1544983518465034 0.16485451410362967
0.1683328957960778 0.1802848334688009
0.16622122055872054 0.17601611849890494
0.18275640683158648 0.19565233226091805
0.1684490264229749 0.18030032641776828
0.18602358907262265 0.1942248696397896
0.1781478132582319 0.1820546423748593
0.15642172863834083 0.1665997602356156
0.18106140762504747 0.19943645348704303
0.156289983097855 0.16928699240924164
0.14870588392103912 0.159646078022759
0.1799416829255603 0.1853711044789582
0.16358430639045896 0.1736120978884933
0.17004987987830805 0.18612970262857684
0.17389417499490945 0.18628161220862482
0.17947744957320214 0.19861410565644982
0.1843362896790492 0.18470055142939723
0.19288712747653078 0.19956397746467855
0.18030418343439145 0.19293620082187177
0.17072584262372556 0.18439630852129787
0.20507750457489388 0.2141973118403927
0.2015935738140557 0.20777311235471724
0.14789436622916605 0.16621264424265753
0.16469469746029314 0.17866486999724807
0.20062665448829917 0.21732683954638388
0.17609925505161567 0.19034537727000453
0.17794495237228333 0.18692743045754043
0.18123996462604308 0.18694699596647024
0.1557314587028861 0.1741725651529823
0.21203696341635048 0.22158647980873503
0.16849891641257395 0.18109279650998616
0.19508882095639002 0.2017208256125545
0.1472949794897411 0.16166630620896186
0.18532556972046973 0.19630716018286956
0.20641292591488683 0.21745150593288648
0.16209109672163532 0.17459798266033513
0.17164761054987077 0.18030480231161017
0.17960553182946962 0.19418713039906926
0.1614931136600117 0.17543938257209446
0.16444675480847096 0.1783248446282455
0.15608570890252793 0.17119794967031307
0.16606406316522726 0.1749046661677826
0.1738873694946576 0.18377689477733178
0.17926834894064209 0.1964214358570114
0.1523974393864397 0.17137358446813977
0.17485716948867627 0.19104144009744004
0.1507608906291879 0.16320093081571652
0.16980081301056868 0.1881504034713629
0.18816432301523106 0.19833543515791446
0.18107122337125345 0.18119946411775045
0.16442732593138631 0.17579306136541772
0.17135637594218392 0.18345402830860802
0.15259712796869265 0.16567777380742627
0.17588932985834266 0.17976947476344682
0.17019531186567818 0.18143330066649488
0.16606630639425882 0.18034242470870485
0.15805718176920922 0.17127418161168761
0.1736658284084038 0.18617505428567338
0.20576102200821525 0.20771575069733678
0.1522508867096212 0.16740897584953643
0.1917242276060041 0.1997180378909094
0.17452178209847424 0.19192839435218537
0.17249779574952487 0.19535606418561816
0.1783758213010758 0.1894541903592196
0.17820431925584324 0.18143402753767965
0.16962224804444975 0.1785846585501091
0.1668376198322159 0.1879258349173737
0.21614667348904437 0.16989397359912764
0.1628584787115047 0.17229610984173976
0.1668326908987674 0.17143434445233927
0.17199190109511456 0.1780192083123822
0.1940652816792638 0.20563470596073805
0.17206967637929757 0.18188252728098472
0.14364464468601854 0.16197105500901549
0.17169639500792164 0.1782835234206226
0.16802174002307732 0.18959885389828313
0.16467087108166273 0.17672967984079296
0.1721513281136942 0.17481982070160754
0.18446466972642697 0.20139456979994075
0.16894167543390531 0.17601632010668147
0.14728277394834224 0.1629895382619242
0.1793736089567119 0.1706802335788441
0.17775897991885117 0.18275449685314304
0.1715099634861584 0.1725730513044814
0.19631676103942494 0.2096013468525739
0.1769819729728393 0.18797100435729416
0.16207860071637464 0.18170830478992195
0.1560696057053812 0.17121911658477393
0.1611495935745029 0.1769394566106749
0.16046654883680228 0.17563617394939748
0.18384821677592253 0.197525289969771
0.15961189561879327 0.1744511551250683
0.16771330440233828 0.18893531327089802
0.16423188296107272 0.1799930533013663
0.19266790748864293 0.2023588885674805
0.18580318060785486 0.19437223560489925
0.17683404214739437 0.19079360671775283
0.17328727215949674 0.18427857402041098
0.16724529601164576 0.17565130943308224
0.17085941396102108 0.18237496013384014
0.14619626744994624 0.15774092989652572
0.17135272336676718 0.18816560296113502
0.16301657914189668 0.18157880099910365
0.1647896445901445 0.17453471269921017
0.18909151285982473 0.1801406793969608
0.18494270769724058 0.18830114747878277
0.16335129480728727 0.17685751215979761
0.16509973567635797 0.1814386504499339
0.181007354356408 0.1597911987816562
0.1612059765605862 0.1780222346858731
0.19324607209511954 0.2096254008414216
0.19164149094143157 0.1954236416299517
0.1698980106856414 0.17725560133639418
0.15291403625203123 0.17325133869604006
0.16651739951362068 0.17482058390508437
0.17675743072880873 0.17474621199701468
0.18690672259574206 0.19300536834211912
0.15227591108544655 0.16358691768735012
0.18569504723472702 0.19521099226117192
0.17902154101798043 0.18060517412689403
0.14235381635301003 0.16506867823075816
0.1616932980779408 0.17541183884380826
0.162758196540591 0.1687804639278592
0.15819482290338133 0.1735992794620173
0.17712661833892882 0.1928493166636464
0.1521907230377762 0.16594174005053286
0.17279967091903492 0.17844825495746242
0.17266987485045904 0.18177453560577797
0.17497810657091256 0.18472315462994476
0.18716630160702766 0.19732116806722316
0.18491880103265063 0.19593987088028988
0.16883507171244058 0.1783426049977897
0.16609310323867238 0.17608295803323232
0.15278549808032388 0.16533117293380206
0.17870265810537103 0.1853584216959626
0.17202257040878866 0.18458858767518607
0.17785388291002996 0.17666964809308283
0.16003127717635923 0.16149919120623382
0.18103302674247349 0.18436139396325948
0.16068790588193102 0.16988215712778307
0.16373712504394947 0.1737128787773833
0.1573965294387059 0.17020270376611296
0.19515781394121395 0.19544142794509878
0.18953398469993712 0.1884291574932876
0.16348686844130733 0.17858289745870093
0.16385565161167612 0.1752141056633653
0.1833878806776941 0.18868031479046404
0.16382108767108355 0.1693967485710728
0.1768441648825693 0.18375923179841397
0.20567662051713007 0.22369215081955574
0.16090583345590082 0.16890214283642924
0.17522744560434844 0.17882510376879465
0.1694187810716841 0.17977452834547328
0.16403748880121174 0.17753735012620805
0.15979388816449488 0.17339853590400556
0.163011932418092 0.179243732006938
0.15971691134118862 0.17377551767732274
0.16455226475925572 0.174306318964857
0.18030297637283968 0.1726329375590962
0.15754211567550946 0.17120856427575215
0.16944450548978102 0.18215795671960688
0.15697887898108565 0.1729079480147277
0.1524573102456888 0.15901165529162017
0.17337215692568675 0.18016470363350254
0.17456427705105682 0.1800819997366748
0.2071750274339205 0.20763317939736026
0.18652703796054831 0.183115878825168
0.15880690170868159 0.1591563259246594
0.18353146518528365 0.1958678602008862
0.1891433740115694 0.1920497664858551
0.18717835052070061 0.18863356232514125
0.17985784386075648 0.1719922937309291
0.1769248547073201 0.1818563567809356
0.16825190964924383 0.17488282516962078
0.16238089228950436 0.17829975984770705
0.16319877145806938 0.17071732128263462
0.189543566888701 0.19161044258090426
0.15833690365234068 0.1781385852148742
0.17905560034191548 0.1810273591193048
0.14765539981374248 0.16630815466206772
0.15495638048340155 0.16779004235642586
0.16330689069583312 0.17592896136030037
0.20606514730138134 0.20513604131737392
0.1863423332757743 0.1892217151025954
0.17196204961198183 0.18839220380440463
0.1820015971695833 0.19310092715026678
0.177437111871761 0.19043998792782396
0.16244339691841886 0.17605855547473573
0.15223904707164987 0.16367505846751085
0.1737926660259734 0.19242461388562357
0.18611669485599347 0.1883629970955855
0.1733308242819597 0.1741579219662565
0.18056709562844964 0.19136138591230598
0.174295705619313 0.18492019318835745
0.17945120699127382 0.19288381248646555
0.1475441439779306 0.1645187122005854
0.16343465026795728 0.17945114312304106
0.16374976154372356 0.1784230373303662
0.2241821426429373 0.21817253569324027
0.1546271130881834 0.16994681183799729
0.17661619675129805 0.1896753281564852
0.18061305257324334 0.18805818954820727
0.1967590854862262 0.20517143861730888
0.16650743940621665 0.18474108509633466
0.16580393843701421 0.17576301841570457
0.17159793246401195 0.18477163613258898
0.2131782492109278 0.19853621881541142
0.16421537766302208 0.1757542652271149
