0.2176970514464105 0.22987939466588786
0.2313887133029049 0.24951418258084893
0.2229257023395733 0.23144023236326225
0.2454955019446229 0.2579445521320046
0.2179410468674009 0.23744131505417124
0.23217917919220107 0.25005755285626874
0.23392224426575192 0.24919065909921628
0.23157629483500392 0.2464316683937484
0.2292903820622264 0.2422661186713819
0.2067222578163547 0.22207171319147115
0.21584688850044764 0.23382479321746466
0.21514486753493944 0.22809771719264552
0.20877209996210058 0.22258850313728074
0.23453678533160494 0.24875161070689522
0.24204765455932617 0.2562630413837148
0.2380097091052283 0.24303614187364941
0.23265479873736217 0.24734037062414144
0.24466142666746332 0.2536694087235722
0.22560845776917987 0.24689660877698075
0.22794042657559646 0.24495288565772236
0.21500573340171827 0.22766813067145214
0.23160496418769766 0.2498174110585994
0.22592988344115617 0.23882276184976267
0.21333932181085274 0.23052985357141934
0.23583665701414236 0.24719161880671725
0.2217617762583677 0.23946619012038678
0.22961819903478453 0.24763725519206253
0.22898550111555588 0.23887207925247383
0.24100830957532984 0.2568397893698833
0.21461875592555588 0.23133950441655546
0.2196741855359965 0.2315104771806138
0.22550384206641558 0.24005054792234123
0.21106648074838927 0.22279548823735215
0.20640926538976756 0.22674006501845825
0.2309146648347234 0.2439851611403893
0.22299574531893934 0.2427516413610597
0.19631049209676502 0.2120023423863791
0.21266379920032047 0.2299278636707957
0.2242880306698873 0.23937179640797457
0.22982787706275096 0.2465036499203522
0.21033340046131202 0.23566553579552094
0.21419334816373597 0.23348189446429451
0.23291143374928885 0.24432295836281376
0.21569554847533312 0.22640384868648464
0.22647759688609967 0.2442582024167657
0.2229652795048298 0.2325445883441755
0.2365039148667615 0.25245938836648263
0.21813621354243995 0.2284552019319746
0.22623298901662564 0.24231226128441516
0.23242332998001092 0.2433326576640456
0.2063691990495355 0.21784875924960825
0.22397644219196758 0.24164505402550898
0.23230351034441118 0.2521744261155058
0.2286779020595997 0.24432698848849319
0.21418888228955665 0.22148267803831256
0.20876643379397652 0.2268262506303809
0.22609080945038973 0.24189149916190977
0.24212803287773985 0.25988861947860054
0.21320472192311452 0.23554269845571718
0.21297735364585724 0.22887275909071003
0.2307057918867333 0.24246465057564334
0.22550627482041458 0.23620073001010047
0.23083164160434216 0.24431756676369165
0.21232507795717284 0.2213852858130774
0.22938685293156183 0.2429137430513213
0.2198895893979993 0.24089684215845553
0.22975370406314652 0.24546704485081924
0.21820086749343057 0.2343121393244735
0.22678146477865255 0.24024954852498281
0.23783216848058142 0.2523014828686116
0.2252090685218076 0.23984225566865444
0.2340302001247495 0.2507432127284092
0.23001875179993758 0.24848517541321763
0.24294513995801761 0.2588892740995666
0.2275112510775665 0.24519092284214605
0.23178585967387902 0.24955778569101336
0.21558755863624193 0.22949600900418105
0.21398130907592383 0.23002061145986177
0.2279672214400213 0.24382302594584962
0.22698309093843871 0.2467076311262991
0.23920323538770522 0.25538268063600067
0.23044958746225322 0.2481865883825318
0.21918392021830624 0.2358569197477931
0.22616086299769927 0.24464415805949496
0.2369606945541607 0.25529440486943145
0.2178845979658092 0.23294528308370047
0.2199297372219633 0.23553423797245762
0.21796988412041152 0.23094647671215743
0.2185720247283389 0.2314657234672892
0.2269559638253681 0.23704753802059034
0.22015270184345295 0.2376246429190214
0.24268353600814366 0.2593818224596933
0.21629644154809619 0.22923505007616365
0.2217553828535615 0.23190167338193204
0.20801918449900067 0.21909541467702864
0.22476851945590878 0.23611043046904676
0.2316487451149085 0.2483608299917014
0.22489302557608665 0.23906723020088766
0.23301498738337426 0.23973916378112753
0.2153623574368472 0.22995113665015884
0.2208729097359653 0.2375845811176641
0.2165219399027186 0.22810944367882133
0.22760449172935726 0.24001510536892298
0.22712078865041135 0.2441473575299669
0.21629105647759733 0.23481617975965205
0.22686022695378333 0.23905979283869255
0.23208506685444177 0.2517377358880122
0.23042609018116808 0.24429097988192613
0.22831416264361465 0.24269456992706606
0.2369278514585022 0.2547268649476578
0.23809181332961268 0.25841236633087883
0.22405582065225918 0.24361491296905505
0.23052185558215074 0.24866476441704596
0.2219376472808799 0.23399073145414295
0.22671999679744118 0.2419170533830521
0.24008835901831574 0.25248665925306885
0.22530869136783646 0.2365221068365241
0.23128325928043925 0.24548526329454753
0.2103131341511541 0.22678544622911231
0.21483089301748368 0.22695787041564525
0.22375472971028665 0.23906218671602117
0.24029884973290203 0.2582193356486698
0.21477806825537088 0.22849651120490488
0.22630828966286143 0.24791174635187885
0.2357507586995756 0.2533697113699309
0.2276582857825652 0.24243610505494104
0.21711645561289059 0.23924370910712345
0.2319262082564552 0.244280306044946
0.231023150768265 0.24311559765542035
0.2320029887554585 0.24237587068520114
0.2159261233391714 0.23203006166781623
0.21771103346267673 0.23392312112138502
0.23550865930753492 0.25377941388342223
0.22760092223166767 0.2389834370072384
0.20108833341659013 0.214531825668152
0.21020780126155242 0.2199939865895784
0.2184380983061677 0.23187675475645864
0.2095175276483849 0.22274687437178078
0.2253419342389246 0.23949863058707863
0.22716723172586503 0.24758855283712364
0.22445572373303663 0.239600636298379
0.24816131133884056 0.26556849795026094
0.22906869909667676 0.24219506127918927
0.21198697648972842 0.23380443684239297
0.21772830059321116 0.2352763190366942
0.23504601946846299 0.24787739078198232
0.230293553935019 0.24125847484569218
0.22440302686455993 0.23773132303862354
0.232119151987801 0.24714379775737896
0.22466323253840798 0.23991936834548042
0.22745165498219932 0.2389471252161625
0.23550261336931735 0.25051460321173863
0.22824486362218177 0.24792974261236686
0.24791758286359092 0.26327186811383857
0.22133713335372984 0.24088728438985468
0.22381472210046174 0.23820935042420938
0.2244387463845005 0.23681982181192993
0.21458335519839203 0.2298926469120855
0.23047873092346013 0.24623108942263572
0.2328613098515373 0.24707104223057033
0.2276352722023281 0.24305900870319924
0.21965607098514622 0.23563444091994737
0.21210959597033224 0.2263215816919587
0.21119876015975883 0.22843122967200644
0.22149584811086823 0.24220653729347497
0.23515730399182452 0.254882911987502
0.22540583421259341 0.24148297345849548
0.24085951181224516 0.2588734538315555
0.21427013979613518 0.2313037376678926
0.24426226972644746 0.25665957570349934
0.23666210496174464 0.2534457913783969
0.22868712584083567 0.24431460137601105
0.2248758695440981 0.23820908631345256
0.21626154787136095 0.2358028742523532
0.22792500972740096 0.2495857936030264
0.23215466121782613 0.24896560525340097
0.2288312899763722 0.24026335075807218
0.21256343939227448 0.23160689029817366
0.20847211182370018 0.22145955965916225
0.2355639947833456 0.2533812688063056
0.22560666666166834 0.24916532241553083
0.21248782119873647 0.22837515279076712
0.23775881307779143 0.2503384205397499
0.24000347006888997 0.2529963698445411
0.22686798204677436 0.244912287383528
0.22318240579865914 0.23775273217400497
0.21814750626535676 0.23238210674440948
0.22702725472086616 0.24313917993901682
0.23890650506759517 0.2503010432530303
0.22556164859526362 0.23229631958811695
0.22481497610092152 0.24705420799616376
0.23472121104836163 0.2522429689723655
0.22033998333723034 0.2336489876380695
0.21751935288575378 0.23471967033518923
0.2164143811885904 0.23132663820433202
0.22011523121702842 0.23797165468452516
0.21858715864586872 0.23092192050552718
0.24296787872036701 0.25482966924957107
0.21136201572131366 0.23221006263053598
0.2188345543872597 0.23182615258156392
0.23435024757850131 0.24917852514994945
0.2286050676638403 0.24607246582181974
0.21522308917418048 0.2308600112894071
0.21733170378030128 0.23507768652026642
0.22553531949315053 0.24219321996390333
0.20604415051332448 0.22183504776032675
0.21841320648535537 0.229972435731386
0.22468939809194607 0.24322389329603122
0.2249986036937525 0.23924306077114144
0.2323935338955455 0.24149191151532823
0.21190387571579344 0.2244105025132366
0.214336435683574 0.222922525479847
0.21943515272550043 0.23195004441173375
0.22274816757415136 0.23670260390014197
0.21760018408776755 0.23177300734380848
0.23537312015246292 0.24871273449630976
0.2270799523230282 0.23756559879564879
0.22217579214978053 0.238520507350956
0.2196196578598732 0.24022119215068216
0.2340142080625375 0.25265813366948736
0.2269864404621866 0.23995133437308203
0.21970358273579105 0.2372367955405847
0.21185526081421513 0.2268747099593536
0.20888156146058484 0.22302994317605512
0.22430561843639463 0.24194011808047994
0.21319815843963646 0.2347370044027217
0.2248513688612903 0.24086050838049627
0.22033889355710973 0.23589531108217052
0.2251654848679247 0.2408389137079313
0.2165197212249707 0.22817017263428513
0.21543444261921785 0.23511024200732236
0.22370302519453492 0.242537344494338
0.22790186617767821 0.24617511471522782
0.23936277400074385 0.2542649545569845
0.2272405842162525 0.24053904380096605
0.21796822806456423 0.23378381696591377
0.2372666485277438 0.2518742825438089
0.2370500063686634 0.2515082784512843
0.23878682192515693 0.25776761038189444
0.22477265410635724 0.2391042877544215
0.2169943771284123 0.23440455425975035
0.21206480046071405 0.22950255711576728
0.20881129035285512 0.22482922436043196
0.22097810919144859 0.2383676167301544
0.22724497076910302 0.2458004670908624
0.22256808186762472 0.2391486765455196
0.20550099608368808 0.2205471223173786
0.205401408693025 0.22383416743264112
0.2263194860033484 0.24550584233944664
0.22923631991963053 0.2443037602830569
0.2302210509967806 0.24371835868845818
0.21998087740455635 0.22917592205902784
0.21653994388397585 0.23201000625330978
0.22057651999854003 0.24145109911346235
0.21861030045407745 0.23262872271874308
0.2254865023882333 0.23911930257144576
0.21165097443314979 0.23198771422147485
0.2300555964926681 0.24712719091301882
0.21166681440472007 0.2233114531071021
0.24285762034928052 0.259132732518008
0.21781289092539985 0.2313123787460856
0.21702661095743322 0.23397270492477482
0.2254681596587007 0.2338880470053023
0.22060669802349392 0.2377363049332157
0.21938316527897117 0.23517316204786798
0.23108619457111787 0.2458836157822348
0.21458598105043256 0.23042707904364132
0.24785360848678795 0.26802126780240554
0.24113562588362275 0.2563947957545829
0.22978139404472336 0.24445317460351984
0.22742929267867312 0.24381450315083517
0.22455353280244994 0.23561167488851498
0.23012528512645886 0.2482061033556474
0.21622897295944507 0.23379105472516973
0.2227107363068275 0.23676772523061598
0.23779335439181587 0.2544895620682082
0.22748321543759198 0.24080557322613744
0.22740182196993203 0.2424790027934557
0.20823348291591412 0.22538041087321561
0.23230769644485316 0.24935244029732484
0.22436215382984795 0.237976574240157
0.2288545414706867 0.24463342572318408
0.2181034961178036 0.23402647652416192
0.2375952136108513 0.2506353444488035
0.23599332556096325 0.24933087740037096
0.2297379936110587 0.24681135064991538
0.22954722002424088 0.24301282696241305
0.20992353106049644 0.2254680182952302
0.23145300203944974 0.2524791208858502
0.23294711509418334 0.24561599617418794
0.222904053110574 0.24089210716019072
0.22944224766235025 0.24154223311591122
0.22948290522160603 0.25346610118468266
0.22382403846169863 0.23218519086998057
0.21290248680328727 0.2343917374539525
0.22636626479058428 0.24169085512259356
0.2573765334092772 0.2706571749719874
0.20958468905957825 0.22792105647246905
0.22647723680718304 0.24485300320797354
0.21572025735351985 0.22669778978761929
0.23320100486855994 0.24951037040149937
0.2335361022568577 0.24657507776505283
0.21934172532491336 0.23403802851677763
0.21599514996408023 0.2286245472131445
0.2369106620449797 0.24607453895974135
0.22028463701012338 0.2384646223833594
0.22272591848795822 0.24017896115818357
0.22765278698645666 0.24739149297505278
0.2297067222930544 0.25242184110012617
0.22064166167781307 0.24122672163626152
0.22818372798432346 0.2378781312207906
0.22055685563106264 0.23352768365311544
0.23520872768322537 0.25004136775142477
0.23590184642665407 0.25126025455102147
0.2399384499724085 0.24974900742404194
0.22328880282315916 0.23529256600850082
0.20962536689457573 0.22374664809437456
0.21162902143776727 0.22989806961101059
0.2172772981689004 0.23439973947465037
0.21524991699101156 0.23696909586243997
0.22436416245043478 0.23495330087379906
0.22808008097795265 0.24282179732947726
0.22233740234698118 0.23933148652981032
0.2344986336722047 0.24761770043681913
0.2222979358145686 0.23432574563287162
0.2377281157018763 0.2503470989435212
0.20863514188034743 0.22508927285115368
0.22193904135279333 0.23509460898562012
0.2252505048847047 0.23331848737264527
0.21962913582572313 0.23216491194047892
0.23601098639262058 0.24711623243946437
0.2327120409838202 0.2519941719905867
0.21707888941381934 0.23664174712088393
0.22799156869989376 0.24360269951541955
0.25089758829642034 0.26287062743816647
0.22210585306718314 0.23903315589396787
0.2342798055190191 0.25059985721760925
0.22860331906983214 0.24565729700939873
0.2211751571398331 0.23770501902210037
0.220527920943655 0.23299593788822287
0.20943735360326168 0.22169626207967105
0.2336979507632409 0.247316803177023
0.23044870923389257 0.2480582129069889
0.22348267117687703 0.24124088266149996
0.21034655387220919 0.22197342275761164
0.2219247260039684 0.23121411724147625
0.22918826184391763 0.2439098943872887
0.22457347925955076 0.2434683654404698
0.2365387680665901 0.24812395044862054
0.21805146685904078 0.2421119804777433
0.22786844784773796 0.23913555499553504
0.23419224608877487 0.25018506082466
0.21262258359935599 0.22126906257678397
0.21694566556461659 0.23603236163208755
0.2142015777418677 0.22772686253991486
0.20675114961485733 0.2236468767950538
0.2254182261927865 0.24530248185091194
0.20934351632796183 0.21968601905311547
0.22222156430654658 0.2336087660007636
0.22465758871931643 0.23907128344798861
0.23582481105650355 0.2513114743438181
0.21451555603675612 0.22956609702281502
0.2122987547748332 0.2294876061486479
0.21858438969415908 0.22998434092125128
0.2315836479182657 0.25141008912311413
0.22821799048090768 0.24473089035225715
0.2298622966811692 0.25018799477370945
0.24057220452935918 0.2565687673061943
0.22977561481648695 0.239639646491969
0.21711130080813404 0.23175614434123504
0.22472257925895145 0.23548679388832378
0.22854404072174328 0.2471532556797845
0.2163210743492614 0.2262166083137842
0.22892879926200738 0.24349671661508407
0.215418759061336 0.22688346824124345
0.23259967032300655 0.2466242290193907
0.22972487804160294 0.24342721061323339
0.20418126136400494 0.22117636165184618
0.22941869876653 0.24429352192008585
0.2365973125921959 0.25384975054495085
0.2243590021423094 0.23804712543975173
0.22622235543004565 0.2360523628450762
0.23430735175442058 0.24625951797691234
0.2225126000937854 0.23481007551455196
0.2318868271641414 0.24772811168684158
0.22529176961049405 0.2429866480615647
0.22581449808875792 0.24451693522559806
0.2454183425484558 0.2611168590911635
0.23276558040653034 0.24877768968767214
0.239768590079708 0.25938548688832724
0.21642882397432764 0.23127481654013768
0.22338148209170708 0.23572648270522184
0.23343887842773836 0.2400072262566514
0.20702929550348417 0.21361328227252455
0.2333756020673377 0.24906737128594802
0.22892666380400778 0.2438013518332985
0.2188036354848975 0.23291238188994795
0.21401563758877282 0.23069278309508304
0.2237483682113859 0.24104166203274763
0.234431436177971 0.24416226571795643
