0.10523148827069088 0.11394737703445132
0.1417922014773174 0.15538601219565257
0.11923011396645175 0.12741211372280292
0.17242811693600973 0.18312242646291108
0.11548016063406126 0.12991127201669841
0.14076308626655032 0.155235428496726
0.138549807464721 0.14910214637415098
0.13572112798803926 0.14722743558946072
0.14343264580138035 0.15079580814526594
0.08862498909909888 0.10251078926234343
0.10791569076383237 0.12228600322718076
0.10665111720231658 0.11837839218836407
0.10552288363776587 0.11680111630157904
0.15788219912319626 0.1708012545655143
0.16851632414340237 0.1813657538719906
0.1410134523442971 0.14801013202224916
0.13598501809654578 0.14750286447482686
0.131645197080957 0.14180764647759103
0.12199271811984644 0.13555290052035765
0.14133078284023545 0.15457402385302146
0.10705434825216724 0.11634789469841428
0.14159807607812983 0.15652185292846557
0.13161575423813837 0.14163728910720916
0.11323893805181481 0.12703017878335374
0.15278608498211543 0.16097336405065352
0.11268847202667281 0.1268190093868375
0.1382048868394627 0.1512092297504431
0.13222600901478057 0.13871555110975325
0.16509176955168825 0.17933518429984158
0.11507738773574462 0.12336221768185822
0.10520715104578456 0.11209853134324965
0.11680554646987082 0.12360970720590803
0.10937729095073473 0.1177022481852241
0.08556536542732596 0.09660601351621917
0.1437221867045713 0.15222201228663626
0.1296026356551668 0.14428332254803564
0.08935492973204275 0.0983141804215772
0.09882759071818441 0.11031730348215334
0.13557880415932588 0.15014193402851272
0.14216503271823502 0.15239226065999914
0.10173210018143956 0.12050635224878373
0.10921706577404207 0.12387277159431569
0.1492395977471561 0.15643374178271405
0.10604472179014447 0.11475296289607045
0.12715167898443 0.1397073172321849
0.11608256715113506 0.1255972736041035
0.1459284464889456 0.1558505051918549
0.09844857291602697 0.10359289125814132
0.12979045278199872 0.14472438480889618
0.13152219725376726 0.14332514281171513
0.09950628419447737 0.10693558028634059
0.12651188293081356 0.13768731588242608
0.14200034554186222 0.15539901769476783
0.12595096316778415 0.1394698229797274
0.0999244747271336 0.10774926840650047
0.0973040386297055 0.11084888592854229
0.12043841011137364 0.13368826572393425
0.14936337351218976 0.1631631959057226
0.10496114152044639 0.12130543199318516
0.11918005185799642 0.13225002888676568
0.12730952292416162 0.13592294989193213
0.1285423714105938 0.13495884722144413
0.13095156115287704 0.14234751082520056
0.10145756277860288 0.11003698620204679
0.14437275243903927 0.1549854002029906
0.12163154303077423 0.13703245174376907
0.13256590427312573 0.145631618681626
0.11334451475757398 0.12613984010430213
0.11947782165707392 0.12989944499426062
0.15050620013536076 0.1642803160062757
0.1286150282036459 0.14206742244141857
0.1384644868499496 0.15471373797923987
0.14031625833092967 0.15117091996414175
0.1676821355151976 0.17968729807992898
0.14186628602975068 0.15592899382971223
0.14068705557444294 0.15690079357409997
0.10367709730899893 0.11212790641582397
0.11642074961258314 0.1297536375777554
0.1359746533285394 0.14632135075699854
0.12025266346956366 0.1349860192241308
0.14627438360837525 0.15988543799787877
0.13244334455154946 0.14631258654788018
0.11762857140247282 0.1317905872192709
0.1388529312826196 0.1535302941219911
0.15385150700248226 0.17108898259469835
0.11866022282549468 0.13077187731298287
0.12326011225643808 0.13366616239941181
0.09916545669057539 0.1103018015638889
0.11574527185375787 0.12420282235693422
0.10979688474033668 0.11520469858212405
0.11045634584418101 0.12342827045050654
0.16150060811174624 0.17340907611538595
0.11723010849324143 0.1269021558438137
0.10883425882303811 0.1165430527978616
0.09014039405825 0.09803965347995244
0.13095728510996069 0.13646853054724176
0.12121161234918981 0.13394242398186096
0.11921464053372649 0.12765990204130362
0.13604754063667387 0.13944616776552882
0.11180034516627815 0.11978703337662548
0.11804379224769511 0.13050233755501275
0.09886914602066751 0.10869719573026777
0.13740680569646363 0.1462605055367316
0.13201162307842718 0.14351524460962792
0.11915270924450569 0.13136750855954787
0.11410661956207113 0.12309519510368562
0.15197579721780552 0.16601362039130868
0.14494197685234372 0.15793405883078185
0.11801030110370596 0.12581346155783413
0.15159270097711144 0.16732908639138935
0.15206881811802445 0.16641771660126878
0.1284661986028483 0.14318190589304897
0.12865648467298843 0.14254162996726094
0.1091807479169244 0.11833448675655084
0.12778627924467445 0.13919103807082353
0.1390903133056028 0.14865966077898107
0.11614608108828113 0.12769399213386876
0.14182445102547045 0.15097764938653938
0.09600790038092528 0.10585603622435673
0.1000052775492685 0.11019258999791752
0.11695256256336153 0.128648847021007
0.1530363351612714 0.1683142287705567
0.089342796209411 0.09969877945279444
0.1284973173602484 0.14297859982452987
0.13477481057980978 0.14769538622482187
0.13320446667835795 0.14659330424294095
0.12790826452085202 0.14261790705357952
0.12799030900843272 0.1361269580469627
0.11779192867430925 0.1281525871210789
0.13083188071756668 0.13903112078045202
0.11368695055093582 0.12308496987261242
0.11902823173285754 0.13400215462883058
0.15071608554618016 0.16535691985248924
0.11376598002973788 0.12416240283814821
0.07603761651493803 0.0887358831388601
0.09687934690204285 0.10497037865405819
0.11433889824826857 0.12036225834720428
0.09519635484723842 0.10706579970983217
0.1392653331878601 0.15422897031142502
0.13560238544963985 0.15122883970026363
0.12120953061425987 0.13444750780442152
0.17117452207386277 0.18498951432035313
0.15065524793055973 0.16306641210050385
0.09395908640218956 0.10879843071244724
0.11616846509188836 0.12646025510664813
0.12796868802673378 0.13838606408942264
0.14097098479806794 0.1483177048790148
0.1301498470000776 0.14265590885004586
0.14835231313604272 0.15897239434371802
0.13650460799083705 0.14801028999112684
0.12570655607400572 0.13624431537382178
0.13939421038124916 0.15059500407090567
0.13797942304113145 0.1529941507236423
0.15431602948118708 0.16514502678274234
0.10670716136356416 0.12043902704577121
0.12386024927961882 0.13575387661778826
0.11243136639368931 0.12345215098320976
0.10023391219751508 0.11313357486986406
0.14491891620805497 0.15523297869497293
0.1419121820169626 0.15278331361293568
0.13125773792137263 0.14292898769970355
0.11560989052796021 0.12548212425266334
0.10244617384967274 0.11251719934740333
0.09631351679763067 0.10722898645090652
0.12065801449537604 0.13820777634381584
0.13766745268250324 0.1517247973036051
0.12830374744724082 0.1405583170383331
0.15475837092544814 0.17219718643145165
0.10593992845939032 0.11917989655173779
0.16027866939549124 0.17143797985067535
0.15901602943554713 0.1757615126118339
0.1286327837497844 0.14260056930826062
0.12465295553545397 0.1354383276986829
0.1168517385720828 0.12820051596954987
0.14569880720215372 0.16311124829198362
0.12499770292127994 0.13441777244376582
0.11446174548288698 0.12113730813627824
0.09400851825136171 0.10666819286872148
0.09128074062150505 0.09719049113071525
0.13824940146951134 0.15189668884379415
0.12927041387540572 0.14469424085321722
0.10516843322344699 0.11679219813979724
0.14561313746544471 0.15669423696256504
0.14344338695650022 0.15399933703388027
0.13134873480456583 0.14302309107365463
0.12348574225223541 0.1347378604267193
0.11546022865083497 0.12428809595726131
0.1239822429028586 0.1378922358702089
0.154250603893902 0.16471756135990082
0.12263643031132472 0.12916915832365863
0.1144479842318194 0.1319369597448343
0.1491709485745617 0.16288916738005527
0.11925690020733203 0.12851281105642892
0.12073249679658811 0.1341915678098818
0.10537490634711473 0.11535654958080652
0.1125581233873675 0.12592812037581014
0.11653284306238652 0.12628824171029562
0.1511713606754952 0.1605532645641173
0.092913778265161 0.11064598455655887
0.12010521532790935 0.12812033809626552
0.14725613218517825 0.16047871681405912
0.11269863178243482 0.12457804138917454
0.10028226758920326 0.10836974045221041
0.10994048380434167 0.12266021575494458
0.13019039449843672 0.14505270345667318
0.08810858789860829 0.09814711440220564
0.10289252679658668 0.11102030314240233
0.13579854238643643 0.15212108465714533
0.12663483711587356 0.13786083900056897
0.14174525690108228 0.14722777761610237
0.12216080053533299 0.13007158781000747
0.10798665577128237 0.11508848736161609
0.10983157643385563 0.12081569526124787
0.11802757501652075 0.1293094612014273
0.1085139765006815 0.1204979809151295
0.14648366647057365 0.15455453677007241
0.125116290661511 0.13172934911046202
0.12525928399472913 0.13812125225878577
0.10410026318244914 0.11889667402959711
0.14754954532572315 0.16161441309433777
0.12606329039127528 0.13481766529412542
0.10923850127015369 0.11747823483964522
0.10126046943594831 0.11253433968184286
0.09870003731556554 0.11204805253854772
0.1190985672845856 0.1330969187099118
0.12377253080932094 0.13640771812744273
0.12006930105060175 0.13269587320011939
0.12841673001591064 0.1381242381649264
0.12981533882668844 0.14167791199123564
0.11385391889969297 0.12488875570211472
0.1067195966550323 0.11980967686632556
0.11893496914134419 0.13192690639029309
0.1476527711080471 0.16294871504877648
0.14174545327543464 0.15379930473227987
0.13334652640475686 0.14321304299388793
0.116169716956333 0.13042768097070043
0.1447346550935566 0.15524872980981208
0.1434779459365178 0.15843130461621643
0.1417876197822816 0.157706088895044
0.11168285884569244 0.12450105206574291
0.1161694186979486 0.125801850066483
0.09753290666212194 0.11013794836843045
0.11284207799429832 0.12516489978706466
0.11194238542186295 0.12644981399296318
0.13001994198169245 0.14309275015526537
0.12607995007118358 0.1395998666406941
0.0857987814829545 0.09319883189518306
0.09292247583990032 0.1031931849483973
0.13616027284847954 0.15331159895973773
0.12945679944571556 0.1390487144227427
0.140608452710403 0.15423708188464844
0.12423870835712057 0.13167667565086688
0.11296694034105527 0.12247471247157547
0.09869493749907288 0.11407346307006042
0.11447283503571833 0.12526058937363518
0.1331225745288146 0.14248967252245107
0.10653620753704354 0.12100540184325874
0.15089345039305424 0.1666920728976669
0.10125154256489412 0.11104548322267849
0.15740296214780514 0.17002486158460542
0.12169276361548356 0.13516284007858503
0.11605910673305164 0.12838539362936766
0.1253173496674516 0.13268968198354544
0.1046707526070763 0.11657741617274543
0.10680399938870841 0.11622477086199542
0.13961287184664445 0.15115324602880176
0.09984411191561757 0.11228668852601967
0.16403245498366914 0.1752961109453392
0.16469021944527684 0.17543496285261254
0.1443244128340014 0.15707166045488405
0.13967108101171782 0.15186145932019562
0.12395346453169967 0.13154811888229917
0.13860897550935336 0.1542047375696835
0.1204988751350894 0.13550346388082693
0.1392466647481622 0.1525451232172947
0.15187285667839612 0.1654920472025345
0.12820863194921278 0.13884065377780216
0.12080962585079949 0.13151244032471818
0.09961375720471977 0.11409379396082596
0.15606418660038063 0.1696143895046938
0.13366270027383145 0.1426393449037377
0.12634061617603545 0.13881696778734529
0.12805727789872284 0.14044112893097943
0.1263429153612074 0.13668538802850208
0.14943490071686888 0.1614897644512269
0.14114806985796535 0.15539374555633356
0.12653985686094948 0.13834411295766794
0.09511846003193872 0.10581259519734751
0.13893143739362607 0.15703847823940953
0.1464222239241123 0.15893217906784182
0.12107713403768502 0.13522995477476848
0.12584690913338636 0.13459109958208929
0.12835017118425943 0.14475109126381866
0.12976153405565716 0.13924428502030892
0.10252546213766255 0.11596387688443728
0.1404809696504433 0.15304672932875668
0.19437705208235076 0.20833134355433983
0.10214424506940369 0.11277403863701844
0.13122905227462986 0.1438500669212767
0.11298917718026756 0.12491821909447555
0.12693137782889394 0.14150244865056016
0.1593874635412505 0.1695820425048298
0.09936033841198207 0.11109884425719072
0.10491063164806431 0.11555720391389825
0.13854106311610298 0.1477910630698621
0.10914678191465216 0.1186090982080188
0.1171104541116115 0.12814900023395145
0.1238469634834275 0.13773050086861588
0.12270906234691632 0.1399175157889032
0.11439926084381993 0.12456663718667216
0.11456459483588373 0.12014299269736671
0.10364578739417694 0.11627958196901789
0.15522858458437055 0.16880950711105178
0.1290317551999789 0.1423076712389675
0.17512272230181108 0.18536690811438433
0.12251720422862672 0.13090738785389855
0.09167151735127903 0.1004961507448496
0.11399459426619109 0.1290476056739723
0.12374056729280515 0.1337723566206629
0.1010926143986403 0.11549507069956348
0.11840428517364765 0.12878353559688613
0.11470344584466576 0.1252102061747151
0.1316643636602556 0.1443789786949586
0.13990097840592533 0.14607976542211723
0.11622507939244604 0.12649659127476093
0.1567502255078473 0.1670485003426117
0.10097113451702527 0.11480662641084358
0.10693647569347142 0.11967954831870896
0.12273202578201084 0.12987219094260744
0.13467377373460926 0.1416440344572574
0.12540270664126177 0.13486638057171296
0.13794646817813716 0.15229512094371192
0.10997902316189422 0.12236836370398191
0.13198752512550674 0.14297485542445804
0.16535368091801095 0.1730824489930166
0.12694705739672754 0.1389883960308421
0.1367977682098626 0.14912932913353508
0.1283676516120236 0.14321540224183874
0.12689459360372946 0.14030208109656006
0.1069137302795805 0.11789219800973978
0.09358672020084068 0.10014208311746614
0.14874733979741248 0.15637865477813082
0.14754063291807587 0.16488639563158913
0.12740400824221482 0.13818054796499044
0.09127420291073068 0.09550868412900008
0.13694135989175374 0.14902930839553824
0.13212541723158738 0.14443023238027689
0.1334549158464165 0.15020121919372384
0.13668458258016733 0.14284066255173863
0.11733583678946731 0.13533213007749423
0.13092384378000854 0.13932136459763117
0.15306403494890242 0.16522673886400158
0.0938801749623338 0.09985515519066075
0.11218370393308703 0.12390594087402461
0.10558144742465483 0.11453648879463864
0.09715119112235382 0.11094215060755397
0.13247117512493126 0.14223943945394127
0.08578092183402446 0.09231772145981226
0.1039922319462937 0.10992565097259298
0.12037498002735744 0.13187879651258858
0.16340340827600489 0.17752619728061653
0.10139310223670604 0.11223231188650337
0.10979124654591621 0.12085150297185912
0.11834396006652313 0.12974004999086544
0.15073253549914184 0.16741945576363418
0.13719115211051366 0.14953569090525426
0.12865948042475775 0.1435247073090159
0.15063691705105833 0.16287092785704788
0.12833459862000585 0.13529506511967643
0.12515707229424 0.13253344085857371
0.13122837202276355 0.13729561250358527
0.14076528763744325 0.15829501706362348
0.10434102246797589 0.11329001311390012
0.1337729972843889 0.14792994225707648
0.09400972360852089 0.10094044243636292
0.13772457016031708 0.14660133064312023
0.11672254821598264 0.12612917884296668
0.09527615023226993 0.10937045373992046
0.13055614696116086 0.13944115487577788
0.14673744769758518 0.1610139524875014
0.11018806533271329 0.11960890609458105
0.1208568829231423 0.12993219705721734
0.1333649929401068 0.14431534021117226
0.12506634379042914 0.13474972632016646
0.1481723422500091 0.16153540750886794
0.12559174517841043 0.13749375784099185
0.12410414457439498 0.13451581902999957
0.15481804315400247 0.16903808529098144
0.13811915957019263 0.14956943854330712
0.14653091277625352 0.1585352425623485
0.09519906974700643 0.10251342508752696
0.12586900967913692 0.13539794626817436
0.12789836597813242 0.1287180815866543
0.08293459936798286 0.08806460771910049
0.13091193593278352 0.14265599020809033
0.12802036418578264 0.13775526551010134
0.09986479656145514 0.109963447314725
0.10758049176705628 0.11998843832650907
0.10424944396114151 0.11725257856366417
0.1446014462138633 0.15210840601053455
