0.2522973304882953 0.3001728949249812
0.25825503253066723 0.300965562738536
0.2592777624883452 0.30718091456023466
0.24835191229722708 0.2943465127622538
0.25328484949222196 0.3024089020664751
0.2567569637816384 0.3007687111021628
0.25951897930081863 0.3041268070645738
0.2576086559030978 0.30308533342182786
0.2490371331007361 0.2943333907718871
0.2661993290283834 0.3058620470112628
0.28499973702907005 0.33050180393051426
0.24320362718639105 0.28591612969797836
0.2598548060034143 0.3053728364938916
0.25862732814052347 0.30777851776448417
0.27034421927501695 0.31659379543325483
0.25710519077261745 0.2942606137365737
0.25992471798827704 0.29840118790435444
0.2545058942585995 0.30048474256017826
0.2715811904372565 0.31083563757165594
0.2618574783598309 0.2979210889626258
0.266034605128983 0.30239365263381224
0.2644727255169268 0.3168795937920823
0.2602123896042049 0.29773937072959294
0.250180139163406 0.29903305776339795
0.24763935539844326 0.2865885468143349
0.2563198279222828 0.2889368886302239
0.2651663137842442 0.3144078454923088
0.26447734581870586 0.30179694543350133
0.26980094614004424 0.3223256674142434
0.2616714258705312 0.3098546359370697
0.25768318060416223 0.3019715754533157
0.2735706724607575 0.3187645507292647
0.2576784993605514 0.3031197597720874
0.25551821424553717 0.3205225801617161
0.27076411009890944 0.31854010828993357
0.25024613016649644 0.2973215653032523
0.25934861997056646 0.3046370568107939
0.25195891883634064 0.28999028684357775
0.2637450351614822 0.3106933636200475
0.2492830128337696 0.2910637013608824
0.26926243532755356 0.3121597900333754
0.24967066425901807 0.2806116867378396
0.2704641811668987 0.3035424223123331
0.26596864660394076 0.302874592062331
0.26721046330504694 0.30914127347906706
0.2702099737875109 0.32471407367246763
0.24928702237957043 0.29679984432176865
0.287094634770125 0.3238757125177682
0.2455364414264678 0.29285122356113547
0.2652225813420627 0.30337831366199297
0.25411677863309395 0.29532498787618316
0.24867337502802775 0.30094810463772503
0.27199845002593426 0.31140506031506815
0.2668438035525258 0.31710494907309367
0.26124350398962803 0.31007711148519795
0.2671566096222323 0.3060572431803413
0.26592273456396914 0.3106880711736953
0.26505937984401434 0.29948363322359495
0.2615958052844762 0.3011027931477386
0.25428504279888536 0.2931708379060998
0.2754373037100734 0.3263933858388725
0.2501159322470142 0.30663612700655335
0.24456779975320875 0.2837610907407393
0.2593822929158228 0.310252098750186
0.25219341791639044 0.30110231712068647
0.2527931753969076 0.29970740642493904
0.24914474414939086 0.2925593793766774
0.2526664826057834 0.3021220985747967
0.2613572072862646 0.30895630409235336
0.2628960384013333 0.2948925630162891
0.2510494253686247 0.30141922693262607
0.26320326548968687 0.3086384906382661
0.26535537016774924 0.3138791910027332
0.25545390326284295 0.3016637880064643
0.2412617022417079 0.28764421442602733
0.2763379642587905 0.31998191575512686
0.26575846278820314 0.3102445087362436
0.27950694374882123 0.322440114390538
0.2722027960866247 0.32263105198952535
0.28893905303293466 0.33426282048843947
0.2580640362334665 0.3122445099223929
0.26546653314091034 0.30594920241253143
0.26748841957515623 0.3105946662639624
0.2515809520697586 0.30524733375118357
0.2540931027743001 0.29546329708637764
0.25279736764589755 0.297518930856892
0.2782363467792235 0.3096094339293164
0.2524640548369419 0.2907412170685664
0.24938261680273563 0.3012537973806288
0.24240656475793626 0.2938838734390407
0.2601055667813921 0.2945158191536145
0.2512367687377151 0.2952247374456681
0.2504960601573194 0.29675533928991493
0.2558254749166464 0.29523812538672267
0.2763178466485284 0.3175174243494485
0.2562215317629122 0.3058309735762945
0.25294892130835617 0.29138961072851133
0.26992233085814415 0.3200512470285868
0.2714764663999511 0.32049700581018387
0.25233460196995067 0.3083176358250744
0.2656578299846907 0.3062591006197619
0.2539565224740413 0.2930178132023504
0.277140097847464 0.3245141672585588
0.2636305343065541 0.3106123534874217
0.25249733515921957 0.2915446247806956
0.261641877960105 0.3108982191615227
0.24337520297372334 0.2974633612961903
0.24640327925634953 0.2846817589581058
0.25422435694225703 0.29753108198993616
0.256424850207294 0.30933297217847316
0.25178061083190967 0.2839107463119448
0.255223602404571 0.29356914090688924
0.2497961027709123 0.285465355813999
0.25123537643378246 0.30164066282561003
0.28125053777575276 0.317199240282484
0.26648898998391907 0.3123351263597652
0.2594024509943763 0.31362764888218014
0.26007106445505684 0.31398166828565355
0.25482862347998547 0.2958423347905476
0.24554243629278724 0.2953609701023784
0.24584249232863745 0.2919495192965042
0.2637684725595566 0.3075676649136
0.2570938140395544 0.3048511677596298
0.26375602608640675 0.30827573237046
0.25661310306352275 0.29958064942239465
0.2789132056175018 0.31032382221264737
0.2544338363685999 0.301358838630862
0.23570425963645708 0.2758520997213809
0.2508131622047549 0.29898967126219483
0.25927336735157674 0.30131827291524155
0.25203478309906724 0.29459837717054094
0.25854599348736795 0.2982109895024738
0.2669891864103928 0.308304052192665
0.25820399478276906 0.29729020609286594
0.2726031867957618 0.31396746960475735
0.2502264778459247 0.29642713214056143
0.2710703577914753 0.3167877839930351
0.2677111987635278 0.3151690269134221
0.24503393823524128 0.29067946828660185
0.26576344798181306 0.30860576245617904
0.2575930906846919 0.3033433560361597
0.26753672110914145 0.3128715971848403
0.25870127399176746 0.2960544971429859
0.2535975628747498 0.2984600281975248
0.2653829179540069 0.30787477088070736
0.2659466823978414 0.31014055247478994
0.2608326785686539 0.3136855627367259
0.24785324364748806 0.29396672796853174
0.27111383025902924 0.30003455562106673
0.25751216050506986 0.3002777979278175
0.2555922386177402 0.30328727656988597
0.2637861244787962 0.30583833717367526
0.27670663161241255 0.32577767537036645
0.2786806614309439 0.33093452824655656
0.2484434207665653 0.30397366965971495
0.2569568559971301 0.30721611932914333
0.2625994577659682 0.3094559762297925
0.2656609441057829 0.3106555521761101
0.26407043734829305 0.3024555232338834
0.278686213363169 0.31568279239032343
0.2755710132918504 0.3197023675805775
0.2608196551034399 0.303107635784394
0.26458432047163905 0.306528688057071
0.2618482759785139 0.3085456715573936
0.2650986869371069 0.31182959003442823
0.2556157686504768 0.30317279102055406
0.27416136616957854 0.3165755800683534
0.27169312032081105 0.3162271952495024
0.2791340742071539 0.3315492191362595
0.2512329472060149 0.3031089305436737
0.259371109189792 0.2987603048890314
0.2770539948653246 0.30931015993557115
0.268098092266887 0.3162960156325517
0.2801032307969907 0.3227147356852176
0.2649972581888315 0.29845339311708574
0.26342209995603993 0.30921731909441497
0.26500924486495075 0.3058653320894033
0.2740578778485988 0.31288948351105056
0.26753955451842654 0.3153571249246614
0.2819734796160544 0.33381526282158214
0.2379290614638582 0.2945129878313053
0.2686714889884694 0.31316754930733526
0.26593490472043946 0.313096794754894
0.24644350107430973 0.2990872568372545
0.25276846192654157 0.2970550382856766
0.2561028559652568 0.30150410491435853
0.2619576800949178 0.30328600104754105
0.26182026190763247 0.29893028638126545
0.2654623467344411 0.31002828533906707
0.2592899339324912 0.301022435126492
0.23847750124761602 0.29398971324746825
0.2810774477185165 0.3231145751112907
0.2520530720311787 0.3015580241073546
0.2838672330109188 0.33222622938440105
0.27583975235063396 0.3234242926840599
0.25287045819529097 0.29998438612037126
0.24582574168962498 0.2988268814833619
0.24815918630434367 0.3030587363744505
0.2813870619961403 0.31636062757118194
0.27305461911524975 0.3187412175090473
0.2591816849907025 0.3009040701933319
0.2597094620559961 0.3018849683738164
0.29020254924701483 0.33294035613084094
0.25774301020342455 0.302224387779497
0.2508892981581497 0.2937695831329339
0.2732636017744952 0.318475916606306
0.254932014488583 0.303755253666305
0.26578067269691963 0.30348080312660847
0.25257480141489613 0.30120468150535123
0.29091463255023176 0.3208442685813536
0.26098684996799676 0.3040062239963336
0.2447379034410505 0.2892331242361054
0.27128282427875355 0.31121485998223575
0.25267532536892545 0.29468097723946574
0.28939226506662996 0.33277254598068107
0.2656556515112935 0.30888035821549525
0.26025219588595605 0.3083658011307685
0.2745181799489779 0.3133527425090564
0.26404339777840385 0.3049477234465294
0.2619294406898555 0.30243309379011
0.2796918879494743 0.32171091788929534
0.25062836224573143 0.29021246668139755
0.2772720391900376 0.3284413711885943
0.2608896796981513 0.30749707707601315
0.26912481707837277 0.31056631102106336
0.2567150545260627 0.30655141886596565
0.2818938750202357 0.3288785017146842
0.2685135332250662 0.3193065616977404
0.2682239581631111 0.3155232774245655
0.2687020414148283 0.31148727185797387
0.25660248140686776 0.2901368810805144
0.24156094667734393 0.2976983031266166
0.26191310707816556 0.30819096383721944
0.25748692787561933 0.302056951468618
0.26358427823047986 0.30663968581919554
0.25583897255220533 0.29881449117681774
0.2751998147035952 0.31987425697397737
0.25694612296735364 0.30705285004695926
0.24187426717356753 0.28714414004655225
0.2738431782481184 0.31679046734715455
0.2648181728602545 0.3127513711459775
0.2561403095605188 0.3029568661595581
0.26176635771687445 0.3090729317000121
0.2477873925663566 0.30160389455148384
0.2662038428694886 0.3028432187033548
0.27384350833424126 0.32358160843959904
0.2517059733673477 0.29669384414163724
0.2507262011492648 0.29785746026759274
0.2700753817254514 0.3108703141879791
0.25669535052862347 0.2960783240664973
0.2775242126802139 0.3219653751031315
0.24895747320475858 0.2913650514499322
0.24836683522735475 0.2895238025214401
0.26332074300383146 0.30483236520693807
0.263113960232277 0.30913346672077796
0.2594324242281552 0.29796349034892616
0.26543952012707983 0.3013907006475575
0.26828515748012544 0.31105390398224386
0.2545716896990255 0.3001120558806204
0.26678307052004974 0.3139590199746484
0.254660978320131 0.28946626858349983
0.2690640667566089 0.32025770413015786
0.25975738489276085 0.310742694937843
0.2607014220272635 0.29692172768809955
0.26986596852989375 0.3188487570570621
0.26922737156710114 0.308599989328892
0.27948646833513896 0.31967840631668387
0.249355413725244 0.2858418309610413
0.2614334787397215 0.3056101570143771
0.2632477861058488 0.2987811271031756
0.2787648920965555 0.320899430929987
0.2632574144940271 0.3107345950371289
0.2526523419702815 0.29624323866957797
0.2822504839303151 0.3265968851137153
0.2746774057194132 0.31490529845076104
0.25062698265257494 0.295846620387348
0.26306544988091735 0.307522756105591
0.2773932339683045 0.30653246622117775
0.25558478202161583 0.3005998469610561
0.2615654135249307 0.3123417740288761
0.26785458128862577 0.31687915367643715
0.2603446173380444 0.3144115270639679
0.2634494458524707 0.3043122979261181
0.2607718800288544 0.30227943319366823
0.2715569690752048 0.3105719361643859
0.2625807621812393 0.3102425818537247
0.24563196346293883 0.29427834744727355
0.27775296148348655 0.3252621933630181
0.26807307245123096 0.3091995932125907
0.2580649168897734 0.3065181032405098
0.24883494185726276 0.2902819391428823
0.2654878116180535 0.3126140216417948
0.27576019025690274 0.32502088908854493
0.2645350124002354 0.30326562126932544
0.26593105782587306 0.3164977933923959
0.26242376112193283 0.3035836293416224
0.2563879055543046 0.3013027098542674
0.28181457336271865 0.32664470161756726
0.2680719685642047 0.3009836617106651
0.2595504887004471 0.3163930683141327
0.2500025194802531 0.28291384595578906
0.2722417541323041 0.3107852599077507
0.2529679997718608 0.304480001556584
0.2616515191624451 0.30459990350996113
0.2752665665958617 0.3138786383094687
0.24657403494764546 0.29019246481085764
0.2562945647173601 0.3046955761938275
0.27583416141044154 0.3130957839316984
0.2771205964041391 0.32714345501727893
0.28950766469712225 0.33126648656168756
0.2765980772221502 0.31919386717257525
0.2555088935817749 0.29679807227301575
0.26712225695193637 0.31278960733618577
0.2668835262610633 0.3072710037589103
0.2705659706731533 0.31278071934333135
0.2709394628676244 0.31044318233819096
0.25513477735024687 0.30480495347802966
0.2694786583416762 0.324717472035574
0.25893611603852584 0.29367087427734256
0.2521426094154877 0.2888926595949157
0.25202949631148414 0.2937547363510179
0.2573736166571343 0.29715840878106003
0.2723847341463221 0.3033086893828926
0.27007187661936216 0.31920988329593775
0.2623641321594202 0.3113432019071652
0.26211241404671914 0.3072901414176749
0.2815564820972122 0.328611626178072
0.2504206461946808 0.303168049238975
0.2450867170810348 0.2902653490539311
0.27232581863013067 0.3142821059340777
0.2533359854463825 0.30670488401579693
0.264634507110644 0.3093374621976908
0.25026978352964313 0.30164136316033896
0.25423411968806464 0.2952057211258421
0.2679599080317863 0.31964059598610983
0.26387391654068015 0.3091250860365485
0.27055116621680925 0.3113267520444198
0.2330773635317206 0.293750652849776
0.26414866025558875 0.3085319803568202
0.2556088380711362 0.2949411129137041
0.2640208827205556 0.31348917438364293
0.2535873381459178 0.29312979167444575
0.23269717719562805 0.28043671862623365
0.2751593745273494 0.3069100819359572
0.2607305837289094 0.30628167194172995
0.26211171845889336 0.3062790801760276
0.2755861018029073 0.32531660345886865
0.279753940559621 0.3132568621946807
0.2560002326034373 0.3012768276251836
0.27633372659922256 0.309399637758258
0.25299074352027623 0.28452680971832406
0.2823876100423088 0.3252643447579095
0.2565528609383849 0.30001353739168984
0.2569229267729073 0.30662708784117026
0.2504282489816863 0.2914606478080993
0.2688610796738821 0.31871854268185584
0.25559149480173776 0.30676032894882216
0.26827288135098504 0.3101737945431946
0.27135494207183875 0.3185357536664615
0.26890427030086383 0.30586183501707376
0.2705713035048108 0.3135793001655305
0.2578766884506936 0.3033087919315298
0.2652313137602859 0.3137542681336408
0.28004442399481594 0.3316537673425285
0.2651143261884694 0.3167066100072706
0.2521432836813621 0.30224581517878407
0.2669679461838003 0.3071820756558571
0.24673802407372378 0.29813020130199147
0.25641709354725795 0.2928075355117659
0.26797180864634135 0.3139206066414377
0.2690166061691979 0.30222712665709656
0.2776183395033762 0.32031929366783213
0.2629446978301726 0.3088916608697853
0.24625398759644493 0.2983704424270964
0.2586612590897368 0.30710949840426505
0.26268612939293917 0.3108963181218321
0.2540826196346618 0.30406760903121444
0.26521283425756426 0.3092006501421467
0.281915407261558 0.3293432038308115
0.25100611163518743 0.29148099232314956
0.2564957516887026 0.30231282059325004
0.2724708336441248 0.3144403790829684
0.2525577874892247 0.29401611752661516
0.27360807226130784 0.33000992161239845
0.26195820609315584 0.3080930873688895
0.287109815675559 0.32005684416247876
0.23893949357928598 0.2791722502566853
0.26602494553111 0.30274188456562334
0.2700241661821784 0.3150572292632107
0.2505174563636645 0.29690218128906115
0.2744346799676197 0.31490093604328023
0.25500597575205447 0.3043591733620883
0.24962922307580365 0.2931275281029936
0.24821279596520698 0.29700750279885285
0.25466897019858076 0.29925784659795424
0.26519334610374495 0.3126242625150404
0.2697796262353716 0.3252298716411427
0.2536854850159387 0.3029901411493607
0.2821360226986207 0.3246609731599559
0.2665209594788896 0.3046669282086432
