0.138413550282346 0.1717021776649375
0.11869028658033759 0.14452197614483359
0.13080646891193778 0.15129237828990896
0.12347593593288712 0.15125867813755758
0.1693330095917603 0.2054428175467175
0.14843365420097018 0.1750459366762912
0.12264744209334874 0.14642467057851347
0.1419012095450542 0.16635592944830227
0.1284523747504762 0.15711537672685022
0.1410921020501643 0.17058851785770535
0.19091454407478486 0.21718118786331392
0.11829791894731194 0.13898530086464672
0.15638943731413296 0.18775795235326528
0.15035876676709617 0.17894351179405119
0.15812895771968147 0.19032739904785426
0.12336563162152456 0.14438482626112586
0.1344922195886683 0.15958995606699533
0.12673220929943546 0.15610848219636006
0.17517077755806532 0.1954621257589782
0.12148595938186932 0.14392218637287355
0.15705373563749606 0.17411422258324258
0.1650151033423101 0.20044518037838416
0.12784775255158407 0.15248087059702775
0.12686404225998807 0.1533973056525465
0.11550486050438495 0.14114157543139258
0.12102325524045256 0.13832890197215378
0.1898998415440462 0.22524001209212896
0.12555659908598515 0.14388179258385028
0.15671341872205952 0.19185531725028288
0.13418144819831304 0.15989209456305614
0.1232512513183491 0.15054817425031522
0.1550191864035897 0.18198572069919433
0.14957001776665652 0.17848988566538243
0.12855533886277967 0.16668819659957299
0.15898016080453756 0.1934690990993774
0.1256150743469258 0.1553397234946698
0.14255620416930243 0.1746860425657
0.11803807484252826 0.14171063708027745
0.1467104998972881 0.1733088116752108
0.13689389605202215 0.16123037490680014
0.15328954160853742 0.18083004007963852
0.11984327294774154 0.13747395813836796
0.13971382942860236 0.1549952949875991
0.179417713868231 0.20249177712841418
0.14659108771622587 0.16922261601407784
0.1683407659531288 0.20365668488088973
0.12856157030072893 0.15912962307886055
0.170028237743302 0.19840398321561104
0.11656762484730672 0.14234692402011842
0.1525199235886657 0.1787105986636466
0.11583691746863094 0.14347447595181917
0.12914510143456798 0.1578906314608384
0.16720814315523286 0.18893982323444072
0.14239482064180442 0.17175387758152788
0.1443260210603632 0.17636112360431172
0.12764425458751996 0.15038312984691313
0.14405588641243014 0.17081957976679574
0.16361769339411206 0.1879307225560326
0.15073439191655905 0.16823601766264598
0.12245606082523332 0.14731540783189082
0.16948227620140902 0.20356578017859245
0.12696182671702647 0.16002232546367443
0.11087634240622261 0.1321427518116933
0.1558419636450617 0.19141033421557985
0.13358755356714205 0.16266154266330088
0.1354650813855725 0.16297342797225542
0.12421625077592398 0.1540338419506213
0.12009706838748688 0.15091925739211054
0.1653047784693869 0.19943947650637028
0.13413645704852145 0.15072887974202978
0.11896720610254104 0.14521085573435077
0.14181677269800214 0.1665836218611376
0.13477183612301918 0.15977443654067683
0.14438232419832447 0.17322409766830676
0.1040310261405681 0.131080326900493
0.19849944530725364 0.23091802762212818
0.16964950338188023 0.19707921890787725
0.1889365027664547 0.21216264255707817
0.19028005378943877 0.22528138182716115
0.18422060074363336 0.21228432665905156
0.13681231015618975 0.1685522383349567
0.13929031442413767 0.16580980023202732
0.16498339230322576 0.19925107677063283
0.12909354826811534 0.16146901958714915
0.12072776019295164 0.14468869994102676
0.1277167639416666 0.15509117627745692
0.16291081122590054 0.1848569532821573
0.12906985731671913 0.15084775786659124
0.11635478611404722 0.14889856801330142
0.16261179869246709 0.19699874775104204
0.1423230886411483 0.164299200877385
0.10991710808913 0.13624116737890485
0.16865137890935286 0.1981917828397311
0.12137816584201508 0.1434445444416494
0.19414253383379854 0.2197043138599806
0.15752824398099208 0.18860308424802122
0.1144253665864892 0.14094723769029718
0.1804116508186121 0.21672723386013149
0.1688024800387531 0.2066094387970438
0.1423717759774136 0.17462037926916885
0.1370696804265542 0.16637545255931474
0.13151826748119275 0.156271446108745
0.1841447232974465 0.21616390130203395
0.13785388105467433 0.16474298916660973
0.14920472047053251 0.1766008437010949
0.14357519192558588 0.17063457632702073
0.13067223358786242 0.1576823912811844
0.10472032791532652 0.1261767707589856
0.11167072929651628 0.14039940457390773
0.13569153029394077 0.16752835887482878
0.1211971086350459 0.1397311798955338
0.12082483124758933 0.14671218863230892
0.1139313938715734 0.1356340672308817
0.12540599143874012 0.15045068856626237
0.1941319078510256 0.22101633898632211
0.16551826829846758 0.19620221466738597
0.13651501486804105 0.16932832252834787
0.13402966480905665 0.16721267292184314
0.12518927699861623 0.14249658304973611
0.12833116411317758 0.15978002891344129
0.12828620797343673 0.1527118513825784
0.14139378173315098 0.1663935515098563
0.140317013439248 0.17103871937425105
0.1338146122341856 0.16361247012094635
0.13325314523207787 0.1629795619253912
0.16210508111409977 0.17970786076894454
0.1482187189925786 0.18270191161058164
0.09881203499889418 0.12288488443901996
0.1350417891085469 0.1637091139424673
0.12023245081960471 0.14646657855120998
0.14239719318851107 0.17282406893413993
0.13231800354782516 0.1603445381521377
0.14897304995362567 0.17626668412801236
0.12565106936147527 0.14330265785598617
0.18224600883328793 0.21481597164253127
0.14091259197810466 0.17246351613559363
0.15383078565430663 0.18136407787815903
0.1653843512943883 0.19242835894330043
0.12311026852150676 0.1527790143487699
0.1643459776941999 0.18894904979722388
0.12795018463885763 0.15778076138916275
0.18193587002317435 0.2112042942295341
0.1447106029147312 0.16652759820515553
0.14160598247491746 0.17229735532231022
0.14398949399952393 0.16454130185796842
0.1398619529656342 0.1670514750071277
0.13250782606898856 0.16123970603106055
0.13164898706009756 0.15867903482790427
0.15878210387969435 0.17550260913233592
0.14101951174707106 0.16776647257766408
0.10845001464057875 0.13670723177462787
0.12832889468675504 0.1493918696322336
0.16358232529761338 0.19556414928328858
0.1755703166798858 0.2112228006901539
0.14126076260282977 0.17797173182282733
0.12734469549779348 0.15599865871961072
0.13811579230818255 0.16026072892527224
0.15278593856637362 0.1793698635485134
0.12851376418368568 0.15673323424483018
0.1894760891923582 0.21287396419932475
0.18369018296121475 0.2099910799923685
0.1625688385215416 0.18878763407395774
0.13882927332569128 0.16905189627025807
0.15213998035179166 0.17887403256472323
0.15584001301594658 0.18957017114277178
0.13610044317632333 0.1636602875107396
0.20673989516540422 0.23954586737522285
0.18912389229450785 0.22193933401352384
0.1718285347091632 0.2120002799693526
0.11755873215711661 0.14814893003260807
0.14785692880936546 0.17467435572046794
0.16309912651579803 0.18329560130015848
0.1577493108665177 0.18692971091866453
0.19049668712188544 0.22380322201457847
0.1545109478492351 0.17708123088916083
0.16860473255777694 0.19132987728985754
0.13863508788935947 0.1690750327826896
0.1622534645684596 0.1867028908662706
0.17927792263785144 0.20956908156301898
0.1747148817422825 0.2070445357481113
0.11145550912023736 0.14523725714425698
0.16345112144497387 0.18798017469568468
0.14552275572888054 0.17590628301713454
0.14325314857783522 0.17773101712578332
0.13041564334612774 0.15938645280795344
0.1276755800121276 0.1527179660125519
0.1352778078351545 0.1533596180910915
0.14203726195551755 0.1592232031498482
0.15797631836328715 0.18088732130288046
0.13580783414788672 0.16405752380993627
0.10189899467473224 0.13383245570881472
0.18682274953064082 0.21425797352288298
0.1443298922919651 0.17961311168332614
0.2008448705523519 0.23304164530396104
0.17340528372158132 0.2056654815648379
0.1295502602501205 0.1553403588882587
0.11042566678297756 0.14132843207146362
0.12211202157364007 0.15186637804208747
0.1872351766982626 0.20844569162144658
0.17656094088088062 0.20951403851064485
0.1568258128359856 0.1835446924386019
0.140230171155827 0.1665336301412781
0.2097637486863008 0.2358483392648387
0.13801801355550153 0.16296493998123082
0.1305924411058001 0.16039632811335372
0.15519971944830555 0.1806278400885396
0.12820718117890004 0.1592670410524319
0.14402367206672936 0.1642062557604034
0.1426020409891256 0.17393355801619956
0.21216613649933086 0.23561120014386924
0.14131031969609686 0.1674736745689071
0.10289494903799272 0.12901333957906944
0.16349193412796706 0.18625451373330015
0.11949169565789138 0.14224881976472342
0.21139509565993755 0.24337021715094925
0.1521831437358309 0.1754725417968291
0.1576124323098559 0.18827406266808464
0.1725297886241578 0.1943271199135302
0.1684860787576723 0.19583401475545215
0.14868243401635348 0.17355433342480328
0.18742785445009472 0.2180429163126508
0.12356117650641248 0.1503222697362535
0.18471887275074214 0.22188324509079055
0.15361751795511028 0.18202208004941553
0.1419736806473965 0.16816431140789936
0.13489925879575954 0.16283588660774892
0.21278146302728942 0.2427245892053295
0.16086676950998458 0.18920061007424838
0.1456157009967374 0.179925154999527
0.17871704713489905 0.19925078149833042
0.13451491073680696 0.15555281014541236
0.11425364219795511 0.14591497940914222
0.1581338505209856 0.18975480948633008
0.1267028294437334 0.15555068612139455
0.14490361725747972 0.1714951005434819
0.1321257085534382 0.16291793611975278
0.1597730572394496 0.194097582039917
0.12588747494656638 0.1560869710187519
0.11712845544042358 0.14506355640322818
0.18247557378686252 0.21399995094488325
0.13164469723312486 0.15909427152193548
0.16948304033216297 0.2010045923415475
0.17962008968027873 0.21337829532283212
0.1387180555580794 0.17269179127846862
0.1290307806989214 0.15149357565230448
0.17963500426643642 0.21210264776655172
0.13142559034958695 0.15881774294031087
0.13003940541103906 0.1610993495600463
0.19028651605097824 0.2162378447446949
0.13454981806937724 0.1608965443836168
0.19981380022575299 0.2323891026696785
0.11783220991004037 0.14451423031366664
0.1539962977556935 0.1817872423336279
0.13477082551592462 0.16468780632444857
0.16833102129365646 0.1950179830474109
0.13161048181755242 0.14860386303064427
0.1456876835122347 0.16773424875956588
0.18063681869413248 0.2115139550676041
0.1237247816039745 0.1525007930663962
0.14614410401723127 0.17298681358981516
0.13275729210670306 0.15169652519281518
0.1618248420094366 0.19884041485184106
0.1456960385325153 0.16825896738033366
0.13910577129827612 0.1638283328202176
0.1738742610268692 0.20118797146865677
0.16596851673960633 0.194737328257119
0.20328052144864936 0.23314382628249794
0.11529522018696828 0.13457699613614113
0.14537003205872873 0.1676897135159226
0.1411824477987371 0.1580409300050436
0.1984482599959812 0.22320571893388413
0.15061422484702222 0.18226160415311835
0.11221338309886313 0.13604340493216868
0.1903536945801271 0.21986444848351605
0.17146246911318205 0.20382983573837396
0.13520496267293844 0.16531638335805918
0.1568880777912133 0.18976619205069767
0.1657487018069497 0.1820099763752819
0.11811759511023391 0.14781642752558807
0.15048698000887492 0.18205413549598012
0.17454894852162797 0.2092433879821936
0.135220222230984 0.1647808856663558
0.15173899125041376 0.1738994952728595
0.14147310049336098 0.16559789105374623
0.17462017864181706 0.1940197120526337
0.134182406864241 0.16523635685682392
0.12563035565766228 0.15444573109950266
0.15841205479834228 0.18255167970193442
0.15438475454432118 0.17827649784455285
0.1308255239668441 0.15861530625602902
0.123826038330796 0.1484781527066056
0.15816764800904892 0.18824128242626242
0.15054789237328717 0.18028632714036988
0.13928436931117696 0.1598098547383696
0.15464749346101297 0.18521628545770166
0.1649493189340801 0.1920273433894034
0.12855226291418895 0.15406299389919292
0.19459502887091926 0.227999874753559
0.17266747326679163 0.1922183018303326
0.14999435495445565 0.18267648377978787
0.12785375924229098 0.14810430834594765
0.16257880538536856 0.18576018989421997
0.12956861326115773 0.15595791248204297
0.13958109450974004 0.16262888679279405
0.17962782178613204 0.19811978331122132
0.1136146982543983 0.13981634004181875
0.17367700960120472 0.2030643765611842
0.18199035760899804 0.20647178244165282
0.15996941712982085 0.1960579724459008
0.22030932044639442 0.2541690644102753
0.20149286242483344 0.23452886036825843
0.12174204110432753 0.14767412192812024
0.15152144741390594 0.1775008700106724
0.15128944107321685 0.17555457865956425
0.16982007231843968 0.1985857833465218
0.18566604968343894 0.21326889005686017
0.13820936705555942 0.16232418801656254
0.15275641649132007 0.1926280424416215
0.161899437181831 0.18259362834896875
0.12612294373503763 0.1512423932542276
0.12648358554322567 0.14900610872307485
0.15770012295123026 0.1815256286435785
0.16344324180354525 0.19121793497887937
0.1700232700771524 0.1987062421782876
0.13965873157072067 0.16898235341823212
0.1320813075807168 0.1576956126507569
0.19882088110834578 0.2291605406972355
0.14859212969798125 0.17991464319329803
0.11856708034364251 0.14088567026241366
0.16810643012981277 0.19136406582265056
0.1410404181949669 0.17386865860148526
0.15129513287920973 0.17484547174252552
0.12268151508837577 0.15262232866638153
0.14045139501084225 0.16489927961428924
0.16875432705932694 0.20609188313632354
0.1704054681340733 0.19710420955713825
0.1444116793128481 0.17338045214870598
0.09889334856192086 0.13758363156113262
0.14967428264545232 0.17878744300914534
0.13366347371936343 0.15849909466373227
0.13627132345389184 0.1632369337034704
0.1200020564971719 0.14384788872239407
0.09408290081767605 0.12137291447778821
0.19337802563992007 0.22059511090910766
0.1538141425785385 0.18122423265594284
0.14948340208547115 0.17192688628693703
0.16698275253906547 0.19709015196784546
0.187388680906955 0.20377893899824762
0.1487714368481301 0.17925520103795264
0.18314315180759255 0.20516908060390815
0.11271132321514182 0.13139202730237876
0.19783050973003066 0.2290682867034492
0.1369319532811304 0.16124697478977262
0.1401234197306669 0.1693819122201851
0.13459726270868883 0.15997626350627736
0.1457383012074415 0.17412228295825802
0.15435042656954295 0.18137639574376047
0.1532687072359939 0.17886523125819287
0.16492401210226149 0.19876606971834718
0.12590987486648855 0.14560209805667806
0.15962361886332754 0.1886878907567851
0.1351217437274668 0.15900555800498395
0.1583004104048795 0.19043143799957288
0.18401930211737177 0.22218220768472086
0.14712055814736283 0.17513267978556066
0.13287096631280554 0.161716879950051
0.15491821835688396 0.17922924534352713
0.11739033526947347 0.1466222310073215
0.13916369918423935 0.1660068670279644
0.16252772076673516 0.1939389033451047
0.1528216975282026 0.17872432191527063
0.17950567742253534 0.2090349934348256
0.149976595803383 0.177669326765163
0.1531982003586544 0.18382232312896565
0.13779359996743945 0.16676777112474803
0.13375790588825034 0.17002393653370595
0.137064583505816 0.16353145046987103
0.19377952859958278 0.2188462711368721
0.15868399350788404 0.1876716070528643
0.14012450336349822 0.1623798472333385
0.12881263855885522 0.15231583406044816
0.16417459644674326 0.19237237203621874
0.14763851274700274 0.17166054030689368
0.16785497627972065 0.20318149797515975
0.15627146543570988 0.18064330903678283
0.18915802772950316 0.21187342989024008
0.11045073542553667 0.12980308493295986
0.14616011863050943 0.17000295025741555
0.1568817241524978 0.18964588763733284
0.11702790754063054 0.14633207038444104
0.16450612314191193 0.19019651944055338
0.17083594940279895 0.2018731900450882
0.12566333407119015 0.15249901657086248
0.11188703304775167 0.1413880916937636
0.16125103828770104 0.1895366555518045
0.1398488151479084 0.17562636550230726
0.1642122104892172 0.19919407401611558
0.1400909932635047 0.16823124770836098
0.16857251034184323 0.1995343769169482
0.13473936733753242 0.1482362370030364
